ts_code,trade_date,open,high,low,close,pre_close,change,pct_chg,vol,amount
600614.SH,20200225,1.4,1.43,1.39,1.4,1.46,-0.06000000000000005,-4.1096,173798.78,24474.409
600614.SH,20200224,1.42,1.49,1.39,1.46,1.46,0.0,0.0,347530.28,49204.777
600614.SH,20200221,1.48,1.49,1.45,1.46,1.49,-0.030000000000000027,-2.0134,136667.16,20068.918
600614.SH,20200220,1.48,1.5,1.45,1.49,1.47,0.020000000000000018,1.3605,153724.44,22667.092
600614.SH,20200219,1.54,1.54,1.47,1.47,1.53,-0.06000000000000005,-3.9216,161229.61,24171.571
600614.SH,20200218,1.52,1.58,1.51,1.53,1.55,-0.020000000000000018,-1.2903,216617.36,33243.669
600614.SH,20200217,1.48,1.56,1.45,1.55,1.49,0.06000000000000005,4.0268,326219.78,49095.457
600614.SH,20200214,1.53,1.56,1.49,1.49,1.57,-0.08000000000000007,-5.0955,263112.0,39658.613
600614.SH,20200213,1.69,1.71,1.56,1.57,1.63,-0.05999999999999983,-3.681,466050.08,76133.575
600614.SH,20200212,1.56,1.63,1.55,1.63,1.55,0.07999999999999985,5.1613,286408.06,46306.227
600614.SH,20200211,1.45,1.55,1.43,1.55,1.48,0.07000000000000006,4.7297,291982.78,44288.334
600614.SH,20200210,1.43,1.5,1.37,1.48,1.44,0.040000000000000036,2.7778,353261.72,50289.368
600614.SH,20200207,1.48,1.49,1.43,1.44,1.5,-0.06000000000000005,-4.0,265222.0,38044.102
600614.SH,20200206,1.57,1.6,1.5,1.5,1.58,-0.08000000000000007,-5.0633,309121.02,46794.536
600614.SH,20200205,1.58,1.7,1.56,1.58,1.63,-0.04999999999999982,-3.0675,277248.05,44930.311
600614.SH,20200204,1.62,1.68,1.62,1.63,1.7,-0.07000000000000006,-4.1176,294611.19,47852.418
600614.SH,20200203,1.7,1.7,1.7,1.7,1.79,-0.09000000000000008,-5.0279,8902.0,1513.34
600614.SH,20200123,1.73,1.8,1.71,1.79,1.78,0.010000000000000009,0.5618,169510.08,29691.345
600614.SH,20200122,1.63,1.81,1.63,1.78,1.72,0.06000000000000005,3.4884,326105.04,55449.837
600614.SH,20200121,1.75,1.79,1.72,1.72,1.81,-0.09000000000000008,-4.9724,240388.0,41589.096
600614.SH,20200120,1.88,1.91,1.8,1.81,1.88,-0.06999999999999984,-3.7234,248674.52,45964.816
600614.SH,20200117,1.95,1.97,1.88,1.88,1.97,-0.09000000000000008,-4.5685,281444.84,53480.716
600614.SH,20200116,2.05,2.06,1.95,1.97,2.03,-0.05999999999999983,-2.9557,342399.26,68408.586
600614.SH,20200115,1.98,2.03,1.9,2.03,1.93,0.09999999999999987,5.1813,452255.84,89978.23
600614.SH,20200114,2.07,2.07,1.9,1.93,1.97,-0.040000000000000036,-2.0305,510546.0,102310.02
600614.SH,20200113,1.85,1.97,1.85,1.97,1.88,0.09000000000000008,4.7872,280090.77,54269.051
600614.SH,20200110,1.89,2.03,1.88,1.88,1.98,-0.10000000000000009,-5.0505,520567.55,98800.99
600614.SH,20200109,2.03,2.12,1.98,1.98,2.08,-0.10000000000000009,-4.8077,677105.92,136741.349
600614.SH,20200108,2.06,2.08,1.88,2.08,1.98,0.10000000000000009,5.0505,821201.33,168162.767
600614.SH,20200107,1.96,1.98,1.93,1.98,1.89,0.09000000000000008,4.7619,336794.6,66537.791
600614.SH,20200106,1.87,1.89,1.8,1.89,1.8,0.08999999999999986,5.0,474840.14,88851.101
600614.SH,20200103,1.8,1.8,1.72,1.8,1.71,0.09000000000000008,5.2632,500849.1,89881.057
600614.SH,20200102,1.55,1.71,1.55,1.71,1.63,0.08000000000000007,4.908,316042.03,50905.264
600614.SH,20191231,1.63,1.63,1.63,1.63,1.72,-0.09000000000000008,-5.2326,67508.0,11003.804
600614.SH,20191230,1.72,1.72,1.72,1.72,1.81,-0.09000000000000008,-4.9724,66752.0,11481.344
600614.SH,20191227,1.84,1.88,1.81,1.81,1.91,-0.09999999999999987,-5.2356,645634.49,117587.367
600614.SH,20191226,1.95,2.03,1.84,1.91,1.94,-0.030000000000000027,-1.5464,776122.05,150037.58
600614.SH,20191225,1.94,1.94,1.76,1.94,1.85,0.08999999999999986,4.8649,751876.49,137671.185
600614.SH,20191224,1.85,1.85,1.85,1.85,1.76,0.09000000000000008,5.1136,10619.02,1964.519
600614.SH,20191223,1.76,1.76,1.76,1.76,1.68,0.08000000000000007,4.7619,22996.0,4047.296
600614.SH,20191220,1.68,1.68,1.68,1.68,1.6,0.07999999999999985,5.0,31408.02,5276.547
600614.SH,20191219,1.6,1.6,1.6,1.6,1.52,0.08000000000000007,5.2632,27917.06,4466.73
600614.SH,20191218,1.52,1.52,1.49,1.52,1.45,0.07000000000000006,4.8276,117657.0,17846.682
600614.SH,20191217,1.38,1.45,1.36,1.45,1.38,0.07000000000000006,5.0725,229897.73,32640.092
600614.SH,20191216,1.35,1.38,1.26,1.38,1.31,0.06999999999999984,5.3435,681367.81,92479.662
600614.SH,20191213,1.31,1.31,1.31,1.31,1.25,0.06000000000000005,4.8,32162.0,4213.222
600614.SH,20191212,1.22,1.25,1.21,1.25,1.19,0.06000000000000005,5.042,147388.58,18262.428
600614.SH,20191211,1.1,1.19,1.1,1.19,1.13,0.06000000000000005,5.3097,398627.08,46488.157
600614.SH,20191210,1.08,1.14,1.07,1.13,1.11,0.019999999999999796,1.8018,431424.6,47742.89
600614.SH,20191209,1.09,1.11,1.02,1.11,1.06,0.050000000000000044,4.717,901403.66,98058.532
600614.SH,20191206,1.06,1.06,1.06,1.06,1.01,0.050000000000000044,4.9505,37379.52,3962.229
600614.SH,20191205,1.01,1.01,1.01,1.01,0.96,0.050000000000000044,5.2083,31284.18,3159.702
600614.SH,20191204,0.96,0.96,0.96,0.96,0.91,0.04999999999999993,5.4945,17139.58,1645.4
600614.SH,20191203,0.91,0.91,0.91,0.91,0.87,0.040000000000000036,4.5977,67634.06,6154.699
600614.SH,20191202,0.89,0.93,0.87,0.87,0.92,-0.050000000000000044,-5.4348,505255.86,45148.687
600614.SH,20191129,0.84,0.92,0.84,0.92,0.88,0.040000000000000036,4.5455,666199.89,59255.955
600614.SH,20191128,0.88,0.88,0.88,0.88,0.93,-0.050000000000000044,-5.3763,51753.0,4554.264
600614.SH,20191127,0.96,0.96,0.93,0.93,0.98,-0.04999999999999993,-5.102,170215.0,15950.697
600614.SH,20191126,0.97,1.02,0.97,0.98,0.99,-0.010000000000000009,-1.0101,321249.0,31935.433
600614.SH,20191125,0.94,1.0,0.93,0.99,0.95,0.040000000000000036,4.2105,352470.0,34451.913
600614.SH,20191122,1.0,1.0,0.94,0.95,0.97,-0.020000000000000018,-2.0619,494388.14,48112.424
600614.SH,20191121,0.97,0.97,0.97,0.97,0.92,0.04999999999999993,5.4348,43796.0,4248.212
600614.SH,20191120,0.89,0.92,0.88,0.92,0.88,0.040000000000000036,4.5455,238178.53,21598.236
600614.SH,20191119,0.84,0.88,0.81,0.88,0.84,0.040000000000000036,4.7619,465691.29,39860.439
600614.SH,20191118,0.87,0.89,0.84,0.84,0.88,-0.040000000000000036,-4.5455,534973.87,45872.889
600614.SH,20191115,0.88,0.93,0.86,0.88,0.9,-0.020000000000000018,-2.2222,498342.92,44197.135
600614.SH,20191114,0.91,0.93,0.9,0.9,0.95,-0.04999999999999993,-5.2632,284144.46,25647.532
600614.SH,20191113,0.97,0.97,0.95,0.95,1.0,-0.050000000000000044,-5.0,311561.52,29690.631
600614.SH,20191112,1.04,1.05,1.0,1.0,1.05,-0.050000000000000044,-4.7619,355215.08,35840.577
600614.SH,20191111,1.07,1.07,1.04,1.05,1.07,-0.020000000000000018,-1.8692,116120.28,12230.167
600614.SH,20191108,1.08,1.09,1.06,1.07,1.08,-0.010000000000000009,-0.9259,102688.02,10981.656
600614.SH,20191107,1.06,1.11,1.05,1.08,1.06,0.020000000000000018,1.8868,140124.04,15148.604
600614.SH,20191106,1.05,1.07,1.04,1.06,1.06,0.0,0.0,131910.04,13936.75
600614.SH,20191105,1.06,1.07,1.04,1.06,1.06,0.0,0.0,120302.52,12707.882
600614.SH,20191104,1.07,1.1,1.06,1.06,1.06,0.0,0.0,133578.4,14357.964
600614.SH,20191101,1.07,1.07,1.05,1.06,1.07,-0.010000000000000009,-0.9346,117781.82,12476.297
600614.SH,20191031,1.08,1.1,1.06,1.07,1.08,-0.010000000000000009,-0.9259,119981.02,12922.993
600614.SH,20191030,1.11,1.12,1.08,1.08,1.12,-0.040000000000000036,-3.5714,119787.22,13110.129
600614.SH,20191029,1.11,1.14,1.09,1.12,1.12,0.0,0.0,166489.21,18477.247
600614.SH,20191028,1.11,1.15,1.1,1.12,1.11,0.010000000000000009,0.9009,107306.04,12038.958
600614.SH,20191025,1.11,1.12,1.09,1.11,1.12,-0.010000000000000009,-0.8929,121290.16,13379.227
600614.SH,20191024,1.12,1.13,1.1,1.12,1.12,0.0,0.0,90561.18,10082.632
600614.SH,20191023,1.13,1.13,1.11,1.12,1.13,-0.009999999999999787,-0.885,112121.0,12568.92
600614.SH,20191022,1.13,1.15,1.12,1.13,1.13,0.0,0.0,117225.07,13249.871
600614.SH,20191021,1.16,1.17,1.12,1.13,1.17,-0.040000000000000036,-3.4188,241982.02,27475.325
600614.SH,20191018,1.13,1.17,1.13,1.17,1.11,0.05999999999999983,5.4054,350922.7,40920.244
600614.SH,20191017,1.11,1.12,1.09,1.11,1.12,-0.010000000000000009,-0.8929,120196.77,13267.034
600614.SH,20191016,1.13,1.14,1.1,1.12,1.14,-0.019999999999999796,-1.7544,157186.77,17583.704
600614.SH,20191015,1.16,1.16,1.12,1.14,1.17,-0.030000000000000027,-2.5641,200444.77,22754.118
600614.SH,20191014,1.16,1.19,1.15,1.17,1.16,0.010000000000000009,0.8621,135343.47,15835.253
600614.SH,20191011,1.19,1.19,1.14,1.16,1.19,-0.030000000000000027,-2.521,202602.14,23535.871
600614.SH,20191010,1.19,1.21,1.17,1.19,1.19,0.0,0.0,147807.0,17611.051
600614.SH,20191009,1.19,1.2,1.17,1.19,1.21,-0.020000000000000018,-1.6529,178856.04,21160.482
600614.SH,20191008,1.16,1.21,1.14,1.21,1.15,0.06000000000000005,5.2174,307918.75,37005.703
600614.SH,20190930,1.17,1.18,1.15,1.15,1.17,-0.020000000000000018,-1.7094,117369.02,13652.354
600614.SH,20190927,1.17,1.2,1.17,1.17,1.18,-0.010000000000000009,-0.8475,145613.0,17243.243
600614.SH,20190926,1.23,1.24,1.18,1.18,1.23,-0.050000000000000044,-4.065,192782.73,23114.274
600614.SH,20190925,1.25,1.27,1.2,1.23,1.26,-0.030000000000000027,-2.381,237986.21,29374.565
600614.SH,20190924,1.25,1.28,1.24,1.26,1.26,0.0,0.0,137786.0,17340.175
600614.SH,20190923,1.29,1.31,1.24,1.26,1.28,-0.020000000000000018,-1.5625,206016.42,26201.852
600614.SH,20190920,1.24,1.3,1.23,1.28,1.24,0.040000000000000036,3.2258,235846.82,30041.566
600614.SH,20190919,1.27,1.27,1.22,1.24,1.27,-0.030000000000000027,-2.3622,242906.0,30117.767
600614.SH,20190918,1.29,1.32,1.26,1.27,1.28,-0.010000000000000009,-0.7813,248917.0,31993.233
600614.SH,20190917,1.24,1.32,1.24,1.28,1.26,0.020000000000000018,1.5873,343135.35,43985.646
600614.SH,20190916,1.33,1.33,1.25,1.26,1.3,-0.040000000000000036,-3.0769,415202.67,53215.254
600614.SH,20190912,1.24,1.3,1.23,1.3,1.24,0.06000000000000005,4.8387,433334.36,55114.266
600614.SH,20190911,1.19,1.24,1.17,1.24,1.18,0.06000000000000005,5.0847,356689.05,43846.143
600614.SH,20190910,1.18,1.2,1.16,1.18,1.2,-0.020000000000000018,-1.6667,244617.0,28929.344
600614.SH,20190909,1.2,1.21,1.16,1.2,1.2,0.0,0.0,349203.3,41517.67
600614.SH,20190906,1.23,1.25,1.2,1.2,1.26,-0.06000000000000005,-4.7619,703439.0,85361.809
600614.SH,20190905,1.26,1.26,1.26,1.26,1.2,0.06000000000000005,5.0,22895.79,2884.87
600614.SH,20190904,1.2,1.2,1.2,1.2,1.14,0.06000000000000005,5.2632,28962.2,3475.464
600614.SH,20190903,1.14,1.14,1.14,1.14,1.09,0.04999999999999982,4.5872,22220.69,2533.159
600614.SH,20190902,1.04,1.09,1.03,1.09,1.04,0.050000000000000044,4.8077,147645.44,15877.822
600614.SH,20190830,1.07,1.08,1.04,1.04,1.09,-0.050000000000000044,-4.5872,326119.81,34196.378
600614.SH,20190829,1.15,1.17,1.09,1.09,1.15,-0.05999999999999983,-5.2174,544647.3,60387.064
600614.SH,20190828,1.18,1.19,1.15,1.15,1.2,-0.050000000000000044,-4.1667,369122.02,43296.18
600614.SH,20190827,1.16,1.22,1.16,1.2,1.22,-0.020000000000000018,-1.6393,539224.78,63658.113
600614.SH,20190826,1.22,1.22,1.22,1.22,1.28,-0.06000000000000005,-4.6875,55031.0,6713.782
600614.SH,20190823,1.3,1.31,1.27,1.28,1.31,-0.030000000000000027,-2.2901,268773.33,34540.742
600614.SH,20190822,1.28,1.34,1.25,1.31,1.28,0.030000000000000027,2.3438,337074.51,43697.263
600614.SH,20190821,1.31,1.33,1.26,1.28,1.33,-0.050000000000000044,-3.7594,278168.17,35863.368
600614.SH,20190820,1.32,1.37,1.3,1.33,1.32,0.010000000000000009,0.7576,289702.0,38593.861
600614.SH,20190819,1.28,1.33,1.24,1.32,1.27,0.050000000000000044,3.937,486418.32,63175.075
600614.SH,20190816,1.28,1.32,1.27,1.27,1.34,-0.07000000000000006,-5.2239,551686.58,71028.795
600614.SH,20190815,1.34,1.34,1.34,1.34,1.41,-0.06999999999999984,-4.9645,35248.0,4723.232
600614.SH,20190814,1.48,1.5,1.41,1.41,1.48,-0.07000000000000006,-4.7297,327872.77,47251.404
600614.SH,20190813,1.53,1.54,1.48,1.48,1.56,-0.08000000000000007,-5.1282,214210.45,32059.42
600614.SH,20190812,1.57,1.59,1.51,1.56,1.55,0.010000000000000009,0.6452,144182.19,22445.429
600614.SH,20190809,1.61,1.65,1.55,1.55,1.63,-0.07999999999999985,-4.908,259343.0,41238.954
600614.SH,20190808,1.54,1.64,1.51,1.63,1.56,0.06999999999999984,4.4872,274807.75,43756.797
600614.SH,20190807,1.54,1.63,1.54,1.56,1.62,-0.06000000000000005,-3.7037,401106.89,62318.82
600614.SH,20190806,1.62,1.62,1.62,1.62,1.7,-0.07999999999999985,-4.7059,23212.0,3760.344
600614.SH,20190805,1.8,1.81,1.7,1.7,1.79,-0.09000000000000008,-5.0279,214656.0,36721.94
600614.SH,20190802,1.86,1.86,1.79,1.79,1.88,-0.08999999999999986,-4.7872,190367.0,34548.849
600614.SH,20190801,1.84,1.93,1.83,1.88,1.92,-0.040000000000000036,-2.0833,183769.53,34441.869
600614.SH,20190731,1.99,2.0,1.92,1.92,2.02,-0.10000000000000009,-4.9505,268570.34,51728.449
600614.SH,20190730,2.11,2.12,2.0,2.02,2.1,-0.08000000000000007,-3.8095,310079.17,62932.405
600614.SH,20190729,2.13,2.16,2.09,2.1,2.14,-0.040000000000000036,-1.8692,117261.17,24807.073
600614.SH,20190726,2.17,2.17,2.11,2.14,2.15,-0.009999999999999787,-0.4651,164841.79,35341.574
600614.SH,20190725,2.05,2.15,2.05,2.15,2.05,0.10000000000000009,4.878,164704.22,35176.134
600614.SH,20190724,2.01,2.05,2.01,2.05,2.03,0.020000000000000018,0.9852,83296.64,16990.239
600614.SH,20190723,2.01,2.03,1.98,2.03,2.0,0.029999999999999805,1.5,66518.04,13319.235
600614.SH,20190722,2.07,2.09,1.99,2.0,2.03,-0.029999999999999805,-1.4778,123752.28,25095.48
600614.SH,20190719,2.04,2.07,2.02,2.03,2.04,-0.010000000000000231,-0.4902,83670.6,17166.571
600614.SH,20190718,2.07,2.1,2.04,2.04,2.09,-0.04999999999999982,-2.3923,99949.0,20606.244
600614.SH,20190717,2.2,2.22,2.08,2.09,2.15,-0.06000000000000005,-2.7907,142757.27,30609.226
600614.SH,20190716,2.08,2.2,2.06,2.15,2.1,0.04999999999999982,2.381,157740.31,33686.621
600614.SH,20190715,2.07,2.12,1.98,2.1,2.08,0.020000000000000018,0.9615,180607.13,37121.923
600614.SH,20190712,2.16,2.16,2.08,2.08,2.19,-0.10999999999999988,-5.0228,267466.0,55961.552
600614.SH,20190711,2.05,2.27,2.05,2.19,2.16,0.029999999999999805,1.3889,354990.94,76323.059
600614.SH,20190710,2.16,2.16,2.16,2.16,2.27,-0.10999999999999988,-4.8458,35505.0,7669.08
600614.SH,20190709,2.27,2.27,2.27,2.27,2.39,-0.1200000000000001,-5.0209,30236.0,6863.572
600614.SH,20190708,2.39,2.45,2.39,2.39,2.52,-0.1299999999999999,-5.1587,93635.0,22422.526
600614.SH,20190705,2.49,2.55,2.47,2.52,2.49,0.029999999999999805,1.2048,155095.12,39004.43
600614.SH,20190704,2.58,2.63,2.46,2.49,2.55,-0.05999999999999961,-2.3529,319774.86,80616.981
600614.SH,20190703,2.47,2.55,2.44,2.55,2.43,0.11999999999999966,4.9383,485907.23,122344.623
600614.SH,20190702,2.29,2.43,2.28,2.43,2.31,0.1200000000000001,5.1948,296428.37,71100.029
600614.SH,20190701,2.31,2.34,2.21,2.31,2.33,-0.020000000000000018,-0.8584,172616.42,39405.928
600614.SH,20190628,2.4,2.4,2.31,2.33,2.37,-0.040000000000000036,-1.6878,125782.73,29529.155
600614.SH,20190627,2.4,2.42,2.35,2.37,2.41,-0.040000000000000036,-1.6598,156877.51,37226.252
600614.SH,20190626,2.33,2.42,2.32,2.41,2.33,0.08000000000000007,3.4335,170757.71,40530.493
600614.SH,20190625,2.32,2.38,2.29,2.33,2.33,0.0,0.0,112686.0,26212.696
600614.SH,20190624,2.35,2.37,2.3,2.33,2.38,-0.04999999999999982,-2.1008,147430.31,34439.422
600614.SH,20190621,2.37,2.39,2.33,2.38,2.28,0.10000000000000009,4.386,261674.35,62117.721
600614.SH,20190620,2.35,2.36,2.28,2.28,2.35,-0.07000000000000028,-2.9787,177629.63,40909.003
600614.SH,20190619,2.42,2.46,2.3,2.35,2.38,-0.029999999999999805,-1.2605,137864.72,32477.99
600614.SH,20190618,2.4,2.41,2.37,2.38,2.42,-0.040000000000000036,-1.6529,132503.33,31568.35
600614.SH,20190617,2.36,2.46,2.35,2.42,2.36,0.06000000000000005,2.5424,199412.1,48269.328
600614.SH,20190614,2.42,2.48,2.35,2.36,2.39,-0.03000000000000025,-1.2552,269933.06,65059.866
600614.SH,20190613,2.46,2.5,2.31,2.39,2.39,0.0,0.0,423593.24,102298.798
600614.SH,20190612,2.26,2.39,2.26,2.39,2.28,0.11000000000000032,4.8246,202868.06,48046.711
600614.SH,20190611,2.32,2.35,2.21,2.28,2.32,-0.040000000000000036,-1.7241,395327.52,90420.159
600614.SH,20190610,2.46,2.51,2.32,2.32,2.44,-0.1200000000000001,-4.918,283329.33,66744.7
600614.SH,20190606,2.56,2.62,2.44,2.44,2.57,-0.1299999999999999,-5.0584,265793.71,65888.911
600614.SH,20190605,2.55,2.81,2.55,2.57,2.68,-0.11000000000000032,-4.1045,646088.82,169485.764
600614.SH,20190604,2.96,2.96,2.68,2.68,2.82,-0.13999999999999968,-4.9645,198381.0,57123.317
600614.SH,20190603,2.82,2.82,2.82,2.82,2.69,0.1299999999999999,4.8327,33229.0,9370.578
600614.SH,20190531,2.69,2.69,2.69,2.69,2.56,0.1299999999999999,5.0781,17979.0,4836.351
600614.SH,20190530,2.37,2.56,2.36,2.56,2.44,0.1200000000000001,4.918,356660.97,89327.313
600614.SH,20190529,2.2,2.44,2.2,2.44,2.32,0.1200000000000001,5.1724,954956.34,223010.91
600614.SH,20190528,2.32,2.32,2.32,2.32,2.44,-0.1200000000000001,-4.918,143458.0,33282.256
600614.SH,20190527,2.44,2.44,2.44,2.44,2.57,-0.1299999999999999,-5.0584,76963.0,18778.972
600614.SH,20190524,2.57,2.57,2.57,2.57,2.7,-0.13000000000000034,-4.8148,48381.0,12433.917
600614.SH,20190523,2.7,2.7,2.7,2.7,2.84,-0.13999999999999968,-4.9296,18444.0,4979.88
600614.SH,20190522,2.84,2.84,2.84,2.84,2.99,-0.15000000000000036,-5.0167,2196.0,623.664
600614.SH,20190521,2.99,2.99,2.99,2.99,3.15,-0.1599999999999997,-5.0794,8295.0,2480.205
600614.SH,20190520,3.15,3.15,3.15,3.15,3.32,-0.16999999999999993,-5.1205,3859.0,1215.585
600614.SH,20190517,3.32,3.32,3.32,3.32,3.49,-0.17000000000000037,-4.8711,6168.0,2047.776
600614.SH,20190516,3.49,3.49,3.49,3.49,3.67,-0.17999999999999972,-4.9046,10377.0,3621.573
600614.SH,20190515,3.67,3.67,3.67,3.67,3.86,-0.18999999999999995,-4.9223,6901.0,2532.667
600614.SH,20190514,3.86,3.86,3.86,3.86,4.06,-0.19999999999999973,-4.9261,6239.0,2408.254
600614.SH,20190513,4.06,4.06,4.06,4.06,4.27,-0.20999999999999996,-4.918,7270.0,2951.62
600614.SH,20190510,4.27,4.27,4.27,4.27,4.49,-0.22000000000000064,-4.8998,3914.0,1671.278
600614.SH,20190509,4.49,4.49,4.49,4.49,4.73,-0.2400000000000002,-5.074,1922.0,862.978
600614.SH,20190508,4.73,4.73,4.73,4.73,4.98,-0.25,-5.0201,2470.0,1168.31
600614.SH,20190507,4.98,4.98,4.98,4.98,5.24,-0.2599999999999998,-4.9618,1732.0,862.536
600614.SH,20190506,5.24,5.24,5.24,5.24,5.52,-0.27999999999999936,-5.0725,1092.0,572.208
600614.SH,20190430,5.52,5.52,5.52,5.52,5.81,-0.29000000000000004,-4.9914,2308.0,1274.016
600614.SH,20190429,5.81,5.81,5.81,5.81,6.12,-0.3100000000000005,-5.0654,1874.0,1088.794
600614.SH,20190425,6.58,6.58,6.03,6.12,6.62,-0.5,-7.5529,627767.69,395019.086
600614.SH,20190424,6.53,6.68,6.48,6.62,6.61,0.009999999999999787,0.1513,335111.83,221187.085
600614.SH,20190423,6.81,6.83,6.61,6.61,6.89,-0.27999999999999936,-4.0639,451305.29,302542.287
600614.SH,20190422,6.88,6.94,6.71,6.89,6.88,0.009999999999999787,0.1453,522528.15,356033.049
600614.SH,20190419,6.88,6.93,6.62,6.88,6.93,-0.04999999999999982,-0.7215,629510.9,426760.542
600614.SH,20190418,7.13,7.13,6.9,6.93,7.13,-0.20000000000000018,-2.805,574410.37,401112.678
600614.SH,20190417,7.02,7.23,6.98,7.13,7.1,0.03000000000000025,0.4225,709630.02,505116.061
600614.SH,20190416,6.82,7.13,6.72,7.1,6.91,0.1899999999999995,2.7496,732720.26,510512.93
600614.SH,20190415,7.23,7.25,6.83,6.91,7.14,-0.22999999999999954,-3.2213,780958.11,550950.919
600614.SH,20190412,7.06,7.22,6.9,7.14,7.05,0.08999999999999986,1.2766,731580.6,519536.018
600614.SH,20190411,7.48,7.56,7.05,7.05,7.83,-0.7800000000000002,-9.9617,1575397.07,1140471.019
600614.SH,20190410,8.87,8.87,7.83,7.83,8.7,-0.8699999999999992,-10.0,2150013.17,1728748.765
600614.SH,20190409,8.0,8.7,7.8,8.7,7.91,0.7899999999999991,9.9874,2439214.57,2042590.73
600614.SH,20190408,7.73,7.91,7.5,7.91,7.19,0.7199999999999998,10.0139,2257694.41,1766391.681
600614.SH,20190404,6.54,7.19,6.52,7.19,6.54,0.6500000000000004,9.9388,1278124.67,888452.185
600614.SH,20190403,6.6,6.65,6.41,6.54,6.69,-0.15000000000000036,-2.2422,695761.08,453626.389
600614.SH,20190402,6.58,6.99,6.38,6.69,6.4,0.29000000000000004,4.5313,1128044.76,749623.611
600614.SH,20190401,6.15,6.47,6.14,6.4,6.09,0.3100000000000005,5.0903,601226.38,381255.086
600614.SH,20190329,5.82,6.17,5.82,6.09,5.9,0.1899999999999995,3.2203,453225.85,273021.682
600614.SH,20190328,6.09,6.27,5.9,5.9,6.09,-0.1899999999999995,-3.1199,486715.75,296287.76
600614.SH,20190327,6.21,6.33,5.93,6.09,6.25,-0.16000000000000014,-2.56,534762.0,326507.845
600614.SH,20190326,6.75,6.88,6.2,6.25,6.77,-0.5199999999999996,-7.6809,938300.59,606059.676
600614.SH,20190325,6.4,7.15,6.34,6.77,6.55,0.21999999999999975,3.3588,1377817.96,939677.798
600614.SH,20190322,6.32,6.56,6.08,6.55,6.41,0.13999999999999968,2.1841,821987.45,518940.522
600614.SH,20190321,6.31,6.64,6.29,6.41,6.38,0.03000000000000025,0.4702,738175.59,477808.486
600614.SH,20190320,6.4,6.59,6.19,6.38,6.42,-0.040000000000000036,-0.6231,616496.02,394626.443
600614.SH,20190319,6.38,6.64,6.28,6.42,6.51,-0.08999999999999986,-1.3825,616444.5,396759.369
600614.SH,20190318,6.0,6.58,5.91,6.51,6.04,0.46999999999999975,7.7815,909331.6,581002.315
600614.SH,20190315,5.87,6.06,5.84,6.04,5.83,0.20999999999999996,3.6021,519480.61,309072.103
600614.SH,20190314,6.09,6.27,5.65,5.83,6.19,-0.3600000000000003,-5.8158,698153.43,413185.713
600614.SH,20190313,6.51,6.65,6.06,6.19,6.69,-0.5,-7.4738,859222.03,551533.444
600614.SH,20190312,6.56,6.76,6.43,6.69,6.5,0.1900000000000004,2.9231,968626.85,636990.402
600614.SH,20190311,6.27,6.59,6.16,6.5,6.45,0.04999999999999982,0.7752,828255.78,531334.629
600614.SH,20190308,6.71,7.09,6.45,6.45,7.17,-0.7199999999999998,-10.0418,1517415.25,1033151.681
600614.SH,20190307,6.44,7.17,6.31,7.17,6.52,0.6500000000000004,9.9693,1737599.66,1183345.881
600614.SH,20190306,6.53,6.76,6.21,6.52,6.53,-0.010000000000000675,-0.1531,1452951.35,942402.179
600614.SH,20190305,6.08,6.6,5.97,6.53,6.11,0.41999999999999993,6.874,1401007.29,882048.873
600614.SH,20190304,5.84,6.23,5.79,6.11,5.84,0.27000000000000046,4.6233,1158927.3,698995.277
600614.SH,20190301,5.72,5.89,5.49,5.84,5.71,0.1299999999999999,2.2767,873228.86,500866.964
600614.SH,20190228,5.88,5.96,5.61,5.71,5.75,-0.040000000000000036,-0.6957,820408.46,473040.753
600614.SH,20190227,5.8,6.17,5.75,5.75,6.39,-0.6399999999999997,-10.0156,1513109.28,894950.485
600614.SH,20190226,6.92,7.28,6.31,6.39,6.8,-0.41000000000000014,-6.0294,2214550.76,1532127.529
600614.SH,20190225,6.18,6.8,6.12,6.8,6.18,0.6200000000000001,10.0324,1820274.11,1184843.054
600614.SH,20190222,6.1,6.62,5.68,6.18,6.31,-0.1299999999999999,-2.0602,2039428.94,1235013.031
600614.SH,20190221,6.25,6.62,6.0,6.31,6.02,0.29000000000000004,4.8173,2291671.68,1465920.18
600614.SH,20190220,5.5,6.02,5.38,6.02,5.47,0.5499999999999998,10.0548,1806268.03,1047704.639
600614.SH,20190219,4.93,5.47,4.9,5.47,4.97,0.5,10.0604,1531695.25,797589.312
600614.SH,20190218,4.83,5.05,4.72,4.97,4.81,0.16000000000000014,3.3264,997376.84,488420.973
600614.SH,20190215,4.75,5.02,4.65,4.81,4.78,0.02999999999999936,0.6276,1057617.29,515152.517
600614.SH,20190214,4.69,4.85,4.55,4.78,4.72,0.0600000000000005,1.2712,970813.11,460932.972
600614.SH,20190213,4.7,4.76,4.53,4.72,4.63,0.08999999999999986,1.9438,917719.0,427497.707
600614.SH,20190212,4.79,4.83,4.51,4.63,4.6,0.03000000000000025,0.6522,1076059.59,502429.34
600614.SH,20190211,4.31,4.6,4.26,4.6,4.18,0.41999999999999993,10.0478,627604.68,282050.705
600614.SH,20190201,4.02,4.23,4.01,4.18,4.03,0.14999999999999947,3.7221,637502.48,264046.758
600614.SH,20190131,4.03,4.26,4.03,4.03,4.48,-0.4500000000000002,-10.0446,735817.19,301983.395
600614.SH,20190130,4.69,4.78,4.45,4.48,4.72,-0.23999999999999932,-5.0847,513030.46,236239.613
600614.SH,20190129,4.8,4.87,4.55,4.72,4.86,-0.14000000000000057,-2.8807,467728.83,220678.583
600614.SH,20190128,4.95,4.97,4.8,4.86,4.87,-0.009999999999999787,-0.2053,481775.82,235721.527
600614.SH,20190125,5.25,5.27,4.8,4.87,5.31,-0.4399999999999995,-8.2863,1036790.5,519707.94
600614.SH,20190124,5.41,5.44,5.28,5.31,5.41,-0.10000000000000053,-1.8484,647097.62,346046.624
600614.SH,20190123,5.53,5.6,5.34,5.41,5.57,-0.16000000000000014,-2.8725,862930.06,469631.12
600614.SH,20190122,5.63,5.79,5.53,5.57,5.72,-0.14999999999999947,-2.6224,909923.97,512279.972
600614.SH,20190121,5.75,6.1,5.6,5.72,6.1,-0.3799999999999999,-6.2295,1153210.49,667203.109
600614.SH,20190118,6.6,6.74,6.1,6.1,6.78,-0.6800000000000006,-10.0295,1874488.09,1180090.111
600614.SH,20190117,6.04,6.78,6.04,6.78,6.16,0.6200000000000001,10.0649,2023529.74,1307634.743
600614.SH,20190116,6.7,6.95,6.08,6.16,6.45,-0.29000000000000004,-4.4961,2275956.33,1495463.557
600614.SH,20190115,5.6,6.45,5.52,6.45,5.86,0.5899999999999999,10.0683,1695617.86,1036130.467
600614.SH,20190114,5.65,5.86,5.25,5.86,5.7,0.16000000000000014,2.807,1695052.45,943760.596
600614.SH,20190111,5.16,6.23,5.15,5.7,5.72,-0.019999999999999574,-0.3497,2136148.92,1184113.616
600614.SH,20190110,5.73,6.02,5.72,5.72,6.35,-0.6299999999999999,-9.9213,1242536.32,723576.501
600614.SH,20190109,6.0,6.38,5.45,6.35,5.8,0.5499999999999998,9.4828,2612728.24,1555773.321
600614.SH,20190108,5.8,5.8,5.8,5.8,5.27,0.5300000000000002,10.0569,157783.96,91514.697
600614.SH,20190107,5.27,5.27,5.27,5.27,4.79,0.47999999999999954,10.0209,15306.2,8066.367
600614.SH,20190104,4.79,4.79,4.79,4.79,4.35,0.4400000000000004,10.1149,47280.46,22647.34
600614.SH,20190103,4.33,4.35,4.27,4.35,3.95,0.39999999999999947,10.1266,247308.28,107058.911
600614.SH,20190102,3.85,3.95,3.75,3.95,3.59,0.3600000000000003,10.0279,502517.27,195938.402
600614.SH,20181228,3.45,3.59,3.42,3.59,3.26,0.33000000000000007,10.1227,285418.16,101407.073
600614.SH,20181227,3.37,3.38,3.26,3.26,3.31,-0.050000000000000266,-1.5106,171575.0,57252.059
600614.SH,20181226,3.37,3.38,3.3,3.31,3.36,-0.04999999999999982,-1.4881,106533.58,35477.002
600614.SH,20181225,3.36,3.39,3.23,3.36,3.42,-0.06000000000000005,-1.7544,163458.55,54034.643
600614.SH,20181224,3.44,3.46,3.37,3.42,3.43,-0.010000000000000231,-0.2915,118655.69,40463.303
600614.SH,20181221,3.4,3.48,3.39,3.43,3.4,0.03000000000000025,0.8824,117282.22,40186.973
600614.SH,20181220,3.37,3.43,3.33,3.4,3.4,0.0,0.0,123740.27,41926.536
600614.SH,20181219,3.45,3.46,3.37,3.4,3.41,-0.010000000000000231,-0.2933,146091.28,49799.508
600614.SH,20181218,3.4,3.5,3.35,3.41,3.49,-0.08000000000000007,-2.2923,205299.71,70100.951
600614.SH,20181217,3.46,3.55,3.45,3.49,3.45,0.040000000000000036,1.1594,98966.2,34557.931
600614.SH,20181214,3.65,3.67,3.45,3.45,3.65,-0.19999999999999973,-5.4795,177003.82,62629.013
600614.SH,20181213,3.66,3.7,3.61,3.65,3.65,0.0,0.0,135632.78,49605.354
600614.SH,20181212,3.72,3.73,3.62,3.65,3.71,-0.06000000000000005,-1.6173,150394.73,55010.696
600614.SH,20181211,3.64,3.74,3.61,3.71,3.62,0.08999999999999986,2.4862,171631.73,63172.45
600614.SH,20181210,3.69,3.77,3.61,3.62,3.71,-0.08999999999999986,-2.4259,141897.22,52150.866
600614.SH,20181207,3.75,3.78,3.67,3.71,3.72,-0.010000000000000231,-0.2688,122815.59,45616.782
600614.SH,20181206,3.7,3.8,3.65,3.72,3.79,-0.06999999999999984,-1.847,212549.84,79038.271
600614.SH,20181205,3.78,3.86,3.76,3.79,3.9,-0.10999999999999988,-2.8205,263973.66,100550.431
600614.SH,20181204,3.81,3.99,3.77,3.9,3.8,0.10000000000000009,2.6316,393549.74,153010.931
600614.SH,20181203,3.82,3.9,3.73,3.8,3.73,0.06999999999999984,1.8767,457568.61,174456.084
600614.SH,20181130,3.8,3.86,3.6,3.73,3.93,-0.20000000000000018,-5.0891,564692.2,209672.29
600614.SH,20181129,3.64,3.98,3.63,3.93,3.62,0.31000000000000005,8.5635,742208.52,289524.815
600614.SH,20181128,3.59,3.65,3.25,3.62,3.58,0.040000000000000036,1.1173,385080.32,133185.044
600614.SH,20181127,3.62,3.65,3.53,3.58,3.59,-0.009999999999999787,-0.2786,163100.54,58624.103
600614.SH,20181126,3.59,3.69,3.53,3.59,3.7,-0.11000000000000032,-2.973,228675.35,82419.476
600614.SH,20181123,4.0,4.1,3.7,3.7,4.11,-0.41000000000000014,-9.9757,543803.9,206483.397
600614.SH,20181122,4.29,4.33,4.05,4.11,4.21,-0.09999999999999964,-2.3753,333546.3,138331.953
600614.SH,20181121,3.85,4.24,3.8,4.21,3.96,0.25,6.3131,425336.95,173903.257
600614.SH,20181120,4.19,4.19,3.96,3.96,4.23,-0.27000000000000046,-6.383,364999.06,148865.699
600614.SH,20181119,4.18,4.32,4.12,4.23,4.24,-0.009999999999999787,-0.2358,369299.76,155014.366
600614.SH,20181116,4.05,4.4,4.03,4.24,4.08,0.16000000000000014,3.9216,627471.37,264003.346
600614.SH,20181115,3.99,4.11,3.96,4.08,4.03,0.04999999999999982,1.2407,390989.59,158067.829
600614.SH,20181114,4.01,4.11,3.9,4.03,4.04,-0.009999999999999787,-0.2475,422192.39,169000.289
600614.SH,20181113,3.86,4.17,3.82,4.04,3.91,0.1299999999999999,3.3248,565286.0,226554.517
600614.SH,20181112,3.67,3.91,3.65,3.91,3.7,0.20999999999999996,5.6757,433856.54,165494.32
600614.SH,20181109,3.69,3.87,3.69,3.7,3.74,-0.040000000000000036,-1.0695,271426.69,102468.249
600614.SH,20181108,3.8,3.86,3.71,3.74,3.83,-0.08999999999999986,-2.3499,312810.45,117970.626
600614.SH,20181107,3.8,3.93,3.76,3.83,3.81,0.020000000000000018,0.5249,463608.07,178716.882
600614.SH,20181106,3.77,3.84,3.71,3.81,3.83,-0.020000000000000018,-0.5222,337868.86,127588.243
600614.SH,20181105,3.64,3.98,3.61,3.83,3.67,0.16000000000000014,4.3597,565551.82,215091.842
600614.SH,20181102,3.63,3.74,3.59,3.67,3.6,0.06999999999999984,1.9444,517345.07,189520.07
600614.SH,20181101,4.0,4.0,3.6,3.6,3.64,-0.040000000000000036,-1.0989,863067.98,329011.645
600614.SH,20181031,3.38,3.64,3.35,3.64,3.31,0.33000000000000007,9.9698,341599.56,120107.325
600614.SH,20181030,3.26,3.36,3.12,3.31,3.25,0.06000000000000005,1.8462,240594.74,78633.23
600614.SH,20181029,3.33,3.36,3.21,3.25,3.31,-0.06000000000000005,-1.8127,201715.5,66396.371
600614.SH,20181026,3.42,3.49,3.27,3.31,3.34,-0.029999999999999805,-0.8982,306713.74,103823.848
600614.SH,20181025,3.26,3.36,3.15,3.34,3.39,-0.050000000000000266,-1.4749,277024.64,90237.362
600614.SH,20181024,3.34,3.49,3.32,3.39,3.45,-0.06000000000000005,-1.7391,317310.71,107522.605
600614.SH,20181023,3.5,3.67,3.41,3.45,3.45,0.0,0.0,460770.73,162223.278
600614.SH,20181022,3.33,3.55,3.32,3.45,3.3,0.15000000000000036,4.5455,447014.72,153906.56
600614.SH,20181019,3.11,3.34,3.09,3.3,3.21,0.08999999999999986,2.8037,322161.92,104499.898
600614.SH,20181018,3.47,3.47,3.18,3.21,3.53,-0.31999999999999984,-9.0652,422185.04,138545.142
600614.SH,20181017,3.55,3.64,3.48,3.53,3.5,0.029999999999999805,0.8571,322720.27,114728.417
600614.SH,20181016,3.67,3.7,3.42,3.5,3.72,-0.2200000000000002,-5.914,464369.06,165566.411
600614.SH,20181015,3.72,3.89,3.72,3.72,4.13,-0.4099999999999997,-9.9274,603242.78,227753.079
600614.SH,20181012,4.49,4.54,4.12,4.13,4.58,-0.4500000000000002,-9.8253,816996.88,346488.681
600614.SH,20181011,4.72,4.88,4.58,4.58,5.09,-0.5099999999999998,-10.0196,522226.96,245668.912
600614.SH,20181010,5.2,5.33,5.05,5.09,5.24,-0.15000000000000036,-2.8626,456618.05,235749.72
600614.SH,20181009,5.2,5.33,5.03,5.24,5.51,-0.2699999999999996,-4.9002,733772.87,380547.471
600614.SH,20181008,5.25,5.67,5.22,5.51,5.15,0.35999999999999943,6.9903,1174767.33,644875.075
600614.SH,20180928,4.67,5.15,4.61,5.15,4.68,0.47000000000000064,10.0427,431964.08,210453.747
600614.SH,20180927,4.5,4.89,4.46,4.68,4.49,0.1899999999999995,4.2316,387820.43,180509.449
600614.SH,20180926,4.52,4.55,4.47,4.49,4.52,-0.02999999999999936,-0.6637,112757.33,50860.665
600614.SH,20180925,4.57,4.6,4.51,4.52,4.56,-0.040000000000000036,-0.8772,107487.6,48808.836
600614.SH,20180921,4.57,4.63,4.43,4.56,4.56,0.0,0.0,191515.47,87208.889
600614.SH,20180920,4.52,4.69,4.46,4.56,4.5,0.05999999999999961,1.3333,282006.36,129017.288
600614.SH,20180919,4.28,4.71,4.26,4.5,4.28,0.21999999999999975,5.1402,261933.94,118316.133
600614.SH,20180918,4.17,4.33,4.07,4.28,4.19,0.08999999999999986,2.148,118549.3,50181.47
600614.SH,20180917,4.44,4.44,4.17,4.19,4.48,-0.29000000000000004,-6.4732,177819.62,75668.16
600614.SH,20180914,4.51,4.6,4.45,4.48,4.5,-0.019999999999999574,-0.4444,129857.7,58651.215
600614.SH,20180913,4.51,4.52,4.38,4.5,4.47,0.03000000000000025,0.6711,119850.62,53391.849
600614.SH,20180912,4.4,4.55,4.38,4.47,4.41,0.05999999999999961,1.3605,116580.31,52170.786
600614.SH,20180911,4.37,4.47,4.3,4.41,4.37,0.040000000000000036,0.9153,93000.61,40872.325
600614.SH,20180910,4.53,4.55,4.35,4.37,4.55,-0.17999999999999972,-3.956,117671.59,52093.077
600614.SH,20180907,4.43,4.55,4.4,4.55,4.4,0.14999999999999947,3.4091,137880.15,61750.115
600614.SH,20180906,4.47,4.53,4.4,4.4,4.52,-0.11999999999999922,-2.6549,90757.94,40492.67
600614.SH,20180905,4.53,4.64,4.49,4.52,4.53,-0.010000000000000675,-0.2208,99568.0,45366.566
600614.SH,20180904,4.45,4.63,4.41,4.53,4.45,0.08000000000000007,1.7978,118462.43,53836.368
600614.SH,20180903,4.36,4.52,4.3,4.45,4.36,0.08999999999999986,2.0642,102070.23,44741.935
600614.SH,20180831,4.46,4.51,4.33,4.36,4.45,-0.08999999999999986,-2.0225,74341.45,32883.4
600614.SH,20180830,4.58,4.6,4.42,4.45,4.56,-0.10999999999999943,-2.4123,71136.3,32126.572
600614.SH,20180829,4.62,4.65,4.54,4.56,4.65,-0.09000000000000075,-1.9355,82312.99,37647.126
600614.SH,20180828,4.59,4.71,4.54,4.65,4.58,0.07000000000000028,1.5284,127382.04,58939.307
600614.SH,20180827,4.5,4.65,4.46,4.58,4.52,0.0600000000000005,1.3274,109880.69,50158.196
600614.SH,20180824,4.55,4.56,4.44,4.52,4.57,-0.05000000000000071,-1.0941,86440.02,38828.117
600614.SH,20180823,4.6,4.63,4.51,4.57,4.6,-0.02999999999999936,-0.6522,81684.0,37334.71
600614.SH,20180822,4.61,4.64,4.56,4.6,4.58,0.019999999999999574,0.4367,52770.81,24239.149
600614.SH,20180821,4.58,4.64,4.54,4.58,4.56,0.020000000000000462,0.4386,101460.5,46617.96
600614.SH,20180820,4.48,4.61,4.43,4.56,4.49,0.0699999999999994,1.559,123374.82,55988.164
600614.SH,20180817,4.84,4.9,4.37,4.49,4.82,-0.33000000000000007,-6.8465,133409.97,62298.337
600614.SH,20180816,4.85,4.9,4.78,4.82,4.91,-0.08999999999999986,-1.833,84753.15,41008.89
600614.SH,20180815,5.09,5.12,4.88,4.91,5.12,-0.20999999999999996,-4.1016,177571.79,88464.792
600614.SH,20180814,4.98,5.4,4.91,5.12,4.97,0.15000000000000036,3.0181,218948.65,112325.858
600614.SH,20180813,4.9,4.99,4.84,4.97,4.96,0.009999999999999787,0.2016,85965.36,42156.695
600614.SH,20180810,4.88,5.0,4.88,4.96,4.91,0.04999999999999982,1.0183,74308.04,36754.377
600614.SH,20180809,4.84,4.99,4.81,4.91,4.82,0.08999999999999986,1.8672,129579.61,63753.021
600614.SH,20180808,5.05,5.06,4.81,4.82,5.05,-0.22999999999999954,-4.5545,105665.75,52160.61
600614.SH,20180807,4.97,5.06,4.88,5.05,4.94,0.10999999999999943,2.2267,89163.69,44407.073
600614.SH,20180806,5.03,5.03,4.84,4.94,4.96,-0.019999999999999574,-0.4032,80257.38,39719.506
600614.SH,20180803,5.08,5.16,4.95,4.96,5.09,-0.1299999999999999,-2.554,82953.58,41984.307
600614.SH,20180802,5.31,5.35,4.91,5.09,5.35,-0.2599999999999998,-4.8598,156310.61,79703.505
600614.SH,20180801,5.47,5.54,5.34,5.35,5.43,-0.08000000000000007,-1.4733,95705.52,52123.533
600614.SH,20180731,5.34,5.47,5.31,5.43,5.35,0.08000000000000007,1.4953,84922.63,46047.627
600614.SH,20180730,5.49,5.5,5.25,5.35,5.57,-0.22000000000000064,-3.9497,137836.05,74143.344
600614.SH,20180727,5.63,5.77,5.5,5.57,5.65,-0.08000000000000007,-1.4159,157309.36,88738.426
600614.SH,20180726,5.66,5.81,5.63,5.65,5.63,0.020000000000000462,0.3552,183142.14,104549.512
600614.SH,20180725,5.58,5.68,5.51,5.63,5.53,0.09999999999999964,1.8083,174872.55,97994.033
600614.SH,20180724,5.38,5.58,5.38,5.53,5.41,0.1200000000000001,2.2181,148629.94,81820.49
600614.SH,20180723,5.33,5.49,5.32,5.41,5.35,0.0600000000000005,1.1215,80932.09,43792.957
600614.SH,20180720,5.3,5.4,5.19,5.35,5.33,0.019999999999999574,0.3752,91154.89,48448.739
600614.SH,20180719,5.51,5.58,5.31,5.33,5.51,-0.17999999999999972,-3.2668,109728.69,59387.725
600614.SH,20180718,5.43,5.63,5.4,5.51,5.44,0.0699999999999994,1.2868,164528.27,91134.478
600614.SH,20180717,5.42,5.48,5.33,5.44,5.46,-0.019999999999999574,-0.3663,83389.02,45035.651
600614.SH,20180716,5.42,5.5,5.31,5.46,5.45,0.009999999999999787,0.1835,105257.46,56943.425
600614.SH,20180713,5.59,5.59,5.43,5.45,5.59,-0.13999999999999968,-2.5045,153823.11,84317.801
600614.SH,20180712,5.38,5.66,5.38,5.59,5.4,0.1899999999999995,3.5185,184724.5,102489.456
600614.SH,20180711,5.59,5.59,5.23,5.4,5.66,-0.2599999999999998,-4.5936,179435.7,96940.069
600614.SH,20180710,5.62,5.82,5.55,5.66,5.64,0.020000000000000462,0.3546,234204.12,132657.412
600614.SH,20180709,5.6,5.8,5.38,5.64,5.41,0.22999999999999954,4.2514,359472.25,200780.496
600614.SH,20180706,5.0,5.41,4.96,5.41,4.92,0.4900000000000002,9.9593,289571.53,153978.303
600614.SH,20180705,5.47,5.52,4.9,4.92,5.44,-0.5200000000000005,-9.5588,120540.17,63033.325
600614.SH,20180704,5.61,5.61,5.39,5.44,5.61,-0.16999999999999993,-3.0303,79444.59,43548.829
600614.SH,20180703,5.61,5.65,5.35,5.61,5.61,0.0,0.0,117593.68,65061.487
600614.SH,20180702,5.69,5.72,5.46,5.61,5.71,-0.09999999999999964,-1.7513,116454.03,65298.164
600614.SH,20180629,5.52,5.73,5.48,5.71,5.49,0.21999999999999975,4.0073,120249.75,67638.467
600614.SH,20180628,5.7,5.72,5.46,5.49,5.66,-0.16999999999999993,-3.0035,103904.72,58433.063
600614.SH,20180627,5.49,5.98,5.46,5.66,5.46,0.20000000000000018,3.663,215611.39,123229.682
600614.SH,20180626,5.28,5.54,5.21,5.46,5.37,0.08999999999999986,1.676,107154.61,57805.325
600614.SH,20180625,5.5,5.6,5.36,5.37,5.46,-0.08999999999999986,-1.6484,93826.63,51419.678
600614.SH,20180622,5.37,5.55,5.27,5.46,5.37,0.08999999999999986,1.676,117589.26,63796.172
600614.SH,20180621,5.89,5.97,5.33,5.37,5.92,-0.5499999999999998,-9.2905,138059.79,77792.091
600614.SH,20180620,5.81,6.06,5.62,5.92,5.91,0.009999999999999787,0.1692,121644.71,71293.238
600614.SH,20180619,6.28,6.37,5.91,5.91,6.57,-0.6600000000000001,-10.0457,166013.73,100771.897
600614.SH,20180615,6.81,7.01,6.11,6.57,6.79,-0.21999999999999975,-3.2401,287034.56,181158.99
600614.SH,20180614,6.84,6.95,6.77,6.79,6.84,-0.04999999999999982,-0.731,68914.25,47030.861
600614.SH,20180613,6.98,7.08,6.83,6.84,7.03,-0.1900000000000004,-2.7027,72922.0,50510.507
600614.SH,20180612,6.98,7.07,6.95,7.03,7.06,-0.02999999999999936,-0.4249,54675.33,38306.762
600614.SH,20180611,6.95,7.08,6.85,7.06,6.99,0.0699999999999994,1.0014,92547.07,64509.238
600614.SH,20180608,7.2,7.2,6.97,6.99,7.2,-0.20999999999999996,-2.9167,90448.95,63658.944
600614.SH,20180607,7.0,7.35,6.87,7.2,6.99,0.20999999999999996,3.0043,188006.1,134106.112
600614.SH,20180606,7.1,7.1,6.92,6.99,7.08,-0.08999999999999986,-1.2712,76388.9,53478.437
600614.SH,20180605,7.07,7.09,7.01,7.08,7.0,0.08000000000000007,1.1429,58936.89,41578.511
600614.SH,20180604,7.05,7.1,6.96,7.0,7.01,-0.009999999999999787,-0.1427,77462.78,54523.442
600614.SH,20180601,7.23,7.25,6.93,7.01,7.19,-0.1800000000000006,-2.5035,120878.03,85265.734
600614.SH,20180531,7.18,7.3,7.07,7.19,7.15,0.040000000000000036,0.5594,92541.45,66340.456
600614.SH,20180530,7.2,7.48,7.1,7.15,7.3,-0.14999999999999947,-2.0548,147044.82,106720.517
600614.SH,20180529,7.24,7.45,7.19,7.3,7.19,0.10999999999999943,1.5299,144852.85,106643.422
600614.SH,20180528,7.42,7.57,7.12,7.19,7.54,-0.34999999999999964,-4.6419,168510.05,122741.507
600614.SH,20180525,7.64,7.65,7.52,7.54,7.62,-0.08000000000000007,-1.0499,88216.16,66854.485
600614.SH,20180524,7.55,7.77,7.53,7.62,7.52,0.10000000000000053,1.3298,139525.52,106690.87
600614.SH,20180523,7.74,7.74,7.5,7.52,7.74,-0.22000000000000064,-2.8424,168494.58,128036.52
600614.SH,20180522,7.76,7.82,7.67,7.74,7.79,-0.04999999999999982,-0.6418,146464.94,113306.253
600614.SH,20180521,7.89,8.06,7.68,7.79,7.86,-0.07000000000000028,-0.8906,325672.35,253462.073
600614.SH,20180518,7.99,8.12,7.82,7.86,7.81,0.05000000000000071,0.6402,405453.31,322800.043
600614.SH,20180517,7.8,8.21,7.65,7.81,7.83,-0.020000000000000462,-0.2554,479139.94,378776.906
600614.SH,20180516,7.53,8.15,7.25,7.83,7.47,0.3600000000000003,4.8193,715288.19,548702.179
600614.SH,20180515,6.82,7.47,6.74,7.47,6.79,0.6799999999999997,10.0147,499267.53,361318.923
600614.SH,20180514,6.87,6.96,6.74,6.79,6.83,-0.040000000000000036,-0.5857,221398.59,151259.901
600614.SH,20180511,7.22,7.22,6.82,6.83,7.22,-0.3899999999999997,-5.4017,262789.83,183502.627
600614.SH,20180510,7.45,7.45,7.14,7.22,7.44,-0.22000000000000064,-2.957,243865.31,177188.218
600614.SH,20180509,7.48,7.51,7.39,7.44,7.47,-0.02999999999999936,-0.4016,160015.64,119035.87
600614.SH,20180508,7.4,7.54,7.36,7.47,7.38,0.08999999999999986,1.2195,203277.02,151717.679
600614.SH,20180507,7.4,7.53,7.35,7.38,7.35,0.03000000000000025,0.4082,255145.04,189318.985
600614.SH,20180504,7.49,7.51,7.31,7.35,7.51,-0.16000000000000014,-2.1305,200581.65,148478.666
600614.SH,20180503,7.55,7.65,7.21,7.51,7.41,0.09999999999999964,1.3495,426391.4,316801.372
600614.SH,20180502,7.41,7.97,7.41,7.41,8.23,-0.8200000000000003,-9.9635,384503.23,288656.032
600614.SH,20180427,8.23,8.43,8.23,8.23,9.14,-0.9100000000000001,-9.9562,405773.64,334076.036
600614.SH,20180426,9.14,9.14,9.14,9.14,10.16,-1.0199999999999996,-10.0394,12272.0,11216.608
600614.SH,20171225,10.55,10.56,10.01,10.16,10.61,-0.4499999999999993,-4.2413,98322.68,100913.19
600614.SH,20171222,10.81,10.81,10.14,10.61,10.8,-0.19000000000000128,-1.7593,160235.09,167615.361
600614.SH,20171221,10.86,10.92,10.69,10.8,10.95,-0.14999999999999858,-1.3699,49713.11,53749.128
600614.SH,20171220,10.95,11.0,10.81,10.95,11.01,-0.0600000000000005,-0.545,43821.0,47689.672
600614.SH,20171219,11.03,11.15,10.92,11.01,11.01,0.0,0.0,47155.0,51791.943
600614.SH,20171218,10.94,11.09,10.81,11.01,10.93,0.08000000000000007,0.7319,72080.02,79059.845
600614.SH,20171215,10.84,11.13,10.7,10.93,10.9,0.02999999999999936,0.2752,133944.33,146204.419
600614.SH,20171214,11.15,11.15,10.89,10.9,11.1,-0.1999999999999993,-1.8018,85888.0,94101.125
600614.SH,20171213,11.13,11.15,10.91,11.1,11.1,0.0,0.0,77813.14,85805.475
600614.SH,20171212,11.2,11.22,11.0,11.1,11.2,-0.09999999999999964,-0.8929,71085.26,78982.559
600614.SH,20171211,11.19,11.26,11.15,11.2,11.2,0.0,0.0,66208.16,74170.292
600614.SH,20171208,11.11,11.21,10.97,11.2,11.11,0.08999999999999986,0.8101,76928.94,85316.1
600614.SH,20171207,11.09,11.16,11.01,11.11,11.12,-0.009999999999999787,-0.0899,71112.46,78802.176
600614.SH,20171206,11.17,11.18,10.95,11.12,11.17,-0.05000000000000071,-0.4476,86183.54,95251.844
600614.SH,20171205,11.17,11.24,10.97,11.17,11.12,0.05000000000000071,0.4496,103334.19,114970.448
600614.SH,20171204,11.18,11.28,10.89,11.12,11.21,-0.09000000000000163,-0.8029,98796.32,109209.216
600614.SH,20171201,11.01,11.22,10.97,11.21,11.02,0.19000000000000128,1.7241,72492.16,80507.174
600614.SH,20171130,11.08,11.3,10.99,11.02,11.2,-0.17999999999999972,-1.6071,52396.5,58146.661
600614.SH,20171129,11.5,11.52,10.95,11.2,11.46,-0.26000000000000156,-2.2688,94277.49,105266.545
600614.SH,20171128,11.46,11.66,11.42,11.46,11.52,-0.05999999999999872,-0.5208,38529.15,44278.263
600614.SH,20171127,11.62,11.68,11.38,11.52,11.66,-0.14000000000000057,-1.2007,35376.0,40772.191
600614.SH,20171124,11.67,11.73,11.52,11.66,11.67,-0.009999999999999787,-0.0857,33202.25,38629.842
600614.SH,20171123,11.65,11.92,11.5,11.67,11.76,-0.08999999999999986,-0.7653,93985.54,109972.203
600614.SH,20171122,12.04,12.04,11.65,11.76,12.07,-0.3100000000000005,-2.5684,78669.91,92957.942
600614.SH,20171121,12.25,12.31,11.99,12.07,12.21,-0.14000000000000057,-1.1466,73690.51,89589.887
600614.SH,20171120,11.87,12.25,11.48,12.21,11.9,0.3100000000000005,2.605,128649.26,153123.029
600614.SH,20171117,12.11,12.15,11.78,11.9,12.19,-0.28999999999999915,-2.379,104920.24,124904.316
600614.SH,20171116,12.19,12.3,11.97,12.19,12.19,0.0,0.0,89573.43,108529.347
600614.SH,20171115,12.19,12.29,12.05,12.19,12.16,0.02999999999999936,0.2467,108654.45,132243.618
600614.SH,20171114,11.99,12.2,11.82,12.16,12.13,0.02999999999999936,0.2473,137360.54,164807.481
600614.SH,20171113,12.54,12.62,11.79,12.13,12.49,-0.35999999999999943,-2.8823,317626.36,386933.727
600614.SH,20171110,12.36,12.54,12.29,12.49,12.33,0.16000000000000014,1.2976,138706.11,172875.243
600614.SH,20171109,12.37,12.54,12.31,12.33,12.44,-0.10999999999999943,-0.8842,86819.68,107929.204
600614.SH,20171108,12.42,12.51,12.3,12.44,12.44,0.0,0.0,132204.04,164375.788
600614.SH,20171107,12.25,12.46,12.25,12.44,12.36,0.08000000000000007,0.6472,104370.66,129333.235
600614.SH,20171106,12.21,12.46,12.2,12.36,12.32,0.03999999999999915,0.3247,149308.5,184655.204
600614.SH,20171103,12.26,12.35,12.12,12.32,12.29,0.030000000000001137,0.2441,77377.05,94672.006
600614.SH,20171102,12.24,12.5,12.15,12.29,12.26,0.02999999999999936,0.2447,292102.12,361282.375
600614.SH,20171101,12.0,12.27,11.98,12.26,12.04,0.22000000000000064,1.8272,75093.5,91190.439
600614.SH,20171031,11.9,12.19,11.9,12.04,12.19,-0.15000000000000036,-1.2305,76571.0,92249.128
600614.SH,20171030,12.09,12.23,11.93,12.19,12.04,0.15000000000000036,1.2458,123615.52,149867.172
600614.SH,20171027,11.83,12.25,11.83,12.04,11.97,0.06999999999999851,0.5848,152739.22,184292.751
600614.SH,20171026,11.9,12.15,11.89,11.97,12.0,-0.02999999999999936,-0.25,143231.0,171936.172
600614.SH,20171025,11.67,12.02,11.67,12.0,11.75,0.25,2.1277,78551.7,93505.11
600614.SH,20171024,11.8,11.84,11.69,11.75,11.9,-0.15000000000000036,-1.2605,88997.06,104615.089
600614.SH,20171023,11.93,12.06,11.87,11.9,11.98,-0.08000000000000007,-0.6678,98182.21,117472.496
600614.SH,20171020,11.71,12.06,11.51,11.98,11.65,0.33000000000000007,2.8326,107345.98,127524.717
600614.SH,20171019,11.9,12.08,11.62,11.65,12.01,-0.35999999999999943,-2.9975,75727.0,89704.561
600614.SH,20171018,12.1,12.35,11.89,12.01,12.12,-0.10999999999999943,-0.9076,124273.72,150995.749
600614.SH,20171017,11.47,12.15,11.41,12.12,11.49,0.629999999999999,5.483,153034.77,181844.427
600614.SH,20171016,11.71,11.71,11.46,11.49,11.62,-0.129999999999999,-1.1188,51693.41,59748.687
600614.SH,20171013,11.45,11.68,11.45,11.62,11.52,0.09999999999999964,0.8681,44171.73,51360.35
600614.SH,20171012,11.58,11.66,11.46,11.52,11.61,-0.08999999999999986,-0.7752,52874.16,61132.16
600614.SH,20171011,11.91,12.0,11.37,11.61,11.93,-0.3200000000000003,-2.6823,190202.57,221580.697
600614.SH,20171010,12.06,12.06,11.91,11.93,12.04,-0.10999999999999943,-0.9136,52420.17,62747.122
600614.SH,20171009,12.24,12.24,11.97,12.04,12.05,-0.010000000000001563,-0.083,125300.25,151401.613
600614.SH,20170929,12.03,12.17,11.94,12.05,11.93,0.120000000000001,1.0059,111064.25,133894.489
600614.SH,20170928,12.13,12.13,11.86,11.93,12.09,-0.16000000000000014,-1.3234,66901.0,80290.995
600614.SH,20170927,12.08,12.22,12.08,12.09,12.17,-0.08000000000000007,-0.6574,53736.24,65202.601
600614.SH,20170926,12.18,12.28,12.03,12.17,12.17,0.0,0.0,79116.13,96100.897
600614.SH,20170925,12.45,12.45,12.16,12.17,12.42,-0.25,-2.0129,90960.57,111311.418
600614.SH,20170922,12.28,12.44,11.96,12.42,12.34,0.08000000000000007,0.6483,153730.22,188397.961
600614.SH,20170921,12.31,12.47,12.13,12.34,12.37,-0.02999999999999936,-0.2425,114251.76,140150.617
600614.SH,20170920,12.5,12.5,12.25,12.37,12.42,-0.05000000000000071,-0.4026,109187.01,134672.48
600614.SH,20170919,12.85,13.05,12.25,12.42,12.7,-0.27999999999999936,-2.2047,229294.62,289839.622
600614.SH,20170918,12.72,12.79,12.56,12.7,12.64,0.05999999999999872,0.4747,82461.16,104380.506
600614.SH,20170915,12.51,12.68,12.46,12.64,12.53,0.11000000000000121,0.8779,115493.52,145391.275
600614.SH,20170914,12.55,12.55,12.32,12.53,12.43,0.09999999999999964,0.8045,138048.43,171679.191
600614.SH,20170913,12.5,12.63,12.4,12.43,12.45,-0.019999999999999574,-0.1606,107887.63,134707.516
600614.SH,20170912,12.52,12.68,12.4,12.45,12.63,-0.1800000000000015,-1.4252,181243.97,226508.409
600614.SH,20170911,12.88,12.88,12.45,12.63,12.91,-0.27999999999999936,-2.1689,195080.88,245552.605
600614.SH,20170908,12.88,13.17,12.85,12.91,12.96,-0.05000000000000071,-0.3858,137588.46,178411.109
600614.SH,20170907,13.13,13.2,12.87,12.96,13.12,-0.15999999999999837,-1.2195,112353.69,146579.593
600614.SH,20170906,13.27,13.59,13.05,13.12,13.28,-0.16000000000000014,-1.2048,201057.21,267233.255
600614.SH,20170905,13.57,13.59,13.2,13.28,13.49,-0.21000000000000085,-1.5567,250155.33,333277.871
600614.SH,20170904,12.88,13.52,12.88,13.49,12.74,0.75,5.887,347521.8,461353.678
600614.SH,20170901,12.78,12.79,12.66,12.74,12.7,0.040000000000000924,0.315,100499.11,127934.098
600614.SH,20170831,12.63,12.85,12.63,12.7,12.64,0.05999999999999872,0.4747,124499.38,158380.514
600614.SH,20170830,12.37,12.71,12.3,12.64,12.4,0.2400000000000002,1.9355,114738.02,143567.742
600614.SH,20170829,12.5,12.52,12.25,12.4,12.44,-0.03999999999999915,-0.3215,112889.02,139479.794
600614.SH,20170828,12.5,12.73,12.4,12.44,12.45,-0.009999999999999787,-0.0803,93066.26,116947.547
600614.SH,20170825,12.45,12.58,12.36,12.45,12.39,0.05999999999999872,0.4843,51304.33,64013.704
600614.SH,20170824,12.43,12.72,12.35,12.39,12.43,-0.03999999999999915,-0.3218,61876.0,77749.471
600614.SH,20170823,12.23,12.61,12.22,12.43,12.22,0.20999999999999908,1.7185,98421.55,122677.987
600614.SH,20170822,12.61,12.74,12.12,12.22,12.66,-0.4399999999999995,-3.4755,136134.38,169848.047
600614.SH,20170821,12.56,12.75,12.56,12.66,12.6,0.0600000000000005,0.4762,70405.04,89076.792
600614.SH,20170818,12.6,12.75,12.54,12.6,12.65,-0.05000000000000071,-0.3953,73993.15,93635.623
600614.SH,20170817,12.83,12.83,12.61,12.65,12.77,-0.11999999999999922,-0.9397,76946.12,97526.237
600614.SH,20170816,12.85,12.95,12.75,12.77,12.85,-0.08000000000000007,-0.6226,70697.02,90584.339
600614.SH,20170815,12.97,13.07,12.78,12.85,12.87,-0.019999999999999574,-0.1554,155846.01,201471.21
600614.SH,20170814,12.37,12.88,12.37,12.87,12.37,0.5,4.042,126556.57,160931.309
600614.SH,20170811,12.74,12.74,12.35,12.37,12.74,-0.370000000000001,-2.9042,106443.84,133253.943
600614.SH,20170810,12.74,12.84,12.52,12.74,12.65,0.08999999999999986,0.7115,75704.04,96064.916
600614.SH,20170809,12.85,12.97,12.62,12.65,12.96,-0.3100000000000005,-2.392,112603.41,143714.336
600614.SH,20170808,13.09,13.1,12.42,12.96,13.0,-0.03999999999999915,-0.3077,221765.96,282707.91
600614.SH,20170807,12.99,13.15,12.84,13.0,12.91,0.08999999999999986,0.6971,128568.21,167102.642
600614.SH,20170804,12.8,12.98,12.61,12.91,12.75,0.16000000000000014,1.2549,169797.8,217703.581
600614.SH,20170803,12.63,12.89,12.51,12.75,12.66,0.08999999999999986,0.7109,104417.91,132929.764
600614.SH,20170802,12.28,13.2,12.21,12.66,12.22,0.4399999999999995,3.6007,232831.0,297187.551
600614.SH,20170801,12.1,12.25,11.96,12.22,12.04,0.1800000000000015,1.495,159751.75,192899.117
600614.SH,20170731,12.0,12.06,11.88,12.04,11.89,0.14999999999999858,1.2616,147426.39,176467.147
600614.SH,20170728,11.92,12.04,11.83,11.89,11.9,-0.009999999999999787,-0.084,97001.42,115923.682
600614.SH,20170727,11.98,12.16,11.83,11.9,12.01,-0.10999999999999943,-0.9159,148409.44,177740.84
600614.SH,20170726,12.01,12.1,11.78,12.01,11.96,0.049999999999998934,0.4181,175728.28,210287.846
600614.SH,20170725,11.76,12.11,11.59,11.96,11.81,0.15000000000000036,1.2701,230523.4,273749.614
600614.SH,20170724,11.52,11.95,11.47,11.81,11.57,0.2400000000000002,2.0743,231821.42,272046.424
600614.SH,20170721,10.98,12.05,10.95,11.57,10.95,0.620000000000001,5.6621,435791.99,503626.514
600614.SH,20170720,10.86,10.96,10.84,10.95,10.86,0.08999999999999986,0.8287,102343.28,111350.311
600614.SH,20170719,10.81,10.88,10.8,10.86,10.79,0.07000000000000028,0.6487,72185.04,78244.029
600614.SH,20170718,10.52,10.85,10.39,10.79,10.7,0.08999999999999986,0.8411,107730.76,115003.236
600614.SH,20170717,10.75,10.78,10.3,10.7,10.79,-0.08999999999999986,-0.8341,119511.2,126434.457
600614.SH,20170714,10.88,10.88,10.78,10.79,10.9,-0.11000000000000121,-1.0092,36728.07,39663.286
600614.SH,20170713,10.9,10.9,10.75,10.9,10.87,0.030000000000001137,0.276,68618.5,74249.859
600614.SH,20170712,10.86,10.89,10.7,10.87,10.89,-0.02000000000000135,-0.1837,68561.01,74090.931
600614.SH,20170711,10.88,10.92,10.8,10.89,10.89,0.0,0.0,61504.0,66836.428
600614.SH,20170710,10.93,10.98,10.87,10.89,10.92,-0.02999999999999936,-0.2747,77603.02,84830.188
600614.SH,20170707,10.93,10.95,10.9,10.92,10.91,0.009999999999999787,0.0917,54279.04,59329.611
600614.SH,20170706,10.96,10.96,10.88,10.91,10.94,-0.02999999999999936,-0.2742,50974.77,55676.625
600614.SH,20170705,10.93,10.96,10.88,10.94,10.93,0.009999999999999787,0.0915,52924.0,57825.753
600614.SH,20170704,10.91,10.96,10.85,10.93,10.91,0.019999999999999574,0.1833,44987.06,49101.794
600614.SH,20170703,10.99,11.0,10.88,10.91,11.0,-0.08999999999999986,-0.8182,101167.69,110513.771
600614.SH,20170630,10.98,11.02,10.83,11.0,10.98,0.019999999999999574,0.1821,99279.51,108607.902
600614.SH,20170629,10.98,11.03,10.86,10.98,10.99,-0.009999999999999787,-0.091,123840.57,135500.292
600614.SH,20170628,10.99,11.02,10.87,10.99,10.94,0.05000000000000071,0.457,84242.02,92201.581
600614.SH,20170627,11.0,11.03,10.9,10.94,10.96,-0.02000000000000135,-0.1825,56446.6,61811.028
600614.SH,20170626,10.88,11.0,10.82,10.96,10.88,0.08000000000000007,0.7353,71433.24,78121.586
600614.SH,20170623,10.92,11.06,10.82,10.88,10.96,-0.08000000000000007,-0.7299,65313.03,71319.209
600614.SH,20170622,11.04,11.04,10.74,10.96,11.03,-0.06999999999999851,-0.6346,110660.0,120809.38
600614.SH,20170621,11.01,11.05,10.94,11.03,10.96,0.06999999999999851,0.6387,76585.83,84291.238
600614.SH,20170620,11.05,11.07,10.93,10.96,11.0,-0.03999999999999915,-0.3636,46976.58,51606.628
600614.SH,20170619,10.96,11.08,10.94,11.0,10.94,0.0600000000000005,0.5484,81977.04,90337.644
600614.SH,20170616,11.06,11.06,10.85,10.94,11.01,-0.07000000000000028,-0.6358,66064.37,72156.53
600614.SH,20170615,11.09,11.09,10.92,11.01,11.01,0.0,0.0,78262.64,86290.27
600614.SH,20170614,11.07,11.16,11.0,11.01,11.1,-0.08999999999999986,-0.8108,68404.25,75594.997
600614.SH,20170613,11.03,11.19,10.98,11.1,11.06,0.03999999999999915,0.3617,64148.76,71254.515
600614.SH,20170612,11.26,11.26,11.01,11.06,11.25,-0.1899999999999995,-1.6889,64048.42,70975.119
600614.SH,20170609,11.35,11.35,11.08,11.25,11.28,-0.02999999999999936,-0.266,104701.58,117172.927
600614.SH,20170608,11.19,11.38,11.05,11.28,11.22,0.05999999999999872,0.5348,131990.99,148289.506
600614.SH,20170607,11.12,11.29,11.01,11.22,10.97,0.25,2.2789,129524.27,144516.469
600614.SH,20170606,10.9,10.99,10.75,10.97,10.84,0.13000000000000078,1.1993,98107.14,106895.08
600614.SH,20170605,10.9,10.98,10.73,10.84,10.78,0.0600000000000005,0.5566,117378.5,127706.681
600614.SH,20170602,10.63,10.81,10.11,10.78,10.64,0.1399999999999988,1.3158,159406.23,167464.526
600614.SH,20170601,10.98,10.98,10.63,10.64,10.95,-0.3099999999999987,-2.8311,110738.02,119369.687
600614.SH,20170531,11.11,11.19,10.85,10.95,11.0,-0.05000000000000071,-0.4545,96652.15,106441.546
600614.SH,20170526,11.1796,11.1796,10.9001,11.0,11.1796,-0.17960000000000065,-1.6065,177008.16,195010.108
600614.SH,20170525,11.2795,11.2795,11.0,11.1796,11.1697,0.00990000000000002,0.0886,122055.74,135777.437
600614.SH,20170524,11.2994,11.2994,11.0399,11.1697,11.3693,-0.19960000000000022,-1.7556,120750.75,135079.605
600614.SH,20170523,11.3294,11.4991,11.0599,11.3693,11.3992,-0.029899999999999594,-0.2623,198484.34,224324.435
600614.SH,20170522,11.3693,11.519,10.6805,11.3992,11.3693,0.029899999999999594,0.263,264286.14,297207.762
600614.SH,20170518,11.3693,11.4591,11.2395,11.3693,11.4491,-0.07979999999999876,-0.697,40615.29,46355.33
600614.SH,20170517,11.3393,11.4691,11.1996,11.4491,11.2894,0.15969999999999906,1.4146,122683.61,139068.788
600614.SH,20170516,11.3393,11.4292,11.1297,11.2894,11.3194,-0.02999999999999936,-0.265,167493.32,189345.331
600614.SH,20170515,11.1697,11.4092,11.0798,11.3194,11.1497,0.16970000000000063,1.522,159129.47,179675.92
600614.SH,20170512,11.0798,11.2295,10.7903,11.1497,10.98,0.16969999999999885,1.5455,203552.04,225016.626
600614.SH,20170511,10.7404,11.0898,10.5907,10.98,10.8802,0.09980000000000011,0.9173,201257.49,219724.335
600614.SH,20170510,10.97,11.0698,10.4809,10.8802,10.8103,0.06990000000000052,0.6466,250049.9,271050.427
600614.SH,20170509,10.0217,10.8303,10.0217,10.8103,9.862,0.9482999999999997,9.6157,214246.08,222461.552
600614.SH,20170508,10.8103,10.8103,9.6923,9.862,10.7704,-0.9084000000000003,-8.4342,296344.0,300300.067
600614.SH,20170505,10.4909,11.0499,10.0916,10.7704,11.0499,-0.27949999999999875,-2.5294,312455.56,330451.244
600614.SH,20170502,10.431,11.2096,10.431,11.0499,11.5689,-0.5190000000000001,-4.4862,307779.19,334761.021
600614.SH,20170428,11.8784,12.0281,11.549,11.5689,11.9582,-0.3893000000000004,-3.2555,219002.59,256153.074
600614.SH,20170427,11.3094,12.0181,11.1297,11.9582,11.2595,0.6987000000000005,6.2054,229181.35,267752.895
600614.SH,20170426,10.8103,11.549,10.6007,11.2595,10.7704,0.48909999999999876,4.5411,288461.66,324080.124
600614.SH,20170425,11.9981,12.1179,10.7704,10.7704,11.9682,-1.197799999999999,-10.0082,420069.38,466437.302
600614.SH,20170424,12.3375,12.4773,11.8584,11.9682,12.4673,-0.4991000000000003,-4.0033,164350.15,198294.494
600614.SH,20170421,12.3375,12.5771,12.2677,12.4673,12.4074,0.059899999999998954,0.4828,97433.85,121442.622
600614.SH,20170420,12.5871,12.7867,11.9682,12.4074,12.3874,0.02000000000000135,0.1615,229558.8,286446.214
600614.SH,20170419,12.9764,12.9764,11.7686,12.3874,13.0762,-0.6888000000000005,-5.2676,520723.86,629700.774
600614.SH,20170418,13.176,13.186,12.9963,13.0762,13.0862,-0.009999999999999787,-0.0764,64563.83,84766.999
600614.SH,20170417,13.0363,13.166,12.8366,13.0862,13.0363,0.04989999999999917,0.3828,116965.99,152687.353
600614.SH,20170414,13.6751,13.6851,12.9065,13.0363,13.6451,-0.6087999999999987,-4.4617,258073.8,341318.301
600614.SH,20170413,13.6651,13.8248,13.5453,13.6451,13.6651,-0.02000000000000135,-0.1464,108244.11,148030.269
600614.SH,20170412,13.9646,13.9745,13.6451,13.6651,13.9147,-0.24959999999999916,-1.7938,128655.42,177406.236
600614.SH,20170411,13.7949,13.9745,13.5054,13.9147,13.8348,0.0799000000000003,0.5775,225484.3,309945.132
600614.SH,20170410,14.284,14.3439,13.7849,13.8348,14.2441,-0.4093,-2.8735,225285.13,315840.336
600614.SH,20170407,14.2241,14.3738,14.2041,14.2441,14.264,-0.019899999999999807,-0.1395,147090.76,210561.009
600614.SH,20170406,14.3239,14.4137,14.1842,14.264,14.274,-0.009999999999999787,-0.0701,158074.27,226167.464
600614.SH,20170405,13.9745,14.3738,13.8647,14.274,13.9446,0.3293999999999997,2.3622,197532.35,281173.236
600614.SH,20170331,13.6451,14.1243,13.6451,13.9446,13.6451,0.2995000000000001,2.1949,185628.94,258975.756
600614.SH,20170330,13.7749,13.8148,13.5054,13.6451,13.8747,-0.22960000000000136,-1.6548,225391.04,307875.801
600614.SH,20170329,14.1542,14.274,13.8747,13.8747,14.2041,-0.3293999999999997,-2.319,171356.29,240044.782
600614.SH,20170328,14.1043,14.3239,13.9246,14.2041,14.0943,0.1097999999999999,0.779,217271.0,308953.684
600614.SH,20170327,13.9945,14.2341,13.8548,14.0943,13.9446,0.14970000000000105,1.0735,219385.91,308303.72
600614.SH,20170324,13.8847,14.0344,13.6451,13.9446,13.8847,0.059899999999998954,0.4314,225571.32,312527.526
600614.SH,20170323,14.1842,14.264,13.745,13.8847,14.1442,-0.2594999999999992,-1.8347,331263.21,463759.831
600614.SH,20170322,13.6951,14.3039,13.6951,14.1442,13.725,0.4192,3.0543,442851.39,623773.636
600614.SH,20170321,13.705,13.8148,13.5054,13.725,13.715,0.009999999999999787,0.0729,178436.05,244337.2
600614.SH,20170320,13.735,13.9047,13.4755,13.715,13.6851,0.029899999999999594,0.2185,281241.68,386510.952
600614.SH,20170317,13.3657,13.9546,13.2758,13.6851,13.3557,0.3293999999999997,2.4664,450740.28,616865.713
600614.SH,20170316,13.156,13.4555,13.0163,13.3557,13.0961,0.2596000000000007,1.9823,314280.36,418276.644
600614.SH,20170315,12.8566,13.0961,12.7069,13.0961,12.8067,0.28940000000000055,2.2598,239184.23,311341.142
600614.SH,20170314,13.0263,13.0363,12.7667,12.8067,12.9464,-0.13970000000000127,-1.0791,150395.75,193640.971
600614.SH,20170313,12.8566,13.1061,12.7168,12.9464,12.8266,0.11980000000000146,0.934,194953.78,253360.494
600614.SH,20170310,13.0263,13.0263,12.6769,12.8266,12.9065,-0.0799000000000003,-0.6191,202191.38,259894.295
600614.SH,20170309,12.9065,12.9165,12.647,12.9065,12.8266,0.0799000000000003,0.6229,210874.63,270923.979
600614.SH,20170308,13.4555,13.4655,12.8067,12.8266,13.4056,-0.5790000000000006,-4.3191,343359.0,448604.458
600614.SH,20170307,13.3657,13.5254,13.2459,13.4056,13.3557,0.04989999999999917,0.3736,299402.98,401769.384
600614.SH,20170306,12.7568,13.3756,12.7268,13.3557,12.7069,0.6488000000000014,5.1059,436842.48,576802.298
600614.SH,20170303,12.7767,12.8765,12.4972,12.7069,12.7967,-0.08980000000000032,-0.7017,257574.85,326749.379
600614.SH,20170302,12.9165,13.0961,12.7867,12.7967,12.8566,-0.05990000000000073,-0.4659,255831.35,331053.456
600614.SH,20170301,12.9065,13.0862,12.7069,12.8566,12.8765,-0.019899999999999807,-0.1545,317891.58,410491.399
600614.SH,20170228,13.5254,13.5254,12.8266,12.8765,13.5254,-0.6488999999999994,-4.7976,637326.02,835920.119
600614.SH,20170227,13.4755,13.6551,13.2658,13.5254,13.3557,0.16969999999999885,1.2706,416244.56,562261.599
600614.SH,20170224,13.4056,13.6252,13.1261,13.3557,13.3756,-0.019899999999999807,-0.1488,336555.82,448938.623
600614.SH,20170223,13.0163,13.5453,13.0163,13.3756,13.0163,0.35930000000000106,2.7604,494518.13,661651.015
600614.SH,20170222,12.7967,13.1361,12.6969,13.0163,12.8466,0.16969999999999885,1.321,423121.98,549916.079
600614.SH,20170221,12.2377,13.176,12.2078,12.8466,12.2776,0.5690000000000008,4.6345,663838.98,846137.899
600614.SH,20170220,12.4074,12.5471,12.1678,12.2776,12.1579,0.11969999999999992,0.9845,343856.17,424786.883
600614.SH,20170217,12.1978,12.2577,11.9782,12.1579,12.1579,0.0,0.0,193837.64,235229.921
600614.SH,20170216,12.0281,12.2577,11.9383,12.1579,12.0281,0.12979999999999947,1.0791,201991.66,244137.266
600614.SH,20170215,12.1579,12.2477,12.0081,12.0281,12.098,-0.06990000000000052,-0.5778,175712.18,213064.272
600614.SH,20170214,12.1678,12.2876,11.9981,12.098,12.1279,-0.029899999999999594,-0.2465,204020.13,247325.246
600614.SH,20170213,11.9582,12.3275,11.9482,12.1279,11.8784,0.24950000000000117,2.1005,331023.51,402097.377
600614.SH,20170210,11.509,12.058,11.509,11.8784,11.4691,0.4093,3.5687,294957.83,349233.422
600614.SH,20170209,11.3493,11.549,11.2795,11.4691,11.3493,0.11979999999999968,1.0556,167463.9,192089.131
600614.SH,20170208,11.3094,11.4092,11.1597,11.3493,11.3094,0.03989999999999938,0.3528,99169.02,112137.295
600614.SH,20170207,11.2994,11.3493,11.0898,11.3094,11.2994,0.009999999999999787,0.0885,129673.26,145589.755
600614.SH,20170206,11.4292,11.4791,11.2595,11.2994,11.3992,-0.09980000000000011,-0.8755,91819.17,104019.018
600614.SH,20170203,11.4791,11.5589,11.3393,11.3992,11.4691,-0.06989999999999874,-0.6095,70553.5,80527.312
600614.SH,20170126,11.4591,11.509,11.3393,11.4691,11.4691,0.0,0.0,81524.02,93422.735
600614.SH,20170125,11.4691,11.5689,11.3294,11.4691,11.4991,-0.030000000000001137,-0.2609,107914.01,123749.001
600614.SH,20170124,11.4791,11.6288,11.4092,11.4991,11.539,-0.03989999999999938,-0.3458,103896.55,120045.085
600614.SH,20170123,11.5589,11.6288,11.3194,11.539,11.4192,0.11979999999999968,1.0491,228145.6,262287.909
600614.SH,20170120,11.1996,11.4292,11.0299,11.4192,11.0998,0.3193999999999999,2.8775,158641.78,178636.091
600614.SH,20170119,11.4791,11.4791,11.0798,11.0998,11.3992,-0.29940000000000033,-2.6265,118506.3,132791.633
600614.SH,20170118,11.4791,11.4891,11.2795,11.3992,11.2395,0.15970000000000084,1.4209,114583.63,130505.419
600614.SH,20170117,11.3793,11.5589,10.9001,11.2395,11.4691,-0.22959999999999958,-2.0019,241084.21,270390.086
600614.SH,20170116,12.1079,12.1179,10.96,11.4691,12.1678,-0.6987000000000005,-5.7422,337225.04,392215.345
600614.SH,20170113,12.1079,12.3575,11.9582,12.1678,12.1079,0.059899999999998954,0.4947,293548.49,357594.49
600614.SH,20170112,12.4274,12.5272,11.9782,12.1079,12.4473,-0.3393999999999995,-2.7267,361854.31,443259.718
600614.SH,20170111,12.1778,12.637,11.8983,12.4473,12.088,0.35930000000000106,2.9724,418320.54,514024.541
600614.SH,20170110,12.0081,12.3375,11.9183,12.088,12.0181,0.06989999999999874,0.5816,301717.97,368518.512
600614.SH,20170109,11.7087,12.058,11.5989,12.0181,11.7386,0.2795000000000005,2.381,279477.53,332849.413
600614.SH,20170106,11.8983,11.9283,11.6787,11.7386,11.9083,-0.16970000000000063,-1.4251,159920.52,188345.31
600614.SH,20170105,11.7985,12.1778,11.7486,11.9083,11.8085,0.09980000000000011,0.8452,290190.73,348702.116
600614.SH,20170104,11.9582,12.0381,11.7386,11.8085,11.8983,-0.08980000000000032,-0.7547,177971.6,210768.578
600614.SH,20170103,11.6089,12.078,11.6089,11.8983,11.6787,0.21960000000000157,1.8803,203659.41,242973.556
600614.SH,20161230,11.6787,11.8784,11.4991,11.6787,11.7686,-0.08990000000000009,-0.7639,232601.91,272356.523
600614.SH,20161229,11.2495,11.9582,11.2395,11.7686,11.1397,0.6288999999999998,5.6456,410088.66,477766.299
600614.SH,20161228,11.2295,11.3094,11.0898,11.1397,11.0798,0.059899999999998954,0.5406,155207.67,174032.941
600614.SH,20161227,11.2994,11.2994,11.0299,11.0798,11.3294,-0.24959999999999916,-2.2031,178832.25,199580.693
600614.SH,20161226,11.1597,11.4791,11.0199,11.3294,11.3493,-0.019899999999999807,-0.1753,198087.28,221638.086
600614.SH,20161223,11.6787,11.8185,11.2795,11.3493,11.7386,-0.3893000000000004,-3.3164,175605.72,203203.8
600614.SH,20161222,11.8784,11.9582,11.5589,11.7386,11.8983,-0.15970000000000084,-1.3422,224042.76,262372.78
600614.SH,20161221,11.8484,12.2177,11.7386,11.8983,11.8384,0.05990000000000073,0.506,303780.82,364737.968
600614.SH,20161220,12.0381,12.1279,11.7386,11.8384,12.1479,-0.3094999999999999,-2.5478,346059.76,411739.717
600614.SH,20161219,11.3593,12.4373,11.3593,12.1479,11.4092,0.7386999999999997,6.4746,637139.25,766607.381
600614.SH,20161216,11.3294,11.4292,11.0099,11.4092,11.3593,0.049900000000000944,0.4393,331959.5,372429.321
600614.SH,20161215,11.0199,11.4092,11.0199,11.3593,11.0798,0.27949999999999875,2.5226,191706.01,216334.945
600614.SH,20161214,10.99,11.1697,10.9101,11.0798,11.0299,0.049900000000000944,0.4524,116332.84,128647.417
600614.SH,20161213,10.7804,11.0698,10.7704,11.0299,10.7804,0.2494999999999994,2.3144,108638.66,118974.589
600614.SH,20161212,11.2295,11.2595,10.6905,10.7804,11.2595,-0.47909999999999897,-4.2551,197580.34,217380.251
600614.SH,20161209,11.1896,11.3992,11.1197,11.2595,11.2495,0.009999999999999787,0.0889,141961.33,159912.283
600614.SH,20161208,11.6787,11.6787,11.1796,11.2495,11.549,-0.2995000000000001,-2.5933,235042.36,268326.127
600614.SH,20161207,11.1597,11.5789,11.0898,11.549,11.0998,0.4491999999999994,4.0469,273075.59,311275.835
600614.SH,20161206,11.1796,11.2196,11.0599,11.0998,11.1098,-0.009999999999999787,-0.09,93857.58,104440.44
600614.SH,20161205,10.99,11.2695,10.9301,11.1098,11.0599,0.04989999999999917,0.4512,143881.13,160068.196
600614.SH,20161202,11.0099,11.3593,11.0099,11.0599,11.0499,0.010000000000001563,0.0905,130932.09,146111.566
600614.SH,20161201,11.0499,11.2096,10.98,11.0499,11.0898,-0.03990000000000116,-0.3598,113862.99,126347.345
600614.SH,20161130,11.1098,11.2994,11.0399,11.0898,11.0898,0.0,0.0,122843.48,137521.45
600614.SH,20161129,11.3893,11.4791,11.0698,11.0898,11.4292,-0.3393999999999995,-2.9696,195552.59,219656.127
600614.SH,20161128,11.2795,11.539,11.2196,11.4292,11.2894,0.13979999999999926,1.2383,167574.49,191070.89
600614.SH,20161125,11.2395,11.7586,10.8902,11.2894,11.1697,0.11969999999999992,1.0716,236341.12,268183.062
600614.SH,20161124,11.3294,11.4591,11.1297,11.1697,11.3393,-0.16959999999999908,-1.4957,173733.71,196978.269
600614.SH,20161123,11.4991,11.529,11.3294,11.3393,11.4491,-0.1097999999999999,-0.959,145272.15,166347.322
600614.SH,20161122,11.549,11.5589,11.3493,11.4491,11.3693,0.07979999999999876,0.7019,138853.36,159180.406
600614.SH,20161121,11.2295,11.539,11.1796,11.3693,11.4591,-0.08979999999999855,-0.7837,173487.53,197579.478
600614.SH,20161118,11.3693,11.7885,11.3693,11.4591,11.3693,0.08979999999999855,0.7898,283894.09,330749.499
600614.SH,20161117,11.539,11.6687,11.3294,11.3693,11.6388,-0.26949999999999896,-2.3155,206932.78,237825.026
600614.SH,20161116,11.7586,11.8684,11.5989,11.6388,11.7087,-0.06990000000000052,-0.597,159433.02,187081.118
600614.SH,20161115,11.8883,11.9582,11.5689,11.7087,11.8684,-0.15969999999999906,-1.3456,263991.58,309917.86
600614.SH,20161114,11.3094,11.9283,11.3094,11.8684,11.2994,0.5689999999999991,5.0357,504238.54,593658.752
600614.SH,20161111,11.1597,11.4691,11.0399,11.2994,11.1497,0.14970000000000105,1.3426,259903.11,293342.999
600614.SH,20161110,11.1098,11.2795,11.0898,11.1497,11.1098,0.03989999999999938,0.3591,194280.25,217146.791
600614.SH,20161109,10.9201,11.2295,10.6905,11.1098,10.9201,0.1897000000000002,1.7372,230855.17,254776.324
600614.SH,20161108,11.1796,11.2295,10.8902,10.9201,11.0998,-0.17970000000000041,-1.6189,216885.87,240215.595
600614.SH,20161107,11.2795,11.3593,11.0299,11.0998,11.3294,-0.22959999999999958,-2.0266,238997.56,266072.947
600614.SH,20161104,11.5589,11.6388,11.1896,11.3294,11.3094,0.019999999999999574,0.1768,239220.51,272511.354
600614.SH,20161103,11.3294,11.6388,11.2795,11.3094,11.3893,-0.0799000000000003,-0.7015,352878.88,405270.757
600614.SH,20161102,11.5789,11.6887,11.3593,11.3893,11.5789,-0.18960000000000043,-1.6375,376128.97,433298.088
600614.SH,20161101,11.0399,11.7785,11.0399,11.5789,10.9201,0.6588000000000012,6.0329,434522.11,495993.656
600614.SH,20161031,11.1796,11.1796,10.7804,10.9201,11.2096,-0.2895000000000003,-2.5826,232364.84,255031.676
600614.SH,20161028,11.3693,11.539,11.0798,11.2096,11.4292,-0.2195999999999998,-1.9214,265572.34,301316.406
600614.SH,20161027,11.6787,11.7286,11.3593,11.4292,11.5689,-0.1396999999999995,-1.2075,286972.38,330537.196
600614.SH,20161026,11.4491,11.7187,11.2994,11.5689,11.509,0.059899999999998954,0.5205,374504.11,431043.489
600614.SH,20161025,11.1597,11.8085,11.0698,11.509,11.1796,0.3293999999999997,2.9464,612447.9,708995.88
600614.SH,20161024,10.96,11.2196,10.7404,11.1796,11.0698,0.1097999999999999,0.9919,482663.69,529418.001
600614.SH,20161021,10.98,11.2894,10.8103,11.0698,11.0,0.06980000000000075,0.6345,603280.19,668811.967
600614.SH,20161020,10.99,11.7985,10.8902,11.0,11.1098,-0.1097999999999999,-0.9883,914245.85,1037894.844
600614.SH,20161019,10.4909,11.2595,10.4609,11.1098,10.6606,0.4491999999999994,4.2136,806654.19,883079.642
600614.SH,20161018,10.2014,10.7903,10.0816,10.6606,10.1914,0.4692000000000007,4.6039,662325.21,697940.542
600614.SH,20161017,10.3412,10.431,9.9818,10.1914,10.3412,-0.14980000000000082,-1.4486,563141.22,572456.258
600614.SH,20161014,10.4609,10.7105,10.2613,10.3412,10.5608,-0.2195999999999998,-2.0794,738276.09,774083.999
600614.SH,20161013,9.9419,10.7804,9.9419,10.5608,10.1216,0.4391999999999996,4.3392,947188.24,981664.22
600614.SH,20161012,9.9519,10.4011,9.7822,10.1216,9.8321,0.2895000000000003,2.9444,1267868.25,1281040.633
600614.SH,20161011,9.4827,9.8321,8.9836,9.8321,8.9337,0.8984000000000005,10.0563,1317988.22,1279353.41
600614.SH,20161010,8.9337,8.9337,8.9337,8.9337,8.1252,0.8085000000000004,9.9505,142687.73,127705.518
600614.SH,20160425,7.3875,8.1252,7.3775,8.1252,7.3875,0.7376999999999994,9.9858,497278.36,396499.788
600614.SH,20160422,7.3376,7.4573,7.2579,7.3875,7.557,-0.1695000000000002,-2.243,203375.79,150067.982
600614.SH,20160421,7.3576,7.9258,7.1881,7.557,7.3775,0.1795,2.4331,331736.31,252387.713
600614.SH,20160420,7.8959,8.0355,7.1781,7.3775,7.8959,-0.5183999999999997,-6.5654,352429.41,269251.824
600614.SH,20160419,7.866,7.9358,7.7863,7.8959,7.8261,0.06979999999999986,0.8919,162465.02,127973.037
600614.SH,20160418,7.9657,7.9657,7.7065,7.8261,8.0056,-0.1794999999999991,-2.2422,197342.05,154345.262
600614.SH,20160415,8.1751,8.1751,7.9458,8.0056,8.1352,-0.12959999999999994,-1.5931,203424.01,163948.671
600614.SH,20160414,8.2249,8.2648,8.0255,8.1352,8.205,-0.06980000000000075,-0.8507,258685.26,210338.135
600614.SH,20160413,8.1651,8.3047,8.1352,8.205,8.1152,0.08980000000000032,1.1066,327799.22,270669.328
600614.SH,20160412,8.2249,8.2847,8.0156,8.1152,8.2249,-0.10970000000000013,-1.3338,231215.98,189157.845
600614.SH,20160411,7.9757,8.2548,7.9757,8.2249,7.8959,0.32899999999999974,4.1667,300672.56,244349.298
600614.SH,20160408,8.0056,8.0455,7.6566,7.8959,8.1152,-0.2192999999999996,-2.7023,384580.39,303262.427
600614.SH,20160407,8.2548,8.3146,7.9856,8.1152,8.1751,-0.05990000000000073,-0.7327,381074.54,310748.201
600614.SH,20160406,7.9258,8.3146,7.8959,8.1751,7.9757,0.1994000000000007,2.5001,451696.67,370445.48
600614.SH,20160405,7.6766,8.0355,7.5869,7.9757,7.6566,0.3190999999999997,4.1676,420927.93,333217.557
600614.SH,20160401,7.4772,7.7264,7.2678,7.6566,7.5071,0.14949999999999974,1.9914,402547.88,302392.692
600614.SH,20160331,7.4273,7.5769,7.2977,7.5071,7.3875,0.11960000000000015,1.619,351430.21,262760.453
600614.SH,20160330,7.1681,7.4273,7.0784,7.3875,7.1083,0.27920000000000034,3.9278,286806.47,208066.586
600614.SH,20160329,7.3077,7.3974,7.0485,7.1083,7.3675,-0.2591999999999999,-3.5182,268465.33,193623.061
600614.SH,20160328,7.547,7.7763,7.3277,7.3675,7.4273,-0.059800000000000075,-0.8051,405063.24,306810.484
600614.SH,20160325,7.1681,7.5769,7.1582,7.4273,7.2379,0.1894,2.6168,326122.96,242205.035
600614.SH,20160324,7.1781,7.4672,7.0684,7.2379,7.2579,-0.020000000000000462,-0.2756,357251.43,261485.811
600614.SH,20160323,7.218,7.3077,7.1382,7.2579,7.2977,-0.03979999999999961,-0.5454,241388.44,174711.184
600614.SH,20160322,7.1881,7.4373,7.0983,7.2977,7.2579,0.03979999999999961,0.5484,378798.24,276017.737
600614.SH,20160321,7.0485,7.3376,6.9189,7.2579,6.9388,0.3191000000000006,4.5988,455717.09,324356.72
600614.SH,20160318,6.5002,6.9787,6.4703,6.9388,6.4603,0.4784999999999995,7.4068,478849.79,322411.682
600614.SH,20160317,6.2808,6.4802,6.2709,6.4603,6.2509,0.20940000000000047,3.3499,185761.78,119156.768
600614.SH,20160316,6.3905,6.4404,6.221,6.2509,6.3805,-0.12959999999999994,-2.0312,134226.73,84839.33
600614.SH,20160315,6.5002,6.5201,6.3506,6.3805,6.5201,-0.1396000000000006,-2.1411,142512.59,91628.305
600614.SH,20160314,6.3805,6.5899,6.3407,6.5201,6.3008,0.2193000000000005,3.4805,205108.72,133834.832
600614.SH,20160311,6.231,6.3407,6.1612,6.3008,6.3207,-0.019900000000000695,-0.3148,124014.33,77781.904
600614.SH,20160310,6.3805,6.4902,6.2808,6.3207,6.5201,-0.1993999999999998,-3.0582,249647.05,159180.761
600614.SH,20160309,6.8292,6.8292,6.4703,6.5201,6.2808,0.23930000000000007,3.81,419080.76,279065.53
600614.SH,20160301,6.2509,6.4005,6.1014,6.2808,6.2509,0.029900000000000482,0.4783,89726.77,56748.464
600614.SH,20160229,6.879,6.879,6.2509,6.2509,6.9488,-0.6979000000000006,-10.0435,344687.38,220733.082
600614.SH,20160226,6.6796,7.1283,6.4802,6.9488,6.6697,0.27910000000000057,4.1846,391405.67,267701.852
600614.SH,20160225,7.3974,7.3974,6.6697,6.6697,7.4074,-0.7377000000000002,-9.959,312343.76,218610.877
600614.SH,20160224,7.218,7.4174,7.1781,7.4074,7.4672,-0.059800000000000075,-0.8008,231192.78,169458.562
600614.SH,20160223,7.3576,7.5769,7.2479,7.4672,7.3376,0.12959999999999994,1.7662,291449.56,216163.147
600614.SH,20160222,7.2878,7.4473,7.208,7.3376,7.1582,0.17940000000000023,2.5062,280618.44,206862.385
600614.SH,20160219,7.1482,7.2579,7.0884,7.1582,7.218,-0.059800000000000075,-0.8285,190653.13,137051.534
600614.SH,20160218,7.3277,7.4074,7.1881,7.218,7.2778,-0.059800000000000075,-0.8217,240411.54,175324.648
600614.SH,20160217,7.1582,7.3875,7.1083,7.2778,7.208,0.06979999999999986,0.9684,264117.5,192357.453
600614.SH,20160216,6.879,7.3277,6.7893,7.208,6.7793,0.4287000000000001,6.3237,270952.27,192639.622
600614.SH,20160215,6.4104,6.9089,6.4104,6.7793,6.8192,-0.03990000000000027,-0.5851,169253.97,113048.467
600614.SH,20160205,7.0784,7.1482,6.7993,6.8192,7.0884,-0.26919999999999966,-3.7978,287764.91,199479.7
600614.SH,20160204,6.9687,7.1582,6.7893,7.0884,6.9588,0.12959999999999994,1.8624,367139.84,258177.577
600614.SH,20160203,7.0286,7.2778,6.7295,6.9588,6.9089,0.049900000000000055,0.7223,458501.5,322425.162
600614.SH,20160202,6.5101,6.9089,6.4304,6.9089,6.2808,0.6280999999999999,10.0003,189801.13,129215.546
600614.SH,20160201,6.3207,6.5101,6.0914,6.2808,6.4005,-0.11969999999999992,-1.8702,231096.14,147316.584
600614.SH,20160129,6.0117,6.5401,5.9917,6.4005,6.221,0.1795,2.8854,417690.64,264493.083
600614.SH,20160128,6.6796,6.8491,6.221,6.221,6.9089,-0.6879,-9.9567,310854.79,201589.305
600614.SH,20160127,7.6766,7.6766,6.9089,6.9089,7.6766,-0.7676999999999996,-10.0005,480843.16,338054.062
600614.SH,20160126,8.534,8.534,7.6766,7.6766,8.534,-0.857400000000001,-10.0469,325696.8,260394.042
600614.SH,20160125,8.514,8.7533,8.5041,8.534,8.4343,0.09970000000000034,1.1821,121164.35,105008.129
600614.SH,20160122,8.4542,8.534,8.0754,8.4343,8.3146,0.11969999999999992,1.4396,142498.37,119514.494
600614.SH,20160121,8.6835,8.9627,8.2748,8.3146,9.0025,-0.6878999999999991,-7.6412,204187.26,177299.813
600614.SH,20160120,9.1521,9.2618,8.8729,9.0025,9.182,-0.17950000000000088,-1.9549,177836.35,161965.254
600614.SH,20160119,8.7832,9.2219,8.7832,9.182,8.863,0.31900000000000084,3.5992,170764.41,154410.206
600614.SH,20160118,8.534,9.0225,8.4841,8.863,8.514,0.3490000000000002,4.0991,198063.59,174545.552
600614.SH,20160115,8.9726,9.172,8.3844,8.514,8.9028,-0.3887999999999998,-4.3672,240946.87,212997.713
600614.SH,20160114,8.0654,8.9627,7.7863,8.9028,8.1452,0.7575999999999983,9.3012,265795.42,227403.411
600614.SH,20160113,8.5639,8.8131,7.9856,8.1452,8.524,-0.37879999999999825,-4.4439,256691.58,220323.176
600614.SH,20160112,8.6636,8.9228,7.9757,8.524,8.7433,-0.2193000000000005,-2.5082,310569.8,262349.18
600614.SH,20160111,9.3714,9.6406,8.7433,8.7433,9.7104,-0.9671000000000003,-9.9594,297592.19,271363.396
600614.SH,20160108,8.9826,10.0194,8.6735,9.7104,9.4013,0.30909999999999904,3.2878,304172.55,289588.974
600614.SH,20160107,10.2388,10.2388,9.3614,9.4013,10.3983,-0.9969999999999999,-9.5881,40737.0,39983.026
600614.SH,20160106,10.2188,10.4282,10.0194,10.3983,10.1191,0.2792000000000012,2.7591,144344.38,148729.379
600614.SH,20160105,9.7503,10.7173,9.6705,10.1191,10.4382,-0.3191000000000006,-3.057,303536.71,308576.373
600614.SH,20160104,11.5847,11.8638,10.4382,10.4382,11.5946,-1.1563999999999997,-9.9736,202936.73,228068.046
600614.SH,20151231,11.6146,11.9236,11.475,11.5946,11.814,-0.21940000000000026,-1.8571,171163.28,200651.406
600614.SH,20151230,12.0433,12.0433,11.6844,11.814,11.9137,-0.09970000000000034,-0.8369,187010.88,222350.981
600614.SH,20151229,11.8937,12.0632,11.5049,11.9137,11.8239,0.08980000000000032,0.7595,249058.41,292910.982
600614.SH,20151228,12.3822,12.6115,11.794,11.8239,12.4121,-0.5882000000000005,-4.7389,376134.77,460084.93
600614.SH,20151225,12.1729,12.7013,12.0632,12.4121,12.2427,0.16940000000000133,1.3837,330267.61,412013.563
600614.SH,20151224,11.814,12.5118,11.814,12.2427,11.8738,0.3689,3.1068,374740.86,459904.013
600614.SH,20151223,12.143,12.3822,11.814,11.8738,12.2227,-0.34890000000000043,-2.8545,307761.75,373869.386
600614.SH,20151222,12.462,12.5517,11.8738,12.2227,12.4321,-0.20940000000000047,-1.6843,392548.66,478456.033
600614.SH,20151221,12.2626,12.8807,12.0134,12.4321,12.3025,0.12959999999999994,1.0534,536429.3,675230.571
600614.SH,20151218,12.0134,12.4919,11.9236,12.3025,12.0732,0.22930000000000028,1.8992,594137.99,727811.005
600614.SH,20151217,11.3255,12.3424,11.3155,12.0732,11.2756,0.7975999999999992,7.0737,499687.28,593093.782
600614.SH,20151216,11.3055,11.4052,11.1161,11.2756,11.2158,0.059800000000000963,0.5332,196755.42,221686.716
600614.SH,20151215,11.0463,11.4052,10.9466,11.2158,11.0363,0.1794999999999991,1.6265,292280.81,330230.24
600614.SH,20151214,10.3285,11.0563,10.2188,11.0363,10.4182,0.6181000000000001,5.9329,220068.19,236295.811
600614.SH,20151211,10.3983,10.6376,10.169,10.4182,10.4083,0.00990000000000002,0.0951,201034.84,210130.595
600614.SH,20151210,10.5777,10.7572,10.3684,10.4083,10.6874,-0.2790999999999997,-2.6115,163854.75,173226.172
600614.SH,20151209,10.9666,10.9666,10.5678,10.6874,10.817,-0.12959999999999994,-1.1981,194998.73,210768.931
600614.SH,20151208,11.2258,11.2258,10.7871,10.817,11.3055,-0.48850000000000016,-4.3209,264343.27,291140.399
600614.SH,20151207,11.3155,11.4152,11.0264,11.3055,11.2158,0.08970000000000056,0.7998,273936.52,307929.48
600614.SH,20151204,10.9666,11.4949,10.827,11.2158,11.0264,0.18939999999999912,1.7177,363206.69,407188.967
600614.SH,20151203,10.5777,11.1261,10.488,11.0264,10.3584,0.668000000000001,6.4489,251720.71,273595.756
600614.SH,20151202,10.6276,10.6475,9.8898,10.3584,10.6076,-0.2492000000000001,-2.3493,211263.38,218547.712
600614.SH,20151201,10.4282,10.9865,10.169,10.6076,10.4083,0.19929999999999914,1.9148,345495.8,369227.414
600614.SH,20151130,10.5977,10.9566,9.6705,10.4083,10.6575,-0.2492000000000001,-2.3383,467045.96,480273.642
600614.SH,20151127,11.6744,11.9336,10.498,10.6575,11.6545,-0.9969999999999999,-8.5546,397148.11,451267.17
600614.SH,20151126,11.9037,12.133,11.5847,11.6545,11.9037,-0.2492000000000001,-2.0935,327590.05,388416.004
600614.SH,20151125,11.7841,12.1828,11.7641,11.9037,11.6744,0.22930000000000028,1.9641,395404.1,475401.937
600614.SH,20151124,11.7641,11.8638,11.485,11.6744,11.814,-0.13959999999999972,-1.1816,262201.95,305581.975
600614.SH,20151123,12.1629,12.3025,11.5448,11.814,12.1828,-0.36880000000000024,-3.0272,416894.42,500607.472
600614.SH,20151120,11.9735,12.452,11.814,12.1828,11.9635,0.2193000000000005,1.8331,618137.31,755369.179
600614.SH,20151119,11.2756,12.143,11.2656,11.9635,11.1759,0.7875999999999994,7.0473,548045.06,649638.624
600614.SH,20151118,11.804,11.9137,11.0463,11.1759,11.6844,-0.5084999999999997,-4.352,379100.22,433603.277
600614.SH,20151117,12.3124,12.9505,11.6545,11.6844,12.0532,-0.36880000000000024,-3.0598,543173.03,655583.808
600614.SH,20151116,11.4152,12.2526,11.2557,12.0532,11.7442,0.30900000000000105,2.6311,500659.15,593153.995
600614.SH,20151113,11.8439,12.2526,11.3454,11.7442,12.0532,-0.30900000000000105,-2.5636,651972.26,767793.184
600614.SH,20151112,11.5647,12.4121,11.3853,12.0532,11.4451,0.6081000000000003,5.3132,844739.31,1010346.375
600614.SH,20151111,10.4282,11.4451,10.179,11.4451,10.4083,1.0367999999999995,9.9613,724554.3,782584.942
600614.SH,20151110,10.169,10.9566,9.9895,10.4083,10.2388,0.1695000000000011,1.6555,663318.68,697085.356
600614.SH,20151109,9.3016,10.2587,9.3016,10.2388,9.4113,0.8274999999999988,8.7926,641828.47,637702.73
600614.SH,20151106,9.2418,9.5409,9.2418,9.4113,9.2618,0.14950000000000152,1.6142,340997.3,321494.246
600614.SH,20151105,9.3814,9.4412,9.172,9.2618,9.3614,-0.09960000000000058,-1.0639,402517.89,375655.479
600614.SH,20151104,8.9228,9.3714,8.9228,9.3614,8.9228,0.4385999999999992,4.9155,348869.51,321156.291
600614.SH,20151103,9.0524,9.2019,8.7234,8.9228,9.0923,-0.16949999999999932,-1.8642,247982.35,222758.13
600614.SH,20151102,9.2119,9.4312,9.0524,9.0923,9.4611,-0.36880000000000024,-3.8981,283694.63,262346.017
600614.SH,20151030,9.4611,9.7204,9.1022,9.4611,9.4911,-0.02999999999999936,-0.3161,406247.91,384984.18
600614.SH,20151029,9.2917,9.6805,9.2917,9.4911,9.2119,0.27919999999999945,3.0309,439058.81,418011.632
600614.SH,20151028,9.6705,9.9397,9.1222,9.2119,9.6904,-0.47850000000000037,-4.9379,794174.85,760879.671
600614.SH,20151027,8.863,9.6904,8.7732,9.6904,8.8131,0.8773,9.9545,873776.73,815928.378
600614.SH,20151026,9.0723,9.1421,8.6237,8.8131,8.8032,0.00990000000000002,0.1125,523648.5,467865.556
600614.SH,20151023,8.6237,8.9028,8.514,8.8032,8.5041,0.29910000000000103,3.5171,473367.14,413850.439
600614.SH,20151022,8.1751,8.6038,8.1651,8.5041,8.3047,0.1993999999999989,2.4011,515000.2,434175.705
600614.SH,20151021,8.9726,9.1321,8.3047,8.3047,9.2318,-0.9270999999999994,-10.0425,772070.25,678041.41
600614.SH,20151020,8.5838,9.2618,8.534,9.2318,8.4642,0.7675999999999998,9.0688,847177.09,762305.939
600614.SH,20151019,8.4542,8.6636,8.3445,8.4642,8.4442,0.019999999999999574,0.2368,612020.85,519412.73
600614.SH,20151016,8.6735,8.7533,8.2449,8.4442,8.6137,-0.16949999999999932,-1.9678,721075.14,610969.154
600614.SH,20151015,8.3545,8.6735,8.195,8.6137,8.4542,0.15949999999999953,1.8866,412602.67,350239.146
600614.SH,20151014,8.5041,8.6337,8.3545,8.4542,8.5041,-0.04989999999999917,-0.5868,390714.72,332970.836
600614.SH,20151013,8.4742,8.7334,8.2947,8.5041,8.4742,0.029899999999999594,0.3528,338446.09,288068.545
600614.SH,20151012,7.8162,8.5738,7.8162,8.4742,7.8162,0.6579999999999995,8.4184,444026.31,366504.018
600614.SH,20151009,7.537,7.9358,7.4872,7.8162,7.537,0.27920000000000034,3.7044,270815.81,211600.156
600614.SH,20151008,7.4772,7.6566,7.4273,7.537,7.2678,0.26919999999999966,3.704,207267.93,156560.941
600614.SH,20150930,7.2778,7.4473,7.1881,7.2678,7.1881,0.07969999999999988,1.1088,134384.68,98635.971
600614.SH,20150929,7.3177,7.4872,7.1283,7.1881,7.5669,-0.3788,-5.006,173027.31,127346.946
600614.SH,20150928,7.4772,7.6965,7.198,7.5669,7.6965,-0.12959999999999994,-1.6839,188095.0,141115.029
600614.SH,20150925,8.0554,8.1551,7.4174,7.6965,8.2449,-0.5483999999999991,-6.6514,354891.77,275333.598
600614.SH,20150924,8.6436,8.7732,8.1551,8.2449,8.4542,-0.2093000000000007,-2.4757,208277.34,175208.852
600614.SH,20150923,8.0156,8.4941,7.876,8.4542,8.0455,0.4086999999999996,5.0799,246666.02,411331.267
600614.SH,20150922,7.8511,8.1202,7.7264,8.0455,7.7962,0.24930000000000074,3.1977,170869.44,272300.722
600614.SH,20150921,7.3177,7.9208,7.228,7.7962,7.4921,0.30410000000000004,4.0589,169920.85,259842.417
600614.SH,20150918,7.876,7.876,7.198,7.4921,7.7962,-0.30410000000000004,-3.9006,199615.29,298863.588
600614.SH,20150917,8.1551,8.2997,7.7514,7.7962,8.6137,-0.8174999999999999,-9.4907,395677.48,636538.533
600614.SH,20150916,7.6068,9.2169,7.6068,8.6137,8.4542,0.15949999999999953,1.8866,435957.63,695399.992
600614.SH,20150915,8.4542,8.8979,8.4542,8.4542,9.3914,-0.9372000000000007,-9.9793,132170.73,224418.521
600614.SH,20150914,10.3584,10.3584,9.3914,9.3914,10.4332,-1.0417999999999985,-9.9854,145461.85,285127.818
600614.SH,20150911,10.4681,10.7173,9.8849,10.4332,10.9815,-0.5483000000000011,-4.9929,287196.18,592794.79
600614.SH,20150910,9.1172,11.1061,9.1172,10.9815,10.1291,0.8524000000000012,8.4154,512844.68,1010658.198
600614.SH,20150825,10.1291,10.1291,10.1291,10.1291,11.2557,-1.1265999999999998,-10.0092,13493.0,27417.776
600614.SH,20150824,11.46,11.46,11.2557,11.2557,12.5069,-1.2512000000000008,-10.0041,46027.0,104041.519
600614.SH,20150821,14.1568,14.1967,12.5069,12.5069,13.8976,-1.3907000000000007,-10.0068,172770.88,452254.412
600614.SH,20150820,14.2864,14.2864,13.5088,13.8976,14.6503,-0.752699999999999,-5.1378,120979.18,335181.04
600614.SH,20150819,13.8926,14.9295,13.3842,14.6503,14.8696,-0.2193000000000005,-1.4748,244493.3,678299.678
600614.SH,20150818,16.6741,16.8137,14.8696,14.8696,16.5196,-1.6500000000000004,-9.9881,124259.9,391413.447
600614.SH,20150817,16.7489,17.1128,16.1906,16.5196,16.4299,0.08970000000000056,0.546,162903.35,539240.446
600614.SH,20150814,15.8816,17.4468,15.8816,16.4299,15.8816,0.5482999999999993,3.4524,207844.23,694596.497
600614.SH,20150813,15.6024,15.9015,15.0192,15.8816,15.4529,0.42870000000000097,2.7742,157108.69,491059.321
600614.SH,20150812,14.7999,15.5476,14.7301,15.4529,14.7999,0.6530000000000005,4.4122,142205.48,435044.499
600614.SH,20150811,15.2535,15.3582,14.7101,14.7999,15.3582,-0.5583000000000009,-3.6352,144674.13,437077.673
600614.SH,20150810,15.2036,15.5775,14.8397,15.3582,15.0341,0.3240999999999996,2.1558,187134.98,569325.446
600614.SH,20150807,15.0192,15.089,14.7051,15.0341,14.9245,0.10960000000000036,0.7344,83973.17,250883.878
600614.SH,20150806,14.6055,14.9295,14.3064,14.9245,14.9245,0.0,0.0,64150.99,189049.984
600614.SH,20150805,14.9494,15.418,14.7051,14.9245,14.9045,0.019999999999999574,0.1342,94707.48,285766.262
600614.SH,20150804,14.3562,15.094,14.2067,14.9045,14.4758,0.42870000000000097,2.9615,105438.33,311927.844
600614.SH,20150803,14.8547,14.8547,13.9973,14.4758,14.8098,-0.33399999999999963,-2.2553,175958.82,505762.789
600614.SH,20150731,14.8098,15.0541,14.2117,14.8098,15.1139,-0.30410000000000004,-2.0121,170451.48,498707.907
600614.SH,20150730,14.7999,16.2604,14.3562,15.1139,14.7849,0.32899999999999885,2.2252,230977.78,713047.762
600614.SH,20150729,14.6752,14.7949,13.4739,14.7849,14.2615,0.5234000000000005,3.67,196845.26,560637.286
600614.SH,20150728,14.7999,15.0989,13.5985,14.2615,15.1089,-0.8474000000000004,-5.6086,300654.43,857533.671
600614.SH,20150727,14.4609,16.2504,14.1469,15.1089,15.5127,-0.4038000000000004,-2.603,377172.53,1151692.369
600614.SH,20150724,17.1975,17.2773,15.5127,15.5127,17.2374,-1.7247000000000003,-10.0056,411035.31,1351102.459
600614.SH,20150723,16.6646,17.581,16.4952,17.2373,16.9783,0.25900000000000034,1.5255,291388.77,988589.612
600614.SH,20150722,17.4216,17.4963,16.3608,16.9783,15.9075,1.0708000000000002,6.7314,507462.42,1759181.683
600614.SH,20150721,15.8876,15.9075,14.4632,15.9075,14.4632,1.4443000000000001,9.986,204147.43,635630.86
600614.SH,20150703,13.1982,14.9762,12.2569,14.4632,13.6165,0.8467000000000002,6.2182,393322.3,1086511.779
600614.SH,20150702,14.6923,15.6884,13.3924,13.6165,14.8816,-1.2651000000000003,-8.5011,271668.07,759045.408
600614.SH,20150701,14.8417,16.306,14.4433,14.8816,14.8816,0.0,0.0,263600.0,819884.584
600614.SH,20150630,13.4472,15.1655,12.4063,14.8816,13.7859,1.0957000000000008,7.948,314645.56,871924.757
600614.SH,20150629,14.6923,15.3846,12.725,13.7859,14.1395,-0.35360000000000014,-2.5008,315053.99,887572.873
600614.SH,20150626,17.2772,17.2772,14.1395,14.1395,15.7083,-1.5687999999999995,-9.9871,685471.36,2112977.275
600614.SH,20150625,15.7083,15.7083,15.7083,15.7083,14.2789,1.4293999999999993,10.0106,496.12,1564.762
600614.SH,20150624,14.2789,14.2789,14.2789,14.2789,12.979,1.299900000000001,10.0154,854.98,2451.228
600614.SH,20150623,12.979,12.979,12.979,12.979,11.7987,1.180299999999999,10.0036,3310.94,8628.31
600614.SH,20150327,10.8823,11.9531,10.5735,11.7987,10.8972,0.9015000000000004,8.2728,126204.06,284611.745
600614.SH,20150326,10.5635,11.2309,10.5635,10.8972,10.5386,0.35859999999999914,3.4027,204673.47,447504.991
600614.SH,20150325,9.5973,10.5386,9.418,10.5386,9.5824,0.9562000000000008,9.9787,181127.69,364026.554
600614.SH,20150324,9.4927,9.6073,9.3134,9.5824,9.4628,0.11960000000000015,1.2639,128430.31,243715.069
600614.SH,20150323,9.5625,9.6123,9.3632,9.4628,9.4778,-0.015000000000000568,-0.1583,102456.54,194948.683
600614.SH,20150320,9.5874,9.7069,9.3782,9.4778,9.5923,-0.1144999999999996,-1.1937,88448.86,169069.414
600614.SH,20150319,9.3931,9.672,9.2138,9.5923,9.3931,0.19919999999999938,2.1207,104450.41,199285.958
600614.SH,20150318,9.3632,9.5326,9.2138,9.3931,9.3782,0.014900000000000801,0.1589,71494.59,134902.975
600614.SH,20150317,9.433,9.6621,9.1989,9.3782,9.4379,-0.0597000000000012,-0.6326,129709.45,246916.406
600614.SH,20150316,9.1043,9.4927,9.1043,9.4379,9.1043,0.33360000000000056,3.6642,101226.97,190737.945
600614.SH,20150313,8.9797,9.1441,8.9548,9.1043,9.0196,0.08469999999999978,0.9391,74768.31,136052.139
600614.SH,20150312,9.1292,9.2238,8.8502,9.0196,9.0993,-0.079699999999999,-0.8759,86451.85,156876.871
600614.SH,20150311,8.9548,9.1391,8.8004,9.0993,9.0146,0.08469999999999978,0.9396,102388.22,185179.277
600614.SH,20150310,8.6809,9.1441,8.671,9.0146,8.6809,0.33370000000000033,3.8441,112254.29,204149.967
600614.SH,20150309,8.3024,8.7606,8.3024,8.6809,8.2924,0.38849999999999874,4.685,85720.51,147633.2
600614.SH,20150306,8.666,8.7158,8.2775,8.2924,8.6211,-0.32869999999999955,-3.8127,119614.61,203362.77
600614.SH,20150305,8.5813,8.8154,8.5664,8.6211,8.6461,-0.025000000000000355,-0.2891,78285.87,136484.147
600614.SH,20150304,8.5215,8.7158,8.3821,8.6461,8.5265,0.11960000000000015,1.4027,69583.94,119558.085
600614.SH,20150303,8.5614,8.6012,8.3373,8.5265,8.5464,-0.019899999999999807,-0.2328,88521.54,150656.227
600614.SH,20150302,8.0932,8.5664,8.0932,8.5464,8.0783,0.46809999999999974,5.7945,151366.83,255081.644
600614.SH,20150227,8.1032,8.3223,8.0434,8.0783,8.158,-0.079699999999999,-0.977,117245.63,192527.599
600614.SH,20150226,8.0185,8.2725,7.8193,8.158,7.9139,0.24409999999999954,3.0844,155286.5,253788.748
600614.SH,20150225,7.4308,8.0932,7.4308,7.9139,7.396,0.5179,7.0024,207696.05,326110.122
600614.SH,20150129,7.4109,7.6002,7.3611,7.396,7.4308,-0.03479999999999972,-0.4683,95901.66,143812.271
600614.SH,20150128,7.6848,7.7695,7.4209,7.4308,7.65,-0.21920000000000073,-2.8654,109097.05,164900.749
600614.SH,20150127,7.7695,7.8591,7.5304,7.65,7.6998,-0.0497999999999994,-0.6468,91074.73,140724.36
600614.SH,20150126,7.6002,7.7247,7.5703,7.6998,7.64,0.059800000000000075,0.7827,97049.76,149224.249
600614.SH,20150123,7.6101,7.894,7.5553,7.64,7.6101,0.029899999999999594,0.3929,118088.49,183756.812
600614.SH,20150122,7.5852,7.7197,7.4707,7.6101,7.5852,0.0248999999999997,0.3283,96725.21,147837.068
600614.SH,20150121,7.4607,7.6201,7.396,7.5852,7.4607,0.12450000000000028,1.6687,113187.67,170602.298
600614.SH,20150120,6.9925,7.6599,6.9925,7.4607,6.9925,0.4682000000000004,6.6957,159456.78,237223.899
600614.SH,20150119,7.2714,7.2714,6.878,6.9925,7.3113,-0.3188000000000004,-4.3604,143981.97,204656.454
600614.SH,20150116,7.3312,7.5005,7.2416,7.3113,7.3262,-0.014899999999999913,-0.2034,125172.31,184543.805
600614.SH,20150115,6.883,7.381,6.883,7.3262,6.9427,0.38349999999999973,5.5238,170690.33,247431.971
600614.SH,20150114,7.0224,7.0623,6.8531,6.9427,7.0174,-0.07469999999999999,-1.0645,107809.91,149981.02
600614.SH,20150113,6.5343,7.122,6.5343,7.0174,6.5991,0.41830000000000034,6.3387,157972.05,219784.058
600614.SH,20150112,6.7087,6.7734,6.5742,6.5991,6.7983,-0.19920000000000027,-2.9301,81089.13,108403.297
600614.SH,20150109,6.8431,7.0125,6.6738,6.7983,6.8431,-0.04479999999999951,-0.6547,120544.28,165690.391
600614.SH,20150108,6.9477,7.0623,6.7883,6.8431,6.9228,-0.07969999999999988,-1.1513,110412.3,153389.535
600614.SH,20150107,6.8083,6.9278,6.7236,6.9228,6.8282,0.0945999999999998,1.3854,125652.5,172829.135
600614.SH,20150106,6.7734,6.8979,6.6389,6.8282,6.7983,0.029899999999999594,0.4398,123890.35,168983.897
600614.SH,20150105,6.614,6.9477,6.5294,6.7983,6.624,0.17430000000000057,2.6313,148029.65,201268.988
600614.SH,20141231,6.4746,6.6589,6.2056,6.624,6.4547,0.16929999999999978,2.6229,172167.22,221413.792
600614.SH,20141230,6.8979,7.0922,6.4298,6.4547,6.9527,-0.4980000000000002,-7.1627,179187.06,242004.544
600614.SH,20141229,6.9228,7.1868,6.8232,6.9527,6.9826,-0.029899999999999594,-0.4282,180808.42,252592.729
600614.SH,20141226,6.4796,7.0473,6.4796,6.9826,6.5393,0.4432999999999998,6.779,244147.88,335550.819
600614.SH,20141225,6.5742,6.7734,6.4397,6.5393,6.5792,-0.03990000000000027,-0.6065,194386.4,257154.13
600614.SH,20141224,6.3152,6.7734,6.2654,6.5792,6.3252,0.25400000000000045,4.0157,321749.66,423436.493
600614.SH,20141223,6.0313,6.4248,5.8819,6.3252,6.0712,0.25399999999999956,4.1837,222929.58,277828.603
600614.SH,20141222,6.0761,6.3152,5.9765,6.0712,6.0463,0.02490000000000059,0.4118,259287.28,321607.321
600614.SH,20141219,5.9217,6.0612,5.8421,6.0463,5.8769,0.16939999999999955,2.8825,140123.54,167682.393
600614.SH,20141218,5.8321,6.0413,5.8122,5.8769,5.8421,0.03479999999999972,0.5957,101943.59,121434.344
600614.SH,20141217,5.9516,6.0263,5.7873,5.8421,5.9915,-0.14939999999999998,-2.4935,82238.31,97183.103
600614.SH,20141216,6.0164,6.0662,5.9367,5.9915,6.0214,-0.029899999999999594,-0.4966,84918.59,102121.164
600614.SH,20141215,5.852,6.101,5.8271,6.0214,5.8919,0.12950000000000017,2.1979,148485.42,179284.429
600614.SH,20141212,5.8719,5.9716,5.8022,5.8919,5.8719,0.019999999999999574,0.3406,119165.84,140946.02
600614.SH,20141211,5.7474,5.8769,5.6877,5.8719,5.7474,0.12450000000000028,2.1662,96959.09,112618.827
600614.SH,20141210,5.608,5.7624,5.5781,5.7474,5.5781,0.16929999999999978,3.0351,77043.24,88131.299
600614.SH,20141209,5.7574,5.857,5.5383,5.5781,5.7823,-0.20420000000000016,-3.5315,119450.96,137028.507
600614.SH,20141208,5.6777,5.867,5.613,5.7823,5.7375,0.044800000000000395,0.7808,111342.99,128188.185
600614.SH,20141205,5.9417,5.9566,5.6677,5.7375,5.9666,-0.22909999999999986,-3.8397,150573.42,174766.451
600614.SH,20141204,5.9267,6.101,5.8919,5.9666,5.9367,0.029899999999999594,0.5036,205877.78,248031.101
600614.SH,20141203,5.7723,5.9616,5.7375,5.9367,5.7574,0.17930000000000046,3.1143,184347.67,216811.768
600614.SH,20141202,5.7624,5.8371,5.7524,5.7574,5.7873,-0.029900000000000482,-0.5166,123546.97,143481.891
600614.SH,20141201,5.9018,5.9367,5.7425,5.7873,5.9217,-0.1344000000000003,-2.2696,97280.67,113862.656
600614.SH,20141128,5.9716,5.9765,5.8271,5.9217,5.9765,-0.054799999999999294,-0.9169,137331.93,162439.285
600614.SH,20141127,5.8221,5.9815,5.8022,5.9765,5.8072,0.16929999999999978,2.9153,173468.53,205620.178
600614.SH,20141126,5.867,5.8919,5.7275,5.8072,5.862,-0.05480000000000018,-0.9348,124090.31,144470.531
600614.SH,20141125,5.7275,5.9118,5.7026,5.862,5.7375,0.12450000000000028,2.1699,164903.58,193664.142
600614.SH,20141124,5.6976,5.7524,5.6478,5.7375,5.6528,0.08469999999999978,1.4984,92418.14,105871.601
600614.SH,20141121,5.6428,5.6976,5.6279,5.6528,5.6379,0.014899999999999913,0.2643,55706.54,63226.756
600614.SH,20141120,5.7175,5.7225,5.6179,5.6379,5.7175,-0.07960000000000012,-1.3922,43734.43,49813.689
600614.SH,20141119,5.7375,5.7574,5.6727,5.7175,5.7325,-0.01499999999999968,-0.2617,46283.07,53021.535
600614.SH,20141118,5.7026,5.7923,5.6976,5.7325,5.7325,0.0,0.0,74037.97,85428.81
600614.SH,20141117,5.6628,5.7325,5.5781,5.7325,5.6478,0.08469999999999978,1.4997,81787.11,93224.891
600614.SH,20141114,5.6478,5.7325,5.6179,5.6478,5.6628,-0.01499999999999968,-0.2649,74545.7,84968.941
600614.SH,20141113,5.613,5.6976,5.5084,5.6628,5.6229,0.03990000000000027,0.7096,72833.48,81916.745
600614.SH,20141112,5.5632,5.6329,5.4785,5.6229,5.5632,0.05969999999999942,1.0731,55419.65,61859.336
600614.SH,20141111,5.6229,5.7175,5.5283,5.5632,5.6229,-0.05969999999999942,-1.0617,100647.77,114032.138
600614.SH,20141110,5.593,5.6777,5.5432,5.6229,5.5432,0.07969999999999988,1.4378,55653.63,62789.235
600614.SH,20141107,5.6827,5.7275,5.5333,5.5432,5.6827,-0.13949999999999996,-2.4548,78262.65,88871.973
600614.SH,20141106,5.593,5.6926,5.5632,5.6827,5.6179,0.06479999999999997,1.1535,57801.79,65422.688
600614.SH,20141105,5.603,5.6279,5.5482,5.6179,5.593,0.0248999999999997,0.4452,50507.52,56791.529
600614.SH,20141104,5.6976,5.6976,5.5881,5.593,5.6976,-0.10460000000000047,-1.8359,73251.22,82900.855
600614.SH,20141103,5.7574,5.7873,5.6628,5.6976,5.7375,-0.03989999999999938,-0.6954,95891.97,109730.593
600614.SH,20141031,5.7225,5.7723,5.6478,5.7375,5.7225,0.01499999999999968,0.2621,70288.85,80763.399
600614.SH,20141030,5.6677,5.7524,5.6528,5.7225,5.6677,0.05480000000000018,0.9669,67675.77,77530.466
600614.SH,20141029,5.6777,5.7175,5.6279,5.6677,5.6827,-0.01499999999999968,-0.264,77004.91,87680.889
600614.SH,20141028,5.598,5.6926,5.5582,5.6827,5.5781,0.10459999999999958,1.8752,50913.96,57657.089
600614.SH,20141027,5.4785,5.5881,5.4785,5.5781,5.5084,0.0697000000000001,1.2653,39230.68,43677.689
600614.SH,20141024,5.4984,5.5681,5.4884,5.5084,5.4835,0.0248999999999997,0.4541,33589.74,37292.493
600614.SH,20141023,5.5781,5.613,5.4835,5.4835,5.5781,-0.0945999999999998,-1.6959,54648.69,60802.788
600614.SH,20141022,5.6428,5.6877,5.5731,5.5781,5.6379,-0.059800000000000075,-1.0607,49252.18,55573.202
600614.SH,20141021,5.7325,5.7823,5.6379,5.6379,5.7624,-0.12450000000000028,-2.1606,42499.3,48628.467
600614.SH,20141020,5.6528,5.7773,5.6279,5.7624,5.6478,0.11460000000000026,2.0291,72472.32,82905.877
600614.SH,20141017,5.7474,5.7723,5.5781,5.6478,5.7325,-0.08469999999999978,-1.4775,75097.0,85498.429
600614.SH,20141016,5.8819,5.8869,5.7225,5.7325,5.9317,-0.19920000000000027,-3.3582,114013.66,133053.803
600614.SH,20141015,5.9267,6.0014,5.8919,5.9317,5.9566,-0.0248999999999997,-0.418,91973.48,109430.411
600614.SH,20141014,5.8869,6.0164,5.852,5.9566,5.8769,0.07969999999999988,1.3562,195526.77,234013.728
600614.SH,20141013,5.8072,5.9018,5.7624,5.8769,5.7873,0.0895999999999999,1.5482,163401.17,191594.164
600614.SH,20141010,5.7026,5.8172,5.6827,5.7873,5.7574,0.029900000000000482,0.5193,110374.34,127517.48
600614.SH,20141009,5.8072,5.8371,5.7026,5.7574,5.7923,-0.034900000000000375,-0.6025,129286.88,149320.456
600614.SH,20141008,5.7026,5.8421,5.6976,5.7923,5.6777,0.11460000000000026,2.0184,144430.11,167699.959
600614.SH,20140930,5.613,5.7225,5.613,5.6777,5.613,0.06469999999999931,1.1527,127783.01,145758.76
600614.SH,20140929,5.6379,5.6578,5.593,5.613,5.608,0.005000000000000782,0.0892,112710.08,127138.139
600614.SH,20140926,5.593,5.6478,5.5781,5.608,5.593,0.01499999999999968,0.2682,66192.87,74573.143
600614.SH,20140925,5.608,5.6976,5.5681,5.593,5.613,-0.020000000000000462,-0.3563,106062.04,119805.463
600614.SH,20140924,5.5681,5.6329,5.5383,5.613,5.5881,0.02490000000000059,0.4456,87595.79,98508.525
600614.SH,20140923,5.608,5.6528,5.5283,5.5881,5.6229,-0.03479999999999972,-0.6189,93182.94,104317.935
600614.SH,20140922,5.6926,5.6976,5.598,5.6229,5.7126,-0.08970000000000056,-1.5702,91670.1,103597.198
600614.SH,20140919,5.6926,5.7723,5.6628,5.7126,5.7225,-0.00990000000000002,-0.173,99231.21,113966.097
600614.SH,20140918,5.8072,5.847,5.6279,5.7225,5.8869,-0.16439999999999966,-2.7926,314891.88,360452.614
600614.SH,20140917,5.6179,5.9666,5.5532,5.8869,5.6179,0.26900000000000013,4.7883,138731.72,160587.436
600614.SH,20140916,5.7972,5.852,5.593,5.6179,5.7972,-0.17930000000000046,-3.0929,132513.87,152500.821
600614.SH,20140915,5.603,5.8022,5.5881,5.7972,5.598,0.19920000000000027,3.5584,147890.42,169931.111
600614.SH,20140912,5.5632,5.608,5.5532,5.598,5.5681,0.029899999999999594,0.537,77428.55,86749.543
600614.SH,20140911,5.6528,5.6926,5.5482,5.5681,5.6478,-0.07969999999999988,-1.4112,136165.59,153608.881
600614.SH,20140910,5.6677,5.7175,5.613,5.6478,5.6677,-0.019899999999999807,-0.3511,115939.44,131691.256
600614.SH,20140909,5.6528,5.7375,5.5731,5.6677,5.7175,-0.04980000000000029,-0.871,166906.56,188641.645
600614.SH,20140905,6.2455,6.2455,5.6976,5.7175,5.8919,-0.17439999999999944,-2.96,373337.81,442560.235
600614.SH,20140827,5.6976,5.9217,5.6777,5.8919,5.7026,0.18929999999999936,3.3195,139235.34,162635.148
600614.SH,20140826,5.7923,5.8919,5.6827,5.7026,5.8221,-0.1194999999999995,-2.0525,207826.17,242242.97
600614.SH,20140825,5.7325,5.8271,5.6279,5.8221,5.7026,0.1194999999999995,2.0955,199478.1,230177.65
600614.SH,20140822,5.5482,5.7225,5.5283,5.7026,5.5532,0.14939999999999998,2.6903,208916.56,236598.768
600614.SH,20140821,5.5183,5.5632,5.4536,5.5532,5.5333,0.019900000000000695,0.3596,115043.06,127085.071
600614.SH,20140820,5.5383,5.5781,5.5084,5.5333,5.5333,0.0,0.0,94004.8,104577.689
600614.SH,20140819,5.4984,5.5681,5.4735,5.5333,5.4934,0.03989999999999938,0.7263,112817.79,124922.636
600614.SH,20140818,5.4038,5.5183,5.4038,5.4934,5.4038,0.0895999999999999,1.6581,110104.01,120955.565
600614.SH,20140815,5.3888,5.4337,5.3639,5.4038,5.3888,0.015000000000000568,0.2784,77302.69,83771.753
600614.SH,20140814,5.5432,5.5681,5.344,5.3888,5.5881,-0.19930000000000003,-3.5665,135896.9,149065.949
600614.SH,20140813,5.5233,5.6279,5.4884,5.5881,5.5134,0.07469999999999999,1.3549,127933.4,143191.137
600614.SH,20140812,5.4735,5.5432,5.3938,5.5134,5.4635,0.049900000000000055,0.9133,90156.27,99096.731
600614.SH,20140811,5.4436,5.4835,5.3839,5.4635,5.4486,0.014899999999999913,0.2735,93835.5,102625.124
600614.SH,20140808,5.4685,5.5283,5.3938,5.4486,5.4884,-0.0398000000000005,-0.7252,72055.3,78814.319
600614.SH,20140807,5.5881,5.5881,5.4785,5.4884,5.603,-0.11459999999999937,-2.0453,114369.44,126744.749
600614.SH,20140806,5.4038,5.6926,5.3241,5.603,5.3938,0.20920000000000005,3.8785,200546.54,223327.719
600614.SH,20140805,5.4536,5.4536,5.344,5.3938,5.4137,-0.019900000000000695,-0.3676,81991.64,88722.881
600614.SH,20140804,5.3092,5.4187,5.3042,5.4137,5.3291,0.08460000000000001,1.5875,98845.74,106302.674
600614.SH,20140801,5.349,5.4237,5.2892,5.3291,5.3689,-0.03979999999999961,-0.7413,93758.3,100977.693
600614.SH,20140731,5.339,5.3739,5.2892,5.3689,5.344,0.0248999999999997,0.4659,86712.25,92895.946
600614.SH,20140730,5.4038,5.4486,5.3141,5.344,5.4137,-0.0697000000000001,-1.2875,118328.25,127239.913
600614.SH,20140729,5.3888,5.5034,5.3689,5.4137,5.3988,0.014900000000000801,0.276,137966.51,150257.597
600614.SH,20140728,5.3341,5.4187,5.3092,5.3988,5.3291,0.06969999999999921,1.3079,139985.98,151037.331
600614.SH,20140725,5.1946,5.3639,5.1846,5.3291,5.1946,0.13450000000000006,2.5892,154949.42,164623.311
600614.SH,20140724,5.1597,5.2046,5.1299,5.1946,5.1498,0.044800000000000395,0.8699,89707.91,93291.924
600614.SH,20140723,5.2892,5.2942,5.1299,5.1498,5.3191,-0.16929999999999978,-3.1829,105569.86,110275.597
600614.SH,20140722,5.2494,5.3639,5.2195,5.3191,5.2992,0.019899999999999807,0.3755,133845.02,141935.527
600614.SH,20140721,5.2245,5.3191,5.1099,5.2992,5.2344,0.06479999999999997,1.238,153810.48,160368.246
600614.SH,20140718,5.4635,5.4635,5.1797,5.2344,5.4884,-0.25400000000000045,-4.6279,196692.11,209473.077
600614.SH,20140717,5.5781,5.598,5.4187,5.4884,5.598,-0.10959999999999948,-1.9578,189716.12,210166.694
600614.SH,20140716,5.5532,5.6677,5.4934,5.598,5.5881,0.00990000000000002,0.1772,222194.79,248852.627
600614.SH,20140715,5.4187,5.6976,5.3789,5.5881,5.4486,0.13949999999999996,2.5603,253553.1,281094.978
600614.SH,20140714,5.349,5.4536,5.2843,5.4486,5.3689,0.07969999999999988,1.4845,205741.78,221231.263
600614.SH,20140711,5.3291,5.4536,5.2843,5.3689,5.3888,-0.019899999999999807,-0.3693,196545.6,211650.5
600614.SH,20140710,5.1548,5.4685,5.1299,5.3888,5.1946,0.19419999999999948,3.7385,234028.64,249230.666
600614.SH,20140709,5.09,5.1996,5.0651,5.1946,5.1,0.09460000000000068,1.8549,173681.44,178710.35
600614.SH,20140708,5.1299,5.1448,5.0553,5.1,5.1597,-0.05970000000000031,-1.157,144254.89,147311.608
600614.SH,20140707,5.1299,5.1597,5.0453,5.1597,5.1696,-0.00990000000000002,-0.1915,135955.84,139878.95
600614.SH,20140704,5.1597,5.1895,5.1149,5.1696,5.1945,-0.0248999999999997,-0.4794,158634.26,164239.572
600614.SH,20140703,5.1398,5.2144,5.0702,5.1945,5.1845,0.009999999999999787,0.1929,207465.36,214553.68
600614.SH,20140702,5.1448,5.2144,5.0702,5.1845,5.1945,-0.009999999999999787,-0.1925,189396.97,196237.638
600614.SH,20140701,4.9708,5.1945,4.936,5.1945,4.9907,0.20379999999999932,4.0836,224106.63,228650.256
600614.SH,20140630,4.8565,5.0006,4.7968,4.9907,4.8714,0.11929999999999996,2.449,168511.35,166437.006
600614.SH,20140627,4.8217,4.8962,4.7769,4.8714,4.8515,0.019900000000000695,0.4102,114260.82,111371.602
600614.SH,20140626,4.8167,4.8813,4.7769,4.8515,4.8167,0.03479999999999972,0.7225,123901.1,120055.957
600614.SH,20140625,4.8217,4.8366,4.772,4.8167,4.8565,-0.03979999999999961,-0.8195,65624.76,63465.995
600614.SH,20140624,4.762,4.8962,4.7272,4.8565,4.7968,0.05969999999999942,1.2446,142227.88,137950.556
600614.SH,20140623,4.6825,4.8465,4.6427,4.7968,4.6875,0.10930000000000017,2.3317,145192.29,137963.78
600614.SH,20140620,4.6377,4.7123,4.6179,4.6875,4.6676,0.019899999999999807,0.4263,59352.77,55684.408
600614.SH,20140619,4.7024,4.762,4.6228,4.6676,4.7372,-0.06959999999999944,-1.4692,86679.63,81441.775
600614.SH,20140618,4.8515,4.8515,4.7024,4.7372,4.8763,-0.1391,-2.8526,104788.97,100249.851
600614.SH,20140617,4.6129,4.9062,4.593,4.8763,4.6328,0.24350000000000005,5.256,176353.26,169149.29
600614.SH,20140616,4.6427,4.6427,4.5731,4.6328,4.6576,-0.02480000000000082,-0.5325,75151.5,69664.158
600614.SH,20140613,4.6377,4.6676,4.593,4.6576,4.6427,0.014900000000000801,0.3209,78450.37,73071.77
600614.SH,20140612,4.6676,4.6676,4.6129,4.6427,4.6924,-0.04970000000000052,-1.0592,64993.89,60519.944
600614.SH,20140611,4.6576,4.6924,4.598,4.6924,4.6676,0.024799999999999933,0.5313,67984.71,63564.826
600614.SH,20140610,4.6825,4.6875,4.6377,4.6676,4.6775,-0.00990000000000002,-0.2117,39735.59,37272.97
600614.SH,20140609,4.6875,4.6974,4.6427,4.6775,4.7024,-0.0248999999999997,-0.5295,37670.07,35378.013
600614.SH,20140606,4.7521,4.762,4.6576,4.7024,4.7869,-0.08450000000000024,-1.7652,52436.13,49519.736
600614.SH,20140605,4.7421,4.7918,4.6576,4.7869,4.7521,0.03479999999999972,0.7323,54821.39,51979.86
600614.SH,20140604,4.8018,4.8018,4.7222,4.7521,4.8067,-0.05459999999999976,-1.1359,32838.3,31382.872
600614.SH,20140603,4.7968,4.8117,4.772,4.8067,4.7968,0.00990000000000002,0.2064,20668.46,19945.672
600614.SH,20140530,4.8018,4.8117,4.757,4.7968,4.8067,-0.00990000000000002,-0.206,30331.82,29234.097
600614.SH,20140529,4.8266,4.8266,4.772,4.8067,4.8266,-0.019899999999999807,-0.4123,39207.71,37791.141
600614.SH,20140528,4.8018,4.8415,4.772,4.8266,4.8117,0.014899999999999913,0.3097,40176.38,38893.385
600614.SH,20140527,4.8217,4.8316,4.7869,4.8117,4.8217,-0.009999999999999787,-0.2074,28663.45,27704.956
600614.SH,20140526,4.8117,4.8465,4.8018,4.8217,4.8167,0.004999999999999893,0.1038,31659.89,30677.772
600614.SH,20140523,4.8018,4.8266,4.7769,4.8167,4.8217,-0.004999999999999893,-0.1037,30814.35,29751.091
600614.SH,20140522,4.8515,4.8664,4.8167,4.8217,4.8714,-0.04970000000000052,-1.0202,59538.8,57916.425
600614.SH,20140521,4.8415,4.8813,4.8018,4.8714,4.8813,-0.00990000000000002,-0.2028,45108.59,43896.759
600614.SH,20140520,4.8714,4.8913,4.7918,4.8813,4.8913,-0.009999999999999787,-0.2044,54942.15,53459.37
600614.SH,20140519,4.8664,4.8962,4.7769,4.8913,4.8863,0.004999999999999893,0.1023,40294.15,39192.964
600614.SH,20140516,4.8913,4.9111,4.7819,4.8863,4.9161,-0.029799999999999827,-0.6062,39289.97,38224.626
600614.SH,20140515,4.9459,4.9459,4.8415,4.9161,4.9608,-0.04469999999999974,-0.9011,49245.7,48503.626
600614.SH,20140514,5.0304,5.0354,4.9211,4.9608,5.0304,-0.06960000000000033,-1.3836,51823.81,51787.107
600614.SH,20140513,5.0304,5.0453,4.9608,5.0304,5.0106,0.01980000000000004,0.3952,55216.04,55593.55
600614.SH,20140512,4.941,5.0453,4.9062,5.0106,4.9211,0.08950000000000014,1.8187,73003.73,73479.131
600614.SH,20140509,4.9211,4.9608,4.8614,4.9211,4.9459,-0.024799999999999933,-0.5014,27332.33,26972.221
600614.SH,20140508,4.8962,4.9658,4.8763,4.9459,4.926,0.019899999999999807,0.404,33158.75,32861.485
600614.SH,20140507,4.9608,4.9608,4.8813,4.926,4.9907,-0.0647000000000002,-1.2964,35573.49,35204.255
600614.SH,20140506,4.926,5.0056,4.9062,4.9907,4.9559,0.03480000000000061,0.7022,43197.72,42988.685
600614.SH,20140505,4.9161,4.9658,4.8018,4.9559,4.9161,0.03979999999999961,0.8096,38189.25,37431.894
600614.SH,20140430,4.9608,4.9608,4.8863,4.9161,4.941,-0.0248999999999997,-0.5039,24447.37,24162.183
600614.SH,20140429,4.8962,4.9509,4.8316,4.941,4.9211,0.019899999999999807,0.4044,31732.76,31269.198
600614.SH,20140428,4.9956,4.9956,4.762,4.9211,5.0205,-0.09940000000000015,-1.9799,60374.51,59493.377
600614.SH,20140425,5.1448,5.1746,4.9956,5.0205,5.1796,-0.15909999999999958,-3.0717,53721.64,54813.459
600614.SH,20140424,5.1796,5.2094,5.11,5.1796,5.1696,0.009999999999999787,0.1934,61742.79,64294.344
600614.SH,20140423,5.269,5.3138,5.1646,5.1696,5.3187,-0.1490999999999998,-2.8033,76618.65,80644.42
600614.SH,20140422,5.4231,5.4579,5.2591,5.3187,5.4182,-0.09949999999999992,-1.8364,85790.13,92356.444
600614.SH,20140421,5.4281,5.4629,5.3237,5.4182,5.4877,-0.06950000000000056,-1.2665,93252.13,101327.72
600614.SH,20140418,5.438,5.5424,5.3734,5.4877,5.443,0.04470000000000063,0.8212,87886.25,96762.984
600614.SH,20140417,5.5673,5.6468,5.438,5.443,5.5921,-0.14910000000000068,-2.6663,156303.04,173472.707
600614.SH,20140416,6.3527,6.3527,5.5772,5.5921,5.9351,-0.34299999999999997,-5.7792,349506.83,406622.382
600614.SH,20140415,5.9351,5.9351,5.9351,5.9351,5.3933,0.5418000000000003,10.0458,38306.14,45737.531
600614.SH,20140414,5.3933,5.3933,5.3933,5.3933,4.9012,0.49209999999999976,10.0404,12128.62,13159.553
600614.SH,20140117,4.9708,4.9708,4.8614,4.9012,4.9807,-0.07949999999999946,-1.5962,78081.23,77141.742
600614.SH,20140116,4.9658,5.0056,4.926,4.9807,4.9608,0.019899999999999807,0.4011,98112.86,98095.905
600614.SH,20140115,5.0006,5.0304,4.941,4.9608,5.0255,-0.0647000000000002,-1.2874,52255.47,52372.393
600614.SH,20140114,4.9956,5.0304,4.9211,5.0255,5.0106,0.014899999999999913,0.2974,91422.93,91663.593
600614.SH,20140113,4.936,5.0354,4.8714,5.0106,4.936,0.07460000000000022,1.5113,94595.41,94427.279
600614.SH,20140110,4.9907,5.0404,4.9111,4.936,4.9907,-0.054700000000000415,-1.096,64946.87,64720.894
600614.SH,20140109,5.0354,5.0503,4.9658,4.9907,5.0503,-0.05959999999999965,-1.1801,56323.8,56818.969
600614.SH,20140108,5.0652,5.1398,5.0106,5.0503,5.0851,-0.03479999999999972,-0.6844,72146.52,73494.937
600614.SH,20140107,5.0354,5.1199,4.9758,5.0851,5.0453,0.03979999999999961,0.7889,85759.54,87272.921
600614.SH,20140106,5.1646,5.1945,5.0205,5.0453,5.1945,-0.14919999999999956,-2.8723,62424.98,63745.143
600614.SH,20140103,5.2989,5.2989,5.1448,5.1945,5.1945,0.0,0.0,101915.46,107102.196
600614.SH,20140102,5.1149,5.2094,5.0752,5.1945,5.1845,0.009999999999999787,0.1929,105969.09,110004.335
600614.SH,20131231,5.1299,5.2044,5.0453,5.1845,5.1746,0.00990000000000002,0.1913,131235.46,135386.719
600614.SH,20131230,5.0851,5.1746,5.0255,5.1746,5.1448,0.029799999999999827,0.5792,154921.95,158832.145
600614.SH,20131227,4.9211,5.2094,4.8714,5.1448,4.9459,0.19890000000000008,4.0215,118354.49,119409.115
600614.SH,20131226,5.0155,5.0155,4.8614,4.9459,5.0056,-0.05970000000000031,-1.1927,65457.49,64940.564
600614.SH,20131225,4.9907,5.0354,4.9608,5.0056,4.9956,0.010000000000000675,0.2002,56598.77,56783.222
600614.SH,20131224,5.0255,5.0901,4.9509,4.9956,5.0155,-0.019900000000000695,-0.3968,59574.62,59896.84
600614.SH,20131223,5.0951,5.1,4.8515,5.0155,5.105,-0.08950000000000014,-1.7532,74013.49,74399.73
600614.SH,20131220,5.1398,5.1646,5.0801,5.105,5.1597,-0.05469999999999953,-1.0601,58065.53,59971.084
600614.SH,20131219,5.2293,5.2591,5.1199,5.1597,5.2293,-0.06960000000000033,-1.331,46255.04,48227.885
600614.SH,20131218,5.269,5.274,5.1994,5.2293,5.2243,0.004999999999999893,0.0957,47637.86,50096.734
600614.SH,20131217,5.274,5.2989,5.1945,5.2243,5.2839,-0.05959999999999965,-1.128,47866.71,50432.901
600614.SH,20131216,5.2591,5.3138,5.2193,5.2839,5.2591,0.024799999999999933,0.4716,74702.17,79122.623
600614.SH,20131213,5.2591,5.274,5.2094,5.2591,5.274,-0.014899999999999913,-0.2825,31796.04,33566.878
600614.SH,20131212,5.2591,5.2889,5.2491,5.274,5.269,0.004999999999999893,0.0949,37186.41,39413.852
600614.SH,20131211,5.2889,5.3038,5.2293,5.269,5.3138,-0.04479999999999951,-0.8431,52922.83,55984.467
600614.SH,20131210,5.2591,5.3138,5.2342,5.3138,5.2591,0.05469999999999953,1.0401,75761.77,80649.075
600614.SH,20131209,5.2839,5.3088,5.2243,5.2591,5.274,-0.014899999999999913,-0.2825,58127.08,61389.184
600614.SH,20131206,5.3038,5.3187,5.2442,5.274,5.3088,-0.03479999999999972,-0.6555,66319.61,70363.968
600614.SH,20131205,5.2889,5.3635,5.269,5.3088,5.3038,0.004999999999999893,0.0943,69362.74,74065.045
600614.SH,20131204,5.2044,5.3436,5.1696,5.3038,5.2293,0.07449999999999957,1.4247,85405.38,90812.061
600614.SH,20131203,5.1746,5.2342,5.1497,5.2293,5.1945,0.03480000000000061,0.6699,82772.41,86444.997
600614.SH,20131202,5.2939,5.3933,5.1448,5.1945,5.438,-0.24350000000000005,-4.4777,85802.07,90213.143
600614.SH,20131129,5.4778,5.4877,5.4082,5.438,5.5126,-0.07460000000000022,-1.3533,81415.85,89076.186
600614.SH,20131128,5.3933,5.5872,5.3138,5.5126,5.3784,0.13419999999999987,2.4952,167843.59,183995.473
600614.SH,20131127,5.2541,5.3933,5.2293,5.3784,5.2591,0.11929999999999996,2.2684,115183.73,122824.156
600614.SH,20131126,5.2342,5.2641,5.1845,5.2591,5.2293,0.029799999999999827,0.5699,80900.77,85142.949
600614.SH,20131125,5.2094,5.2442,5.1646,5.2293,5.2243,0.004999999999999893,0.0957,52967.22,55542.739
600614.SH,20131122,5.2442,5.2442,5.1845,5.2243,5.2491,-0.024799999999999933,-0.4725,51884.38,54384.144
600614.SH,20131121,5.279,5.279,5.2094,5.2491,5.2889,-0.03979999999999961,-0.7525,69297.86,72973.698
600614.SH,20131120,5.2839,5.2989,5.2193,5.2889,5.274,0.014899999999999913,0.2825,78159.29,82699.453
600614.SH,20131119,5.3386,5.3386,5.2193,5.274,5.3436,-0.06960000000000033,-1.3025,102929.02,109225.028
600614.SH,20131118,5.274,5.3585,5.2293,5.3436,5.279,0.06460000000000043,1.2237,127192.79,135470.763
600614.SH,20131115,5.1895,5.2889,5.1497,5.279,5.2094,0.06960000000000033,1.336,140775.01,147952.541
600614.SH,20131114,5.1547,5.2591,5.1,5.2094,5.1497,0.05969999999999942,1.1593,115001.34,119058.532
600614.SH,20131113,5.2193,5.2193,5.0851,5.1497,5.2193,-0.06959999999999944,-1.3335,50847.9,52801.784
600614.SH,20131112,5.2193,5.2442,5.1547,5.2193,5.2144,0.004899999999999238,0.094,52860.34,55308.609
600614.SH,20131111,5.1895,5.2392,5.1646,5.2144,5.1994,0.015000000000000568,0.2885,65857.77,68956.264
600614.SH,20131108,5.1845,5.2342,5.1,5.1994,5.2094,-0.009999999999999787,-0.192,52432.5,54265.265
600614.SH,20131107,5.2293,5.2939,5.1746,5.2094,5.2442,-0.03480000000000061,-0.6636,43001.35,45258.635
600614.SH,20131106,5.2442,5.2989,5.2094,5.2442,5.2591,-0.014899999999999913,-0.2833,64073.03,67776.753
600614.SH,20131105,5.1696,5.2641,5.1249,5.2591,5.2044,0.054700000000000415,1.051,59854.45,62586.169
600614.SH,20131104,5.2243,5.2342,5.1497,5.2044,5.1696,0.03479999999999972,0.6732,48160.87,50177.073
600614.SH,20131101,5.105,5.2491,5.0951,5.1696,5.1299,0.039699999999999847,0.7739,70588.54,73295.202
600614.SH,20131031,5.2144,5.2144,5.0752,5.1299,5.1895,-0.05959999999999965,-1.1485,53779.14,55473.829
600614.SH,20131030,5.2243,5.269,5.0951,5.1895,5.2193,-0.029799999999999827,-0.571,70825.6,74036.542
600614.SH,20131029,5.5673,5.5772,5.0801,5.2193,5.5524,-0.33309999999999995,-5.9992,89724.99,96523.168
600614.SH,20131028,5.9053,6.0146,5.4679,5.5524,5.9948,-0.4424000000000001,-7.3797,125098.15,143293.638
600614.SH,20131025,6.3626,6.5366,5.8655,5.9948,6.2831,-0.28830000000000044,-4.5885,152496.06,191852.672
600614.SH,20131024,6.2185,6.288,6.0743,6.2831,6.2035,0.07960000000000012,1.2831,88992.71,110921.81
600614.SH,20131023,6.0743,6.2632,6.0345,6.2035,6.0494,0.15409999999999968,2.5474,141864.35,176439.001
600614.SH,20131022,5.9898,6.0892,5.8606,6.0494,5.95,0.09940000000000015,1.6706,119778.92,143416.983
600614.SH,20131021,5.9053,5.96,5.8158,5.95,5.8804,0.06960000000000033,1.1836,60180.08,71482.402
600614.SH,20131018,5.8158,5.8954,5.7263,5.8804,5.8108,0.06959999999999944,1.1978,49494.23,58024.47
600614.SH,20131017,5.9301,5.9848,5.8009,5.8108,5.9152,-0.10439999999999916,-1.7649,57688.81,68286.188
600614.SH,20131016,6.124,6.124,5.9053,5.9152,6.1141,-0.19890000000000008,-3.2531,63755.78,76732.934
600614.SH,20131015,6.0644,6.129,6.0494,6.1141,6.0445,0.06959999999999944,1.1515,63017.46,77184.434
600614.SH,20131014,6.1041,6.1538,6.0196,6.0445,6.1091,-0.06459999999999955,-1.0574,58699.32,71593.749
600614.SH,20131011,6.0743,6.129,6.0395,6.1091,6.0445,0.06459999999999955,1.0687,50422.49,61771.711
600614.SH,20131010,6.1141,6.1588,6.0196,6.0445,6.1439,-0.09940000000000015,-1.6179,58438.77,71302.326
600614.SH,20131009,6.1091,6.1986,6.0594,6.1439,6.129,0.014900000000000801,0.2431,85581.59,105479.05
600614.SH,20131008,5.9003,6.293,5.8904,6.129,5.8804,0.2485999999999997,4.2276,146316.61,180103.714
600614.SH,20130930,5.9152,5.9451,5.8158,5.8804,5.8804,0.0,0.0,38931.18,45917.766
600614.SH,20130927,6.0146,6.1041,5.8655,5.8804,6.0345,-0.15410000000000057,-2.5536,77624.85,93504.967
600614.SH,20130926,6.0793,6.2035,6.0246,6.0345,6.0644,-0.029899999999999594,-0.493,59536.72,73328.774
600614.SH,20130925,6.1439,6.2085,6.0494,6.0644,6.1439,-0.07950000000000035,-1.294,61014.97,75244.669
600614.SH,20130924,6.2582,6.2582,6.1339,6.1439,6.2632,-0.11929999999999996,-1.9048,57292.89,71112.485
600614.SH,20130923,6.1986,6.2682,6.119,6.2632,6.1986,0.06460000000000043,1.0422,71586.22,89253.622
600614.SH,20130918,6.1886,6.2781,6.1439,6.1986,6.1986,0.0,0.0,32616.97,40628.052
600614.SH,20130917,6.3179,6.3477,6.1588,6.1986,6.303,-0.10440000000000005,-1.6564,48154.39,60649.895
600614.SH,20130916,6.4421,6.457,6.288,6.303,6.4272,-0.12420000000000009,-1.9324,71920.56,91857.809
600614.SH,20130913,6.4123,6.5366,6.4073,6.4272,6.4073,0.019899999999999807,0.3106,59344.0,77236.619
600614.SH,20130912,6.4819,6.5117,6.3924,6.4073,6.4819,-0.07460000000000022,-1.1509,70972.82,92103.19
600614.SH,20130911,6.6211,6.7354,6.4521,6.4819,6.636,-0.15409999999999968,-2.3222,91016.85,120564.266
600614.SH,20130910,6.4869,6.7603,6.462,6.636,6.4869,0.1490999999999998,2.2985,118032.37,156818.02
600614.SH,20130909,6.462,6.5416,6.4521,6.4869,6.467,0.019900000000000695,0.3077,66299.81,86678.488
600614.SH,20130906,6.4073,6.6559,6.3974,6.467,6.3974,0.06959999999999944,1.0879,79891.12,104326.056
600614.SH,20130905,6.5763,6.5813,6.3875,6.3974,6.6012,-0.2038000000000002,-3.0873,91504.45,118782.199
600614.SH,20130904,6.5714,6.6609,6.5117,6.6012,6.5962,0.005000000000000782,0.0758,62807.93,83058.041
600614.SH,20130903,6.7951,6.7951,6.5266,6.5962,6.6708,-0.07460000000000022,-1.1183,105732.83,140188.56
600614.SH,20130902,6.7603,6.8149,6.6261,6.6708,6.6459,0.0248999999999997,0.3747,85510.54,115446.421
600614.SH,20130830,6.6509,6.7901,6.6062,6.6459,6.636,0.00990000000000002,0.1492,86374.92,116237.27
600614.SH,20130829,6.7304,6.7851,6.5863,6.636,6.7851,-0.1490999999999998,-2.1975,89418.38,119757.499
600614.SH,20130828,6.7354,6.8497,6.5614,6.7851,6.81,-0.0248999999999997,-0.3656,151797.73,203849.636
600614.SH,20130827,6.8597,6.8994,6.7404,6.81,6.8299,-0.019900000000000695,-0.2914,160541.45,220657.959
600614.SH,20130826,6.9492,7.0535,6.8199,6.8299,6.9243,-0.09439999999999937,-1.3633,303274.85,423727.657
600614.SH,20130823,6.9193,6.9939,6.81,6.9243,6.8895,0.03479999999999972,0.5051,103496.77,143991.522
600614.SH,20130822,7.2573,7.5506,6.8597,6.8895,7.2723,-0.3828000000000005,-5.2638,235825.25,339249.011
600614.SH,20130821,6.7404,7.3319,6.7404,7.2723,6.7752,0.49710000000000054,7.3371,209278.75,303787.132
600614.SH,20130820,6.6609,6.7851,6.4968,6.7752,6.641,0.13419999999999987,2.0208,127686.89,169889.705
600614.SH,20130819,6.4918,6.6857,6.467,6.641,6.5217,0.11929999999999996,1.8293,68210.92,90986.448
600614.SH,20130816,6.7454,6.805,6.4123,6.5217,6.7404,-0.21870000000000012,-3.2446,82127.15,108912.287
600614.SH,20130815,6.7851,6.8547,6.7205,6.7404,6.805,-0.06459999999999955,-0.9493,44521.24,60849.841
600614.SH,20130814,6.9342,7.0088,6.7652,6.805,6.9392,-0.13419999999999987,-1.9339,78816.08,108736.237
600614.SH,20130813,6.8448,7.0585,6.7354,6.9392,6.9392,0.0,0.0,120210.82,166689.831
600614.SH,20130812,7.2474,7.2573,6.9044,6.9392,7.322,-0.3828000000000005,-5.2281,236032.79,333079.741
600614.SH,20130809,6.7752,7.4512,6.7553,7.322,6.7752,0.5468000000000002,8.0706,144216.1,204063.526
600614.SH,20130808,6.8348,6.9094,6.6758,6.7752,6.7901,-0.014899999999999913,-0.2194,68144.43,92916.882
600614.SH,20130807,6.9591,7.0038,6.7752,6.7901,6.974,-0.1839000000000004,-2.6369,58907.67,81369.59
600614.SH,20130806,6.9989,7.0237,6.8945,6.974,6.9939,-0.019899999999999807,-0.2845,45445.44,63593.281
600614.SH,20130805,6.9939,7.1082,6.9144,6.9939,6.9939,0.0,0.0,55820.48,78826.626
600614.SH,20130802,6.8945,7.0187,6.7901,6.9939,6.8,0.19390000000000018,2.8515,65870.23,91357.242
600614.SH,20130801,6.7652,6.8497,6.7503,6.8,6.7603,0.039699999999999847,0.5873,48848.48,66850.301
600614.SH,20130731,6.7205,6.805,6.6857,6.7603,6.7553,0.004999999999999893,0.074,36313.58,49374.626
600614.SH,20130730,6.7404,6.8547,6.6857,6.7553,6.7304,0.0248999999999997,0.37,44359.72,60480.278
600614.SH,20130729,6.9094,6.9293,6.6857,6.7304,6.9094,-0.17899999999999938,-2.5907,71473.84,97719.355
600614.SH,20130726,7.1281,7.2176,6.8149,6.9094,7.1281,-0.21870000000000012,-3.0681,91670.3,128964.328
600614.SH,20130725,7.3071,7.322,6.9641,7.1281,7.3071,-0.17900000000000027,-2.4497,63239.64,91202.859
600614.SH,20130724,7.3965,7.4512,7.2076,7.3071,7.4015,-0.09440000000000026,-1.2754,57350.2,84564.482
600614.SH,20130723,7.4015,7.5556,7.2474,7.4015,7.4015,0.0,0.0,108439.08,160941.929
600614.SH,20130722,7.5954,7.5954,7.2872,7.4015,7.6003,-0.19879999999999942,-2.6157,62431.44,92976.109
600614.SH,20130719,7.5208,7.7047,7.4562,7.6003,7.5109,0.08939999999999948,1.1903,83837.21,127948.971
600614.SH,20130718,7.6948,7.7942,7.4462,7.5109,7.6948,-0.1838999999999995,-2.3899,38547.29,58901.199
600614.SH,20130717,7.7644,7.8389,7.6351,7.6948,7.7892,-0.09440000000000026,-1.2119,50337.55,78110.016
600614.SH,20130716,7.4661,7.8837,7.3568,7.7892,7.486,0.30320000000000036,4.0502,147012.83,226254.539
600614.SH,20130715,7.2126,7.5059,7.1281,7.486,7.2822,0.2038000000000002,2.7986,105978.38,155269.556
600614.SH,20130712,7.4065,7.5804,7.2126,7.2822,7.4313,-0.14910000000000068,-2.0064,91710.3,136921.723
600614.SH,20130711,7.5059,7.6053,7.322,7.4313,7.5109,-0.07960000000000012,-1.0598,105329.04,156936.568
600614.SH,20130710,7.2971,7.5755,7.2573,7.5109,7.3021,0.2088000000000001,2.8595,85690.09,127946.894
600614.SH,20130709,7.3568,7.4065,7.2226,7.3021,7.3866,-0.08449999999999935,-1.144,45322.48,66528.834
600614.SH,20130708,7.5556,7.5854,7.2822,7.3866,7.6003,-0.21370000000000022,-2.8117,82746.39,122509.761
600614.SH,20130705,7.4562,7.7544,7.2524,7.6003,7.4611,0.13919999999999977,1.8657,168185.96,254385.753
600614.SH,20130704,7.1679,7.5407,7.1679,7.4611,7.1281,0.3330000000000002,4.6717,142725.11,212918.872
600614.SH,20130703,7.1331,7.2375,7.0585,7.1281,7.1579,-0.029799999999999827,-0.4163,86044.66,123789.789
600614.SH,20130702,7.262,7.2918,6.9993,7.1579,7.3512,-0.1933000000000007,-2.6295,134579.98,193439.169
600614.SH,20130701,7.0984,7.3859,7.0142,7.3512,7.0836,0.2676000000000007,3.7777,143364.18,207831.217
600614.SH,20130628,6.6821,7.1926,6.6474,7.0836,6.7861,0.29749999999999943,4.384,233045.17,330307.281
600614.SH,20130627,6.1814,6.801,6.1368,6.7861,6.1814,0.6047000000000002,9.7826,265616.33,350992.083
600614.SH,20130626,6.1715,6.2359,6.0476,6.1814,6.1665,0.014899999999999913,0.2416,59857.72,74145.67
600614.SH,20130625,5.998,6.2161,5.5766,6.1665,6.0277,0.1387999999999998,2.3027,93079.6,111542.19
600614.SH,20130624,6.2706,6.3846,5.7303,6.0277,6.2855,-0.2577999999999996,-4.1015,111978.06,138897.157
600614.SH,20130621,6.0723,6.3598,5.9831,6.2855,6.1665,0.11899999999999977,1.9298,119391.4,150668.158
600614.SH,20130620,6.0971,6.345,6.0971,6.1665,6.1963,-0.029799999999999827,-0.4809,103294.17,130235.533
600614.SH,20130619,6.0426,6.2409,5.9583,6.1963,6.0029,0.19339999999999957,3.2218,94364.28,116252.005
600614.SH,20130618,5.8047,6.0178,5.7997,6.0029,5.7848,0.21810000000000063,3.7702,68753.31,82120.056
600614.SH,20130617,5.8047,5.9088,5.7799,5.7848,5.8047,-0.019900000000000695,-0.3428,57153.36,67419.947
600614.SH,20130614,5.8146,5.8443,5.7501,5.8047,5.7452,0.059500000000000774,1.0356,42397.08,49665.34
600614.SH,20130613,5.8146,5.8741,5.6758,5.7452,5.8443,-0.09909999999999997,-1.6957,82437.37,96134.435
600614.SH,20130607,5.6907,5.9484,5.6411,5.8443,5.6361,0.20819999999999972,3.694,80081.79,93010.891
600614.SH,20130606,5.7947,5.8344,5.6262,5.6361,5.8195,-0.18339999999999979,-3.1515,48313.51,55954.925
600614.SH,20130605,5.77,5.8344,5.76,5.8195,5.7848,0.03469999999999995,0.5998,41410.34,48474.609
600614.SH,20130604,6.0228,6.0228,5.7353,5.7848,6.0327,-0.24790000000000045,-4.1093,114334.26,135068.77
600614.SH,20130603,6.117,6.1368,6.0228,6.0327,6.1269,-0.09419999999999984,-1.5375,65489.23,80257.681
600614.SH,20130531,6.0922,6.2458,6.0476,6.1269,6.107,0.019899999999999807,0.3259,117785.84,145631.48
600614.SH,20130530,6.1913,6.2359,6.0773,6.107,6.226,-0.11899999999999977,-1.9113,100607.04,125242.422
600614.SH,20130529,6.0971,6.4392,6.0872,6.226,6.0872,0.1387999999999998,2.2802,179288.82,225023.724
600614.SH,20130528,6.0922,6.112,6.0079,6.0872,6.0971,-0.00990000000000002,-0.1624,73910.77,90230.823
600614.SH,20130527,6.1417,6.1616,6.0723,6.0971,6.1616,-0.06449999999999978,-1.0468,76838.35,94508.897
600614.SH,20130524,6.0525,6.2211,6.0525,6.1616,6.0971,0.06449999999999978,1.0579,126358.64,156294.057
600614.SH,20130523,6.0971,6.1368,6.0327,6.0971,6.1219,-0.024799999999999933,-0.4051,99252.4,121564.887
600614.SH,20130522,6.107,6.1814,6.0723,6.1219,6.107,0.014899999999999913,0.244,112377.49,138991.251
600614.SH,20130521,6.1566,6.2161,6.0327,6.107,6.1764,-0.0693999999999999,-1.1236,103268.8,127017.199
600614.SH,20130520,6.112,6.2805,6.0971,6.1764,6.1318,0.04459999999999997,0.7274,147067.81,183576.989
600614.SH,20130517,6.0823,6.1517,6.0129,6.1318,6.0674,0.06440000000000001,1.0614,123064.9,150950.632
600614.SH,20130516,6.0129,6.1318,5.993,6.0674,6.0674,0.0,0.0,104308.85,127493.078
600614.SH,20130515,6.0277,6.0723,5.9831,6.0674,6.0525,0.014899999999999913,0.2462,68283.11,83028.214
600614.SH,20130514,6.1417,6.1417,5.9534,6.0525,6.0922,-0.039699999999999847,-0.6517,143585.53,174197.035
600614.SH,20130513,6.0971,6.1764,6.0228,6.0922,6.0971,-0.0049000000000001265,-0.0804,207790.22,255383.048
600614.SH,20130510,5.537,6.0971,5.5172,6.0971,5.5419,0.5552000000000001,10.0182,366647.67,443269.154
600614.SH,20130509,5.5519,5.5717,5.5023,5.5419,5.5469,-0.004999999999999893,-0.0901,53736.88,59934.128
600614.SH,20130508,5.5419,5.5618,5.5072,5.5469,5.5469,0.0,0.0,58430.77,65153.036
600614.SH,20130507,5.5667,5.5965,5.5023,5.5469,5.5766,-0.02970000000000006,-0.5326,59392.57,66405.079
600614.SH,20130506,5.5519,5.5965,5.537,5.5766,5.5766,0.0,0.0,112266.36,125942.775
600614.SH,20130503,5.4825,5.5915,5.4825,5.5766,5.5023,0.07430000000000003,1.3503,119384.06,133393.21
600614.SH,20130502,5.3387,5.5122,5.309,5.5023,5.3486,0.15369999999999973,2.8736,63821.48,70349.519
600614.SH,20130426,5.4031,5.4378,5.3337,5.3486,5.3932,-0.04459999999999997,-0.827,33352.7,36185.196
600614.SH,20130425,5.5122,5.5122,5.3734,5.3932,5.5221,-0.1288999999999998,-2.3343,51012.49,56091.971
600614.SH,20130424,5.4825,5.537,5.4527,5.5221,5.4725,0.049599999999999866,0.9063,73010.48,80858.589
600614.SH,20130423,5.5072,5.5122,5.4577,5.4725,5.5072,-0.03469999999999995,-0.6301,48478.46,53535.05
600614.SH,20130422,5.5568,5.5915,5.5072,5.5072,5.6014,-0.09419999999999984,-1.6817,52688.13,58758.011
600614.SH,20130419,5.532,5.6064,5.5172,5.6014,5.537,0.06440000000000001,1.1631,83412.28,93722.753
600614.SH,20130418,5.5419,5.5766,5.4825,5.537,5.5519,-0.014899999999999913,-0.2684,37994.13,42342.984
600614.SH,20130417,5.5667,5.5915,5.5221,5.5519,5.5667,-0.014800000000000146,-0.2659,35597.87,39846.574
600614.SH,20130416,5.4825,5.6262,5.4378,5.5667,5.5221,0.04459999999999997,0.8077,56199.75,62553.552
600614.SH,20130415,5.5023,5.532,5.4725,5.5221,5.5271,-0.004999999999999893,-0.0905,27426.44,30433.828
600614.SH,20130412,5.5271,5.5766,5.5023,5.5271,5.5519,-0.024799999999999933,-0.4467,20995.33,23419.218
600614.SH,20130411,5.6014,5.6014,5.537,5.5519,5.5667,-0.014800000000000146,-0.2659,35116.04,39412.355
600614.SH,20130410,5.5519,5.6411,5.5419,5.5667,5.5965,-0.029799999999999827,-0.5325,38523.19,43351.723
600614.SH,20130409,5.5667,5.6857,5.5072,5.5965,5.5766,0.019899999999999807,0.3568,82725.11,93900.289
600614.SH,20130408,5.4825,5.5816,5.4031,5.5766,5.5568,0.01980000000000004,0.3563,51806.22,57289.158
600614.SH,20130403,5.5766,5.5915,5.5172,5.5568,5.5816,-0.024799999999999933,-0.4443,40156.91,44914.098
600614.SH,20130402,5.6411,5.6857,5.5667,5.5816,5.6411,-0.059499999999999886,-1.0548,65222.55,74176.836
600614.SH,20130401,5.6064,5.6659,5.5618,5.6411,5.6064,0.03469999999999995,0.6189,64702.66,73341.016
600614.SH,20130329,5.5271,5.651,5.5271,5.6064,5.5469,0.059499999999999886,1.0727,40331.4,45614.587
600614.SH,20130328,5.5915,5.5915,5.4775,5.5469,5.6262,-0.07929999999999993,-1.4095,54280.9,60691.209
600614.SH,20130327,5.6064,5.6758,5.5965,5.6262,5.5965,0.02970000000000006,0.5307,50219.0,57144.546
600614.SH,20130326,5.6659,5.6857,5.5618,5.5965,5.7006,-0.10409999999999986,-1.8261,58654.22,66331.608
600614.SH,20130325,5.5766,5.7204,5.5766,5.7006,5.6014,0.09919999999999973,1.771,117548.23,134101.072
600614.SH,20130322,5.5667,5.6262,5.532,5.6014,5.6014,0.0,0.0,50542.8,56875.601
600614.SH,20130321,5.6064,5.6312,5.537,5.6014,5.6064,-0.004999999999999893,-0.0892,54209.22,61088.181
600614.SH,20130320,5.5271,5.6262,5.5271,5.6064,5.532,0.0743999999999998,1.3449,71087.94,80153.511
600614.SH,20130319,5.5271,5.6113,5.5072,5.532,5.532,0.0,0.0,34083.21,38218.481
600614.SH,20130318,5.646,5.646,5.4676,5.532,5.6609,-0.1288999999999998,-2.277,73651.51,82307.991
600614.SH,20130315,5.6113,5.7749,5.5568,5.6609,5.6014,0.059499999999999886,1.0622,108796.97,124659.043
600614.SH,20130314,5.5568,5.6361,5.5469,5.6014,5.6064,-0.004999999999999893,-0.0892,29698.09,33503.93
600614.SH,20130313,5.6163,5.6262,5.5023,5.6064,5.6411,-0.03469999999999995,-0.6151,55410.05,62172.315
600614.SH,20130312,5.7154,5.7551,5.5519,5.6411,5.7402,-0.09909999999999997,-1.7264,87561.5,99711.694
600614.SH,20130311,5.7749,5.8394,5.7006,5.7402,5.7402,0.0,0.0,75008.16,87338.431
600614.SH,20130308,5.7353,5.7749,5.6659,5.7402,5.7303,0.00990000000000002,0.1728,86551.92,100019.017
600614.SH,20130307,5.6907,5.7997,5.6312,5.7303,5.7253,0.004999999999999893,0.0873,108438.48,125026.506
600614.SH,20130306,5.6014,5.7749,5.5766,5.7253,5.6014,0.1238999999999999,2.2119,139194.57,158998.637
600614.SH,20130305,5.5023,5.6262,5.4924,5.6014,5.4924,0.10899999999999999,1.9846,59861.21,67349.091
600614.SH,20130304,5.5469,5.5469,5.3536,5.4924,5.5965,-0.10409999999999986,-1.8601,104748.35,115584.57
600614.SH,20130301,5.6163,5.6262,5.5419,5.5965,5.6213,-0.024799999999999933,-0.4412,56920.75,64071.943
600614.SH,20130228,5.5717,5.6262,5.5122,5.6213,5.5618,0.059499999999999886,1.0698,67881.75,76356.472
600614.SH,20130227,5.5519,5.6758,5.5419,5.5618,5.5568,0.004999999999999893,0.09,36716.89,41305.034
600614.SH,20130226,5.6014,5.6014,5.5221,5.5568,5.6163,-0.059499999999999886,-1.0594,57122.55,63938.589
600614.SH,20130225,5.6113,5.6907,5.6014,5.6163,5.6411,-0.024799999999999933,-0.4396,53159.95,60456.521
600614.SH,20130222,5.5667,5.6956,5.5568,5.6411,5.5766,0.06449999999999978,1.1566,72739.42,82610.565
600614.SH,20130221,5.5766,5.6113,5.4825,5.5766,5.6163,-0.039699999999999847,-0.7069,58665.1,65753.508
600614.SH,20130220,5.5072,5.6262,5.5023,5.6163,5.5172,0.09909999999999997,1.7962,49996.04,56093.523
600614.SH,20130219,5.6213,5.6312,5.4577,5.5172,5.6213,-0.10409999999999986,-1.8519,58228.63,65129.611
600614.SH,20130218,5.6163,5.6361,5.5766,5.6213,5.5965,0.024799999999999933,0.4431,69577.69,78769.048
600614.SH,20130208,5.5866,5.6262,5.5667,5.5965,5.5816,0.014899999999999913,0.2669,37284.92,42144.745
600614.SH,20130207,5.5568,5.6262,5.5519,5.5816,5.5915,-0.00990000000000002,-0.1771,39828.44,44882.732
600614.SH,20130206,5.537,5.6213,5.5072,5.5915,5.532,0.059499999999999886,1.0756,44401.22,50119.311
600614.SH,20130205,5.4577,5.5419,5.4577,5.532,5.5023,0.02970000000000006,0.5398,45512.53,50549.241
600614.SH,20130204,5.6113,5.6411,5.4031,5.5023,5.5766,-0.07430000000000003,-1.3324,66427.58,73851.413
600614.SH,20130201,5.651,5.651,5.5618,5.5766,5.6609,-0.08429999999999982,-1.4892,76249.74,86035.084
600614.SH,20130131,5.8146,5.8294,5.651,5.6609,5.8146,-0.15370000000000061,-2.6433,80851.19,93004.106
600614.SH,20130130,5.7055,5.8245,5.7006,5.8146,5.7452,0.0694000000000008,1.208,108787.55,126738.276
600614.SH,20130129,5.6708,5.7749,5.6163,5.7452,5.6659,0.07929999999999993,1.3996,96016.81,110599.766
600614.SH,20130128,5.6113,5.6857,5.6113,5.6659,5.6411,0.024799999999999933,0.4396,68508.15,78154.446
600614.SH,20130125,5.7204,5.7353,5.5915,5.6411,5.7204,-0.07929999999999993,-1.3863,64989.3,74121.068
600614.SH,20130124,5.7452,5.8493,5.651,5.7204,5.76,-0.03960000000000008,-0.6875,121734.84,141679.433
600614.SH,20130123,5.7402,5.7799,5.6857,5.76,5.7551,0.0049000000000001265,0.0851,70145.67,81205.902
600614.SH,20130122,5.77,5.8443,5.6907,5.7551,5.7749,-0.01980000000000004,-0.3429,86696.8,100608.531
600614.SH,20130121,5.7501,5.8394,5.7253,5.7749,5.7501,0.024799999999999933,0.4313,67369.72,78531.537
600614.SH,20130118,5.7253,5.8146,5.7055,5.7501,5.7055,0.04459999999999997,0.7817,60140.62,69799.445
600614.SH,20130117,5.8394,5.8493,5.6956,5.7055,5.8493,-0.1438000000000006,-2.4584,83429.21,96982.868
600614.SH,20130116,5.9484,5.9484,5.7997,5.8493,5.9633,-0.11399999999999988,-1.9117,113103.43,133867.456
600614.SH,20130115,5.8592,6.0228,5.8245,5.9633,5.8641,0.09920000000000062,1.6916,194427.76,232957.326
600614.SH,20130114,5.7501,5.8691,5.6411,5.8641,5.7848,0.07929999999999993,1.3708,162197.79,188827.788
600614.SH,20130111,5.8245,5.884,5.7501,5.7848,5.8294,-0.04459999999999997,-0.7651,103216.29,121214.738
600614.SH,20130110,5.8096,5.8592,5.7749,5.8294,5.8195,0.00990000000000002,0.1701,83121.82,97511.94
600614.SH,20130109,5.8641,5.8741,5.7749,5.8195,5.879,-0.059499999999999886,-1.0121,91861.19,107865.486
600614.SH,20130108,5.8394,5.9038,5.765,5.879,5.8443,0.03469999999999995,0.5937,123297.21,145242.21
600614.SH,20130107,5.7947,5.8542,5.7452,5.8443,5.8096,0.03469999999999995,0.5973,112176.53,130979.963
600614.SH,20130104,5.8245,5.8443,5.7353,5.8096,5.7898,0.01980000000000004,0.342,117481.91,137080.253
600614.SH,20121231,5.7749,5.8542,5.7501,5.7898,5.7947,-0.0049000000000001265,-0.0846,83346.43,97496.65
600614.SH,20121228,5.7204,5.879,5.7204,5.7947,5.7402,0.05449999999999999,0.9494,90506.83,106068.672
600614.SH,20121227,5.8741,5.9137,5.7253,5.7402,5.884,-0.1438000000000006,-2.4439,97034.21,114141.658
600614.SH,20121226,5.8592,5.9633,5.8592,5.884,5.9187,-0.03469999999999995,-0.5863,104665.89,124282.855
600614.SH,20121225,5.7997,5.993,5.7947,5.9187,5.879,0.039700000000000735,0.6753,232306.52,275720.577
600614.SH,20121224,5.9187,6.0228,5.7799,5.879,5.7204,0.15859999999999985,2.7725,215439.73,255638.751
600614.SH,20121221,5.8988,5.9236,5.6907,5.7204,5.884,-0.16360000000000063,-2.7804,134912.82,157636.576
600614.SH,20121220,5.8394,5.9088,5.7105,5.884,5.8047,0.07929999999999993,1.3661,168339.01,197959.281
600614.SH,20121219,5.8988,5.9385,5.76,5.8047,5.7947,0.010000000000000675,0.1726,214265.14,252840.009
600614.SH,20121218,5.656,5.8493,5.6213,5.7947,5.7006,0.09410000000000007,1.6507,236207.56,273434.8
600614.SH,20121217,5.6014,5.765,5.5766,5.7006,5.6956,0.004999999999999893,0.0878,175513.88,201356.056
600614.SH,20121214,5.3288,5.8988,5.3288,5.6956,5.3784,0.3171999999999997,5.8977,334400.36,374583.33
600614.SH,20121213,5.4775,5.5271,5.3635,5.3784,5.5419,-0.16349999999999998,-2.9503,80172.87,87883.139
600614.SH,20121212,5.4378,5.5519,5.3536,5.5419,5.4973,0.04459999999999997,0.8113,235916.7,259671.832
600614.SH,20121211,5.4031,5.5519,5.304,5.4973,5.4924,0.0049000000000001265,0.0892,250911.1,275117.923
600614.SH,20121210,5.304,5.5023,5.2594,5.4924,5.3784,0.11399999999999988,2.1196,230558.61,250667.767
600614.SH,20121207,5.2049,5.3932,5.2049,5.3784,5.2197,0.1587000000000005,3.0404,171647.99,182171.327
600614.SH,20121206,5.309,5.3139,5.1949,5.2197,5.3536,-0.13390000000000057,-2.5011,70760.8,74697.952
600614.SH,20121205,5.1652,5.3883,5.1454,5.3536,5.2148,0.1387999999999998,2.6617,116840.23,124530.811
600614.SH,20121204,5.0165,5.2495,4.957,5.2148,5.0165,0.1983000000000006,3.953,45519.71,46865.161
600614.SH,20121203,5.1008,5.1355,4.9818,5.0165,5.0809,-0.06440000000000001,-1.2675,43430.63,44316.745
600614.SH,20121130,4.9521,5.1503,4.9471,5.0809,5.0066,0.07430000000000003,1.484,40846.48,41649.741
600614.SH,20121129,5.0165,5.076,4.9471,5.0066,5.0115,-0.0049000000000001265,-0.0978,36926.0,37284.327
600614.SH,20121128,5.2842,5.2842,4.9967,5.0115,5.2941,-0.2826000000000004,-5.338,26661.61,27405.185
600614.SH,20121127,5.3784,5.3784,5.2544,5.2941,5.3784,-0.08429999999999982,-1.5674,43003.74,45967.399
600614.SH,20121126,5.3536,5.3932,5.3238,5.3784,5.3784,0.0,0.0,32103.9,34713.183
600614.SH,20121123,5.3387,5.3833,5.2643,5.3784,5.309,0.0693999999999999,1.3072,40195.44,43225.044
600614.SH,20121122,5.2842,5.3288,5.2197,5.309,5.3139,-0.0049000000000001265,-0.0922,29707.0,31613.157
600614.SH,20121121,5.2544,5.3288,5.0611,5.3139,5.2544,0.059499999999999886,1.1324,40731.65,42723.303
600614.SH,20121120,5.3288,5.3437,5.1949,5.2544,5.2941,-0.039699999999999847,-0.7499,29705.1,31530.811
600614.SH,20121119,5.3189,5.3486,5.2544,5.2941,5.309,-0.014899999999999913,-0.2807,18318.73,19564.393
600614.SH,20121116,5.2842,5.3585,5.2495,5.309,5.309,0.0,0.0,33022.96,35218.037
600614.SH,20121115,5.299,5.3784,5.2941,5.309,5.3486,-0.03960000000000008,-0.7404,26710.01,28751.533
600614.SH,20121114,5.2544,5.3486,5.2445,5.3486,5.2743,0.07430000000000003,1.4087,25001.63,26757.346
600614.SH,20121113,5.423,5.4428,5.2544,5.2743,5.3536,-0.07929999999999993,-1.4812,27865.28,29808.467
600614.SH,20121112,5.304,5.4428,5.2941,5.3536,5.304,0.049599999999999866,0.9351,30171.38,32478.784
600614.SH,20121109,5.2643,5.3536,5.2544,5.304,5.2891,0.014899999999999913,0.2817,28737.01,30738.95
600614.SH,20121108,5.4378,5.4378,5.2792,5.2891,5.4924,-0.2032999999999996,-3.7015,55951.55,60206.856
600614.SH,20121107,5.4825,5.5618,5.3784,5.4924,5.4725,0.019899999999999807,0.3636,60253.82,66646.82
600614.SH,20121106,5.537,5.537,5.3684,5.4725,5.537,-0.06449999999999978,-1.1649,54431.79,59624.666
600614.SH,20121105,5.6113,5.6113,5.4626,5.537,5.6113,-0.07430000000000003,-1.3241,58799.0,65348.232
600614.SH,20121102,5.6014,5.6857,5.5618,5.6113,5.651,-0.039699999999999847,-0.7025,75458.46,85305.794
600614.SH,20121101,5.5568,5.6956,5.5419,5.651,5.5667,0.08429999999999982,1.5144,103857.5,117608.771
600614.SH,20121031,5.5519,5.5915,5.4825,5.5667,5.5172,0.0495000000000001,0.8972,44128.51,49137.992
600614.SH,20121030,5.5271,5.5568,5.4676,5.5172,5.5072,0.009999999999999787,0.1816,47352.91,52621.252
600614.SH,20121029,5.4874,5.5469,5.3536,5.5072,5.4874,0.01980000000000004,0.3608,45647.4,50165.145
600614.SH,20121026,5.5519,5.6857,5.3784,5.4874,5.6213,-0.13389999999999969,-2.382,45228.19,50147.61
600614.SH,20121025,5.6857,5.7303,5.5766,5.6213,5.7353,-0.11399999999999988,-1.9877,51358.32,58459.88
600614.SH,20121024,5.7452,5.77,5.6807,5.7353,5.7253,0.009999999999999787,0.1747,30314.5,35061.092
600614.SH,20121023,5.7997,5.8641,5.7204,5.7253,5.8047,-0.07940000000000058,-1.3679,37381.84,43546.802
600614.SH,20121022,5.8047,5.8443,5.7253,5.8047,5.8542,-0.04949999999999921,-0.8455,47338.91,55131.841
600614.SH,20121019,5.9881,5.9881,5.7997,5.8542,5.9484,-0.09420000000000073,-1.5836,57674.98,68239.415
600614.SH,20121018,5.879,5.9831,5.879,5.9484,5.9088,0.03960000000000008,0.6702,73041.31,87668.837
600614.SH,20121017,5.8443,5.9385,5.8443,5.9088,5.8096,0.09920000000000062,1.7075,60144.68,71513.46
600614.SH,20121016,5.8047,5.8939,5.76,5.8096,5.8047,0.004899999999999238,0.0844,45909.89,53887.331
600614.SH,20121015,5.8493,5.8741,5.7006,5.8047,5.8542,-0.04949999999999921,-0.8455,54043.01,62972.713
600614.SH,20121012,5.8641,6.0723,5.8294,5.8542,5.8641,-0.00990000000000002,-0.1688,52148.94,62275.408
600614.SH,20121011,6.0872,6.117,5.8493,5.8641,6.0922,-0.2281000000000004,-3.7441,68556.09,83056.181
600614.SH,20121010,5.9484,6.1616,5.9286,6.0922,5.993,0.09919999999999973,1.6553,73550.62,89895.398
600614.SH,20121009,5.8741,5.998,5.8493,5.993,5.8691,0.1238999999999999,2.1111,63332.44,75955.864
600614.SH,20121008,5.884,5.9682,5.7997,5.8691,5.8245,0.04460000000000086,0.7657,46958.92,55649.837
600614.SH,20120928,5.651,5.8294,5.6014,5.8245,5.6312,0.1932999999999998,3.4327,51038.1,59402.298
600614.SH,20120927,5.6163,5.7799,5.4527,5.6312,5.5965,0.03469999999999995,0.62,78132.36,88887.355
600614.SH,20120926,5.8394,5.8889,5.5766,5.5965,5.8592,-0.2627000000000006,-4.4835,49681.61,57564.376
600614.SH,20120925,5.9633,6.0327,5.8542,5.8592,5.9633,-0.10409999999999986,-1.7457,48423.22,57770.691
600614.SH,20120924,5.8741,6.0476,5.7997,5.9633,5.9534,0.00990000000000002,0.1663,64701.59,77607.387
600614.SH,20120921,6.0674,6.1963,5.9484,5.9534,6.107,-0.15359999999999996,-2.5151,69072.34,84706.33
600614.SH,20120920,6.6127,6.6325,6.0723,6.107,6.7366,-0.6295999999999999,-9.346,109470.28,139720.539
600614.SH,20120919,6.801,6.9398,6.3351,6.7366,6.8605,-0.1238999999999999,-1.806,189379.53,256267.516
600614.SH,20120918,6.8902,6.9844,6.7168,6.8605,6.9696,-0.10909999999999975,-1.5654,101491.68,141004.074
600614.SH,20120917,6.915,7.0142,6.806,6.9696,6.8704,0.09919999999999973,1.4439,149042.8,208507.304
600614.SH,20120914,6.9299,6.9894,6.7415,6.8704,6.8605,0.00990000000000002,0.1443,103544.14,143005.425
600614.SH,20120913,6.6226,6.9795,6.5978,6.8605,6.6821,0.1783999999999999,2.6698,186039.09,257187.032
600614.SH,20120912,6.4144,6.692,6.4144,6.6821,6.4193,0.26280000000000037,4.0939,139692.13,185597.122
600614.SH,20120911,6.345,6.5234,6.3004,6.4193,6.3945,0.024799999999999933,0.3878,76402.0,99155.549
600614.SH,20120910,6.34,6.4838,6.3152,6.3945,6.345,0.0495000000000001,0.7801,71592.18,92389.138
600614.SH,20120907,6.1963,6.4689,6.1913,6.345,6.1467,0.1982999999999997,3.2261,116354.35,148530.611
600614.SH,20120906,6.1219,6.2161,6.0922,6.1467,6.1368,0.00990000000000002,0.1613,42165.73,52225.273
600614.SH,20120905,6.0723,6.2161,6.0029,6.1368,6.112,0.024799999999999933,0.4058,43263.19,53395.346
600614.SH,20120904,6.1318,6.226,6.0327,6.112,6.0773,0.03469999999999995,0.571,71267.25,88179.675
600614.SH,20120903,5.9286,6.1963,5.8889,6.0773,5.9187,0.15859999999999985,2.6796,64292.77,78718.294
600614.SH,20120831,5.8691,5.9484,5.8443,5.9187,5.8691,0.049599999999999866,0.8451,36081.15,42957.861
600614.SH,20120830,5.9435,6.0476,5.77,5.8691,5.9881,-0.11899999999999977,-1.9873,56441.4,67303.168
600614.SH,20120829,6.1467,6.1864,5.8889,5.9881,6.1764,-0.1882999999999999,-3.0487,74575.01,90678.513
600614.SH,20120828,6.0773,6.2508,6.0773,6.1764,6.1467,0.02970000000000006,0.4832,47147.03,58557.765
600614.SH,20120827,6.4441,6.4441,6.0476,6.1467,6.5284,-0.3817000000000004,-5.8468,97296.03,122437.826
600614.SH,20120824,6.6721,6.7415,6.454,6.5284,6.6523,-0.1238999999999999,-1.8625,78620.61,104110.512
600614.SH,20120823,6.6176,6.7713,6.6027,6.6523,6.5581,0.09420000000000073,1.4364,97464.64,131660.34
600614.SH,20120822,6.8704,6.8754,6.5284,6.5581,6.8754,-0.31730000000000036,-4.615,109135.7,147103.849
600614.SH,20120821,6.7415,6.9646,6.692,6.8754,6.7961,0.07929999999999993,1.1668,93140.49,129070.414
600614.SH,20120820,6.8456,6.92,6.7515,6.7961,6.7415,0.05459999999999976,0.8099,81216.96,112136.818
600614.SH,20120817,6.7713,6.8655,6.6226,6.7415,6.8555,-0.11399999999999988,-1.6629,92428.78,125292.732
600614.SH,20120816,6.9894,7.0984,6.8506,6.8555,6.9993,-0.1437999999999997,-2.0545,83487.46,117553.082
600614.SH,20120815,7.1282,7.1976,6.9696,6.9993,7.2224,-0.22310000000000052,-3.089,124645.84,177721.365
600614.SH,20120814,7.3859,7.5247,6.9894,7.2224,7.5892,-0.36679999999999957,-4.8332,299443.41,434999.135
600614.SH,20120813,7.1827,7.6982,7.1778,7.5892,6.9993,0.5899000000000001,8.428,435462.75,666545.515
600614.SH,20120810,6.7465,7.0687,6.7267,6.9993,6.7961,0.20319999999999983,2.99,187283.27,262234.078
600614.SH,20120809,6.692,6.9249,6.5433,6.7961,6.7465,0.049599999999999866,0.7352,158067.55,214850.762
600614.SH,20120808,6.8258,7.1728,6.7415,6.7465,6.801,-0.05449999999999999,-0.8014,181492.73,253891.489
600614.SH,20120807,6.6077,6.9547,6.5333,6.801,6.6672,0.13379999999999992,2.0068,180477.15,246048.691
600614.SH,20120806,6.3896,6.7614,6.3301,6.6672,6.4441,0.22310000000000052,3.4621,170073.73,225732.137
600614.SH,20120803,6.3004,6.4689,6.2954,6.4441,6.3004,0.14369999999999994,2.2808,79466.25,102451.783
600614.SH,20120802,6.3995,6.4838,6.2756,6.3004,6.4689,-0.16849999999999987,-2.6048,85908.51,110533.265
600614.SH,20120801,6.4342,6.573,6.3698,6.4689,6.4144,0.05449999999999999,0.8497,92927.61,121582.035
600614.SH,20120731,6.5433,6.6226,6.3598,6.4144,6.6821,-0.2677000000000005,-4.0062,82055.75,107186.627
600614.SH,20120730,6.226,6.7366,6.1467,6.6821,6.226,0.45610000000000017,7.3257,159043.81,204584.443
600614.SH,20120727,6.4887,6.5135,6.1665,6.226,6.454,-0.22799999999999976,-3.5327,104817.6,132833.255
600614.SH,20120726,6.5482,6.6424,6.4392,6.454,6.5928,-0.1388000000000007,-2.1053,65087.35,85998.684
600614.SH,20120725,6.7267,6.7267,6.4788,6.5928,6.7267,-0.13389999999999969,-1.9906,105618.73,140236.221
600614.SH,20120724,6.6424,6.806,6.6127,6.7267,6.7118,0.014899999999999913,0.222,61025.52,82848.878
600614.SH,20120723,6.9398,6.9398,6.6424,6.7118,7.0538,-0.34199999999999964,-4.8485,92396.87,126328.603
600614.SH,20120720,7.1034,7.2323,7.0142,7.0538,7.1381,-0.08429999999999982,-1.181,87294.0,125043.752
600614.SH,20120719,7.1133,7.3265,7.0142,7.1381,7.2273,-0.08919999999999995,-1.2342,152663.72,220630.12
600614.SH,20120718,7.0885,7.3463,6.9943,7.2273,6.9547,0.27259999999999973,3.9197,253089.43,367597.47
600614.SH,20120717,6.5928,6.9745,6.568,6.9547,6.7366,0.21809999999999974,3.2375,128689.42,176252.496
600614.SH,20120716,6.8754,6.9745,6.5036,6.7366,6.8704,-0.13379999999999992,-1.9475,122417.41,168533.988
600614.SH,20120713,6.8902,6.9745,6.7812,6.8704,6.9745,-0.10409999999999986,-1.4926,102861.21,142291.082
600614.SH,20120712,6.7961,7.0786,6.6573,6.9745,6.8506,0.1238999999999999,1.8086,142814.36,198829.26
600614.SH,20120711,6.7911,6.8902,6.5333,6.8506,6.8258,0.024799999999999933,0.3633,137873.0,185819.692
600614.SH,20120710,6.8754,6.9894,6.801,6.8258,6.9249,-0.09909999999999997,-1.4311,105901.35,147137.194
600614.SH,20120709,7.0737,7.2719,6.8803,6.9249,7.153,-0.22809999999999953,-3.1889,148594.82,213130.622
600614.SH,20120706,6.9844,7.1827,6.7961,7.153,6.9398,0.2131999999999996,3.0721,144939.55,204732.41
600614.SH,20120705,7.2125,7.2125,6.7911,6.9398,7.2769,-0.3371000000000004,-4.6325,152225.2,213032.829
600614.SH,20120704,7.3017,7.3711,7.1976,7.2769,7.2769,0.0,0.0,106265.86,155833.742
600614.SH,20120703,7.4008,7.4801,7.2422,7.2769,7.4702,-0.1932999999999998,-2.5876,123158.74,183061.799
600614.SH,20120702,7.4405,7.6536,7.4058,7.4702,7.3909,0.07929999999999993,1.0729,149430.44,226771.315
600614.SH,20120629,7.1431,7.4256,7.039,7.3909,7.267,0.1238999999999999,1.705,127824.66,186955.752
600614.SH,20120628,7.3909,7.5644,7.2372,7.267,7.4306,-0.16359999999999975,-2.2017,148964.99,223871.505
600614.SH,20120627,7.3859,7.4851,7.3017,7.4306,7.4157,0.014899999999999913,0.2009,123633.21,184748.777
600614.SH,20120626,7.5694,7.6239,7.2372,7.4157,7.6388,-0.22309999999999963,-2.9206,171305.69,254886.941
600614.SH,20120625,7.7875,8.0006,7.5545,7.6388,7.8569,-0.21810000000000063,-2.7759,152993.67,240868.22
600614.SH,20120621,7.8816,8.0452,7.723,7.8569,7.9114,-0.05449999999999999,-0.6889,185546.26,296242.377
600614.SH,20120620,8.1692,8.2138,7.8172,7.9114,8.0403,-0.1288999999999998,-1.6032,182730.8,293160.895
600614.SH,20120619,8.2584,8.303,7.8965,8.0403,8.3922,-0.35190000000000055,-4.1932,261513.19,426288.803
600614.SH,20120618,8.0304,8.5756,7.9907,8.3922,7.8123,0.5799000000000012,7.4229,370899.5,623376.415
600614.SH,20120615,8.3129,8.3774,7.609,7.8123,8.4567,-0.6444000000000001,-7.62,409467.43,659805.395
600614.SH,20120613,8.3526,8.5657,8.2088,8.4567,8.308,0.14869999999999983,1.7898,346839.46,586550.572
600614.SH,20120612,8.1097,8.7541,8.1097,8.308,8.2237,0.08430000000000071,1.0251,428813.18,732939.653
600614.SH,20120611,8.1791,8.2435,7.8717,8.2237,8.2832,-0.05950000000000166,-0.7183,296424.74,483449.642
600614.SH,20120608,7.8321,8.5261,7.7429,8.2832,7.8618,0.4214000000000011,5.3601,493135.55,818988.59
600614.SH,20120607,7.7825,8.2336,7.6338,7.8618,7.6982,0.16359999999999975,2.1252,460356.24,738152.962
600614.SH,20120606,7.9312,7.9659,7.5892,7.6982,7.9362,-0.23800000000000043,-2.9989,304233.94,474743.299
600614.SH,20120605,8.1791,8.2633,7.7726,7.9362,8.2881,-0.35189999999999966,-4.2458,380029.1,611221.475
600614.SH,20120604,8.1146,8.6698,7.8321,8.2881,8.1245,0.16360000000000063,2.0137,643567.32,1072572.495
600614.SH,20120530,7.49,8.1245,7.3512,8.1245,7.3859,0.738599999999999,10.0001,431966.4,686654.523
600614.SH,20120529,7.2769,7.9709,7.2769,7.3859,7.2472,0.13870000000000005,1.9138,589955.82,900387.12
600614.SH,20120528,6.9398,7.2472,6.8407,7.2472,6.5879,0.6593,10.0077,539785.93,766763.463
600614.SH,20120525,6.5879,6.5879,6.5879,6.5879,5.9881,0.5998000000000001,10.0165,268928.02,357405.339
600614.SH,20120524,5.765,6.1318,5.7501,5.9881,5.76,0.2281000000000004,3.9601,148397.23,179452.923
600614.SH,20120523,5.8691,5.9286,5.7551,5.76,5.8741,-0.11410000000000053,-1.9424,43494.07,51229.427
600614.SH,20120522,5.8493,5.9137,5.8344,5.8741,5.8741,0.0,0.0,32945.41,39012.248
600614.SH,20120521,5.7253,5.9286,5.7105,5.8741,5.7204,0.15370000000000061,2.6869,72531.13,85056.422
600614.SH,20120518,5.9286,5.9435,5.7006,5.7204,5.9782,-0.2578000000000005,-4.3123,71596.59,84233.452
600614.SH,20120517,5.9385,6.0079,5.8394,5.9782,5.9236,0.05459999999999976,0.9217,64037.85,76935.3
600614.SH,20120516,5.9633,6.0228,5.8988,5.9236,5.9732,-0.049599999999999866,-0.8304,55534.7,66783.532
600614.SH,20120515,5.8493,5.9881,5.8344,5.9732,5.9038,0.0693999999999999,1.1755,55846.04,66836.398
600614.SH,20120514,6.0674,6.0922,5.8939,5.9038,6.0079,-0.10409999999999986,-1.7327,71083.33,85850.899
600614.SH,20120511,6.1467,6.231,6.0029,6.0079,6.2557,-0.2477999999999998,-3.9612,156098.4,193206.872
600614.SH,20120510,5.8493,6.3797,5.8245,6.2557,5.8542,0.4015000000000004,6.8583,243023.16,301690.828
600614.SH,20120509,5.9286,6.0029,5.8493,5.8542,6.0079,-0.15370000000000061,-2.5583,71847.03,86079.575
600614.SH,20120508,6.0624,6.0624,5.9088,6.0079,6.0823,-0.0743999999999998,-1.2232,87796.26,106026.081
600614.SH,20120507,6.0674,6.0872,5.9732,6.0823,6.112,-0.02970000000000006,-0.4859,186561.85,226927.457
600614.SH,20120504,6.0476,6.117,6.0228,6.112,6.0624,0.049599999999999866,0.8182,192955.81,236108.989
600614.SH,20120503,6.0575,6.0922,5.9881,6.0624,6.0723,-0.00990000000000002,-0.163,183633.04,223703.658
600614.SH,20120502,5.998,6.1219,5.9782,6.0723,5.9782,0.09410000000000007,1.5741,210357.21,257141.187
600614.SH,20120427,5.9286,6.0228,5.8493,5.9782,5.9286,0.049599999999999866,0.8366,115598.27,138699.778
600614.SH,20120426,6.0178,6.0178,5.8889,5.9286,6.0178,-0.08919999999999995,-1.4823,140195.17,167868.688
600614.SH,20120425,5.9682,6.0525,5.8394,6.0178,5.9484,0.0693999999999999,1.1667,154103.75,185278.26
600614.SH,20120424,5.9038,6.0228,5.8047,5.9484,5.9682,-0.01980000000000004,-0.3318,144163.49,172462.409
600614.SH,20120423,6.0079,6.0178,5.8988,5.9682,6.0277,-0.059499999999999886,-0.9871,126971.04,152545.784
600614.SH,20120420,5.9831,6.0426,5.9286,6.0277,6.0079,0.01980000000000004,0.3296,147619.86,178376.681
600614.SH,20120419,6.0575,6.0624,5.9484,6.0079,6.0624,-0.05449999999999999,-0.899,127713.68,154349.108
600614.SH,20120418,6.0228,6.0971,5.9484,6.0624,6.0624,0.0,0.0,161912.63,196949.216
600614.SH,20120417,6.0228,6.1665,5.9782,6.0624,6.1417,-0.07929999999999993,-1.2912,114207.34,139262.424
600614.SH,20120416,6.2706,6.4392,6.1021,6.1417,6.0376,0.10409999999999986,1.7242,213625.52,268747.698
600614.SH,20120413,5.9484,6.1021,5.9137,6.0376,6.0376,0.0,0.0,132831.25,161165.137
600614.SH,20120412,5.8344,6.0823,5.7898,6.0376,5.8195,0.21810000000000063,3.7477,186351.19,223448.074
600614.SH,20120411,5.7749,5.8741,5.7303,5.8195,5.8195,0.0,0.0,109531.39,128008.193
600614.SH,20120410,5.7402,5.8245,5.651,5.8195,5.7501,0.0693999999999999,1.2069,98517.9,114114.728
600614.SH,20120409,5.7997,5.8394,5.7204,5.7501,5.8394,-0.0893000000000006,-1.5293,109511.25,127633.396
600614.SH,20120406,5.8592,5.8889,5.76,5.8394,5.8988,-0.05939999999999923,-1.007,123020.76,144629.704
600614.SH,20120405,5.8294,5.9137,5.7402,5.8988,5.7848,0.11399999999999988,1.9707,155737.08,182291.789
600614.SH,20120330,5.7501,5.8443,5.6758,5.7848,5.77,0.014800000000000146,0.2565,84658.36,98505.426
600614.SH,20120329,6.0228,6.0228,5.651,5.77,6.0872,-0.3172000000000006,-5.2109,110280.82,130046.813
600614.SH,20120328,6.1864,6.2161,5.993,6.0872,6.2508,-0.16359999999999975,-2.6173,118538.36,145124.229
600614.SH,20120327,6.1219,6.2657,6.0922,6.2508,6.0971,0.15369999999999973,2.5209,145595.71,181225.878
600614.SH,20120326,6.1665,6.1665,6.0029,6.0971,6.1764,-0.07929999999999993,-1.2839,111178.23,136034.536
600614.SH,20120323,6.345,6.4292,6.117,6.1764,6.4045,-0.22809999999999953,-3.5616,152146.7,193161.625
600614.SH,20120322,6.4838,6.4838,6.3103,6.4045,6.5036,-0.09909999999999997,-1.5238,170313.78,219052.506
600614.SH,20120321,6.3945,6.568,6.2855,6.5036,6.3499,0.15369999999999973,2.4205,340152.01,442544.89
600614.SH,20120320,6.0823,6.578,5.998,6.3499,6.1368,0.21309999999999985,3.4725,400827.39,511731.859
600614.SH,20120319,6.0228,6.1417,5.9782,6.1368,6.0525,0.08429999999999982,1.3928,201801.72,247083.071
600614.SH,20120316,5.9435,6.0575,5.9137,6.0525,5.9633,0.08919999999999995,1.4958,230210.84,278169.685
600614.SH,20120315,5.8641,5.998,5.7154,5.9633,5.9385,0.024799999999999933,0.4176,175826.71,208458.164
600614.SH,20120314,6.1417,6.3152,5.8542,5.9385,6.117,-0.17849999999999966,-2.9181,286051.65,354993.574
600614.SH,20120313,6.1963,6.1963,6.0624,6.117,6.1963,-0.07929999999999993,-1.2798,144536.79,178127.982
600614.SH,20120312,6.1715,6.2211,6.0922,6.1963,6.1467,0.049599999999999866,0.8069,224737.36,279504.942
600614.SH,20120309,6.1864,6.2111,6.0575,6.1467,6.1814,-0.03469999999999995,-0.5614,135884.92,168180.955
600614.SH,20120308,6.1318,6.226,6.0922,6.1814,6.112,0.0693999999999999,1.1355,171199.19,212364.06
600614.SH,20120307,6.1269,6.1715,6.0079,6.112,6.1864,-0.0743999999999998,-1.2026,177868.87,219063.557
600614.SH,20120306,6.1913,6.2409,6.1219,6.1864,6.1913,-0.0049000000000001265,-0.0791,179533.01,224125.448
600614.SH,20120305,6.2359,6.2607,6.1021,6.1913,6.2359,-0.04459999999999997,-0.7152,173600.52,215969.507
600614.SH,20120302,6.226,6.2706,6.1913,6.2359,6.2012,0.03469999999999995,0.5596,240570.62,302378.147
600614.SH,20120301,6.0823,6.2111,6.0476,6.2012,6.1318,0.0693999999999999,1.1318,232196.82,287271.667
600614.SH,20120229,6.1219,6.2855,5.9782,6.1318,6.0922,0.03960000000000008,0.65,267302.1,330489.644
600614.SH,20120228,5.998,6.0971,5.8988,6.0922,6.0872,0.004999999999999893,0.0821,236124.29,285697.793
600614.SH,20120227,6.345,6.6176,6.0823,6.0872,6.0376,0.049599999999999866,0.8215,353652.99,447030.647
600614.SH,20120224,5.9385,6.0823,5.8691,6.0376,5.9335,0.10409999999999986,1.7544,308431.91,371561.128
600614.SH,20120223,5.884,5.9782,5.8443,5.9335,5.8988,0.03470000000000084,0.5883,280497.31,335430.719
600614.SH,20120222,5.8344,5.9187,5.7898,5.8988,5.8344,0.06440000000000001,1.1038,280072.75,330493.298
600614.SH,20120221,5.7997,5.8691,5.7253,5.8344,5.8195,0.014899999999999913,0.256,204290.87,238678.622
600614.SH,20120220,5.6857,5.8245,5.6659,5.8195,5.6361,0.18339999999999979,3.254,219572.24,255195.248
600614.SH,20120217,5.6807,5.7105,5.6163,5.6361,5.6807,-0.04459999999999997,-0.7851,104652.59,119439.76
600614.SH,20120216,5.8493,5.8988,5.651,5.6807,5.8195,-0.1387999999999998,-2.3851,180489.99,210237.816
600614.SH,20120215,5.7799,5.8889,5.7501,5.8195,5.7898,0.02970000000000006,0.513,173832.28,204618.701
600614.SH,20120214,5.8195,5.9236,5.7303,5.7898,5.8542,-0.06440000000000001,-1.1001,144777.61,169731.202
600614.SH,20120213,5.8592,5.9038,5.7501,5.8542,5.8146,0.03959999999999919,0.681,148466.7,174737.375
600614.SH,20120210,5.8294,5.993,5.7947,5.8146,5.9137,-0.09909999999999997,-1.6758,204516.48,241707.41
600614.SH,20120209,5.8443,6.0723,5.7848,5.9137,5.9088,0.0049000000000001265,0.0829,370474.45,439259.21
600614.SH,20120208,5.7402,5.9137,5.651,5.9088,5.7402,0.16860000000000053,2.9372,295673.17,343260.044
600614.SH,20120207,5.7402,5.7551,5.646,5.7402,5.7898,-0.049599999999999866,-0.8567,127212.6,146012.119
600614.SH,20120206,5.7303,5.7898,5.656,5.7898,5.7253,0.06449999999999978,1.1266,155162.63,178977.19
600614.SH,20120203,5.7253,5.7452,5.651,5.7253,5.77,-0.04469999999999974,-0.7747,106747.99,122862.879
600614.SH,20120202,5.7898,5.7898,5.6956,5.77,5.77,0.0,0.0,129924.61,150007.831
600614.SH,20120201,5.7997,5.7997,5.651,5.77,5.765,0.004999999999999893,0.0867,104334.54,120294.076
600614.SH,20120131,5.6956,5.8344,5.6807,5.765,5.7055,0.059499999999999886,1.0429,80136.71,92887.508
600614.SH,20120130,5.8195,5.8195,5.651,5.7055,5.77,-0.06449999999999978,-1.1179,64522.2,74519.821
600614.SH,20120120,5.7898,5.7898,5.651,5.77,5.7452,0.024799999999999933,0.4317,67239.0,77606.417
600614.SH,20120119,5.7551,5.8443,5.6659,5.7452,5.7402,0.004999999999999893,0.0871,116854.92,135668.997
600614.SH,20120118,5.8939,5.9782,5.7055,5.7402,5.8493,-0.10910000000000064,-1.8652,123759.34,145583.031
600614.SH,20120117,5.4329,5.8741,5.4081,5.8493,5.5519,0.29740000000000055,5.3567,136743.85,157520.131
600614.SH,20120116,5.8988,5.8988,5.4775,5.5519,5.8245,-0.27259999999999973,-4.6802,115401.77,132083.181
600614.SH,20120113,5.7154,6.0476,5.6758,5.8245,5.7055,0.11899999999999977,2.0857,163679.41,193365.816
600614.SH,20120112,5.6262,5.8195,5.6213,5.7055,5.7154,-0.00990000000000002,-0.1732,106677.54,123104.876
600614.SH,20120111,5.6312,5.7898,5.5816,5.7154,5.646,0.0693999999999999,1.2292,113115.95,129379.596
600614.SH,20120110,5.5816,5.6956,5.4924,5.646,5.5618,0.08420000000000005,1.5139,125309.78,141905.079
600614.SH,20120109,5.3784,5.5766,5.3139,5.5618,5.3784,0.18339999999999979,3.4099,95133.86,104924.2
600614.SH,20120106,5.3932,5.5023,5.2941,5.3784,5.4478,-0.0693999999999999,-1.2739,75454.76,82012.127
600614.SH,20120105,4.962,5.5965,4.962,5.4478,5.2445,0.2032999999999996,3.8764,97492.26,106273.188
600614.SH,20120104,5.2792,5.3189,5.2098,5.2445,5.2594,-0.014899999999999913,-0.2833,41424.92,43958.526
600614.SH,20111230,5.2296,5.2842,5.1999,5.2594,5.1999,0.059499999999999886,1.1443,50238.26,53040.644
600614.SH,20111229,5.1801,5.2247,5.1553,5.1999,5.1999,0.0,0.0,20519.28,21455.119
600614.SH,20111228,5.1355,5.2148,5.0859,5.1999,5.1801,0.01980000000000004,0.3822,22809.7,23660.12
600614.SH,20111227,5.071,5.2495,5.071,5.1801,5.1652,0.014900000000000801,0.2885,45383.41,47687.664
600614.SH,20111226,5.1999,5.2495,5.1553,5.1652,5.1999,-0.03470000000000084,-0.6673,31074.84,32607.049
600614.SH,20111223,5.2643,5.2941,5.1553,5.1999,5.2346,-0.03469999999999995,-0.6629,33885.49,35632.345
600614.SH,20111222,5.304,5.3536,5.1305,5.2346,5.3139,-0.07929999999999993,-1.4923,30314.65,31982.044
600614.SH,20111221,5.4527,5.4825,5.2544,5.3139,5.4131,-0.09919999999999973,-1.8326,29409.09,31886.547
600614.SH,20111220,5.3982,5.4874,5.3635,5.4131,5.3982,0.014899999999999913,0.276,29207.66,31930.762
600614.SH,20111219,5.4775,5.4775,5.2891,5.3982,5.4924,-0.09419999999999984,-1.7151,40878.59,44349.195
600614.SH,20111216,5.2495,5.5023,5.2495,5.4924,5.2842,0.20819999999999972,3.94,32075.13,34729.823
600614.SH,20111215,5.2544,5.304,5.1702,5.2842,5.2891,-0.0049000000000001265,-0.0926,46633.14,49259.4
600614.SH,20111214,5.309,5.3883,5.2643,5.2891,5.3288,-0.039699999999999847,-0.745,29171.41,31352.092
600614.SH,20111213,5.4874,5.5271,5.304,5.3288,5.5023,-0.17349999999999977,-3.1532,44668.18,48689.521
600614.SH,20111212,5.5866,5.5965,5.4874,5.5023,5.5816,-0.07929999999999993,-1.4207,28861.2,32146.997
600614.SH,20111209,5.5221,5.5915,5.4874,5.5816,5.5866,-0.004999999999999893,-0.0895,63563.13,71082.295
600614.SH,20111208,5.5072,5.5915,5.4527,5.5866,5.5519,0.03469999999999995,0.625,65757.79,73432.2
600614.SH,20111207,5.5122,5.5766,5.4527,5.5519,5.5221,0.029799999999999827,0.5396,46592.39,51972.094
600614.SH,20111206,5.4279,5.5419,5.3932,5.5221,5.4725,0.049599999999999866,0.9063,28738.34,31730.126
600614.SH,20111205,5.5519,5.5519,5.3288,5.4725,5.5172,-0.04469999999999974,-0.8102,36836.94,40269.518
600614.SH,20111202,5.646,5.651,5.4725,5.5172,5.6807,-0.16349999999999998,-2.8782,35796.07,39993.535
600614.SH,20111201,5.7501,5.8294,5.6758,5.6807,5.6113,0.0693999999999999,1.2368,77226.52,89656.075
600614.SH,20111130,5.6411,5.6708,5.3437,5.6113,5.646,-0.03469999999999995,-0.6146,70335.45,78854.631
600614.SH,20111129,5.6659,5.6758,5.5816,5.646,5.5816,0.06440000000000001,1.1538,32694.12,37126.073
600614.SH,20111128,5.6659,5.7006,5.537,5.5816,5.6708,-0.08919999999999995,-1.573,38897.11,43873.485
600614.SH,20111125,5.6758,5.7402,5.6163,5.6708,5.6807,-0.00990000000000002,-0.1743,34864.5,39883.35
600614.SH,20111124,5.5172,5.7006,5.4527,5.6807,5.5866,0.09410000000000007,1.6844,46556.09,52389.682
600614.SH,20111123,5.6163,5.651,5.537,5.5866,5.6064,-0.01980000000000004,-0.3532,38353.53,43211.023
600614.SH,20111122,5.651,5.6956,5.532,5.6064,5.7055,-0.09909999999999997,-1.7369,36027.58,40803.119
600614.SH,20111121,5.6758,5.7154,5.6113,5.7055,5.6907,0.014800000000000146,0.2601,28968.93,33173.725
600614.SH,20111118,5.8741,5.9335,5.6659,5.6907,5.9682,-0.27750000000000075,-4.6496,62295.2,72616.908
600614.SH,20111117,5.9335,5.998,5.9038,5.9682,5.9583,0.00990000000000002,0.1662,43390.68,52068.446
600614.SH,20111116,6.0773,6.1368,5.7997,5.9583,6.1021,-0.1437999999999997,-2.3566,97211.63,117256.192
600614.SH,20111115,6.1616,6.2211,6.0971,6.1021,6.1913,-0.08919999999999995,-1.4407,90548.89,111956.045
600614.SH,20111114,6.0525,6.2211,6.0476,6.1913,6.0376,0.15369999999999973,2.5457,112750.78,140199.836
600614.SH,20111111,5.9137,6.1417,5.9088,6.0376,5.9286,0.10899999999999999,1.8385,141172.19,172894.972
600614.SH,20111110,5.9682,6.0228,5.9187,5.9286,6.0376,-0.10899999999999999,-1.8054,85817.73,103359.837
600614.SH,20111109,5.9088,6.0426,5.8641,6.0376,5.9236,0.11399999999999988,1.9245,105755.12,127182.727
600614.SH,20111108,5.9682,6.0029,5.8641,5.9236,5.9534,-0.029799999999999827,-0.5006,78294.84,93549.875
600614.SH,20111107,6.0376,6.0476,5.879,5.9534,6.0723,-0.1189,-1.9581,109919.98,132185.992
600614.SH,20111104,5.9732,6.0922,5.8988,6.0723,5.9881,0.08420000000000005,1.4061,321122.76,388750.946
600614.SH,20111103,6.0723,6.231,5.9682,5.9881,6.0922,-0.10409999999999986,-1.7087,316989.09,391330.754
600614.SH,20111102,5.6857,6.0971,5.6361,6.0922,5.765,0.3272000000000004,5.6756,347305.25,416186.178
600614.SH,20111101,5.646,5.7848,5.6014,5.765,5.7154,0.049599999999999866,0.8678,291240.97,335898.178
600614.SH,20111031,5.6014,5.7353,5.5766,5.7154,5.651,0.06440000000000001,1.1396,238980.32,271885.519
600614.SH,20111028,5.5766,5.7898,5.5023,5.651,5.5419,0.10909999999999975,1.9686,306645.94,348524.631
600614.SH,20111027,5.3387,5.5717,5.2594,5.5419,5.3784,0.16349999999999998,3.0399,304911.76,332262.372
600614.SH,20111026,5.2693,5.4924,5.2544,5.3784,5.3387,0.039699999999999847,0.7436,255827.97,279053.08
600614.SH,20111025,5.1355,5.3536,5.1057,5.3387,5.2247,0.11399999999999988,2.1819,256963.17,271782.138
600614.SH,20111024,5.1057,5.2296,5.0016,5.2247,5.1999,0.024799999999999933,0.4769,257070.14,264143.294
600614.SH,20111021,5.071,5.2049,4.9322,5.1999,5.1206,0.07930000000000081,1.5486,276546.61,280500.651
600614.SH,20111020,5.0661,5.1553,4.9818,5.1206,5.1256,-0.005000000000000782,-0.0975,225750.02,230247.49
600614.SH,20111019,5.0661,5.1305,4.957,5.1256,5.0859,0.039700000000000735,0.7806,170618.68,173188.348
600614.SH,20111018,5.2197,5.2346,5.0562,5.0859,5.2643,-0.17840000000000078,-3.3889,168928.79,174655.287
600614.SH,20111017,5.2346,5.3288,5.2049,5.2643,5.2346,0.02970000000000006,0.5674,113365.01,120344.267
600614.SH,20111014,5.2891,5.3437,5.1949,5.2346,5.3536,-0.11899999999999977,-2.2228,133242.53,141332.645
600614.SH,20111013,5.19,5.3883,5.1553,5.3536,5.2643,0.08929999999999971,1.6963,197895.37,210084.378
600614.SH,20111012,5.0958,5.2792,5.0562,5.2643,5.1454,0.1189,2.3108,227346.79,235814.011
600614.SH,20111011,5.19,5.299,5.0562,5.1454,5.1156,0.029800000000000715,0.5825,154483.72,159932.889
600614.SH,20111010,4.9917,5.1503,4.9471,5.1156,4.957,0.15859999999999985,3.1995,186335.18,190041.247
600614.SH,20110930,5.0512,5.1008,4.9074,4.957,5.0512,-0.09419999999999984,-1.8649,38909.93,39104.134
600614.SH,20110929,5.1206,5.185,4.9669,5.0512,5.2346,-0.18340000000000067,-3.5036,69362.66,70699.722
600614.SH,20110928,5.5766,5.6014,5.2098,5.2346,5.5618,-0.3271999999999995,-5.883,144621.76,160277.967
600614.SH,20110927,5.6659,5.7055,5.537,5.5618,5.646,-0.08420000000000005,-1.4913,134579.77,152297.253
600614.SH,20110926,5.6411,5.7501,5.5915,5.646,5.6708,-0.024799999999999933,-0.4373,122036.62,139161.74
600614.SH,20110923,5.7055,5.7898,5.5519,5.6708,5.8344,-0.16359999999999975,-2.8041,97922.74,111620.236
600614.SH,20110922,5.9534,5.993,5.8096,5.8344,6.0178,-0.18340000000000067,-3.0476,112111.19,133254.941
600614.SH,20110921,5.8096,6.0922,5.7898,6.0178,5.8344,0.18340000000000067,3.1434,127632.06,152271.441
600614.SH,20110920,5.7253,5.8889,5.7253,5.8344,5.8195,0.014899999999999913,0.256,84668.76,99456.585
600614.SH,20110919,5.8939,5.9286,5.7501,5.8195,5.9583,-0.1388000000000007,-2.3295,82194.4,96571.881
600614.SH,20110916,5.8988,6.0773,5.8889,5.9583,5.884,0.07430000000000003,1.2627,116604.06,140692.033
600614.SH,20110915,5.9038,5.9682,5.8493,5.884,5.8344,0.049600000000000755,0.8501,123341.13,147059.77
600614.SH,20110914,5.8146,5.9236,5.6907,5.8344,5.77,0.06440000000000001,1.1161,82805.4,96440.18
600614.SH,20110913,5.8741,5.8741,5.6907,5.77,5.9484,-0.17840000000000078,-2.9991,46640.04,54325.341
600614.SH,20110909,5.9484,5.998,5.7501,5.9484,5.9583,-0.00990000000000002,-0.1662,87800.79,104147.63
600614.SH,20110908,6.0872,6.1566,5.9335,5.9583,6.0674,-0.10909999999999975,-1.7981,81399.63,98949.774
600614.SH,20110907,6.0079,6.0773,5.9088,6.0674,5.9534,0.11399999999999988,1.9149,94578.35,114599.027
600614.SH,20110906,5.9038,5.998,5.879,5.9534,5.9583,-0.0049000000000001265,-0.0822,45025.97,53920.0
600614.SH,20110905,6.0476,6.0476,5.8939,5.9583,6.1021,-0.1437999999999997,-2.3566,56186.41,67534.799
600614.SH,20110902,6.2161,6.2657,6.0476,6.1021,6.2211,-0.11899999999999977,-1.9128,49878.25,61588.363
600614.SH,20110901,6.3846,6.4094,6.1517,6.2211,6.3598,-0.13870000000000005,-2.1809,108714.86,137316.307
600614.SH,20110831,6.5928,6.6771,6.345,6.3598,6.5928,-0.23300000000000054,-3.5342,142564.03,185753.378
600614.SH,20110830,6.454,6.8258,6.454,6.5928,6.578,0.014800000000000146,0.225,209285.84,281975.389
600614.SH,20110829,6.6523,6.8308,6.459,6.578,6.6771,-0.09909999999999997,-1.4842,150266.84,200244.6
600614.SH,20110826,6.2458,6.8853,6.2359,6.6771,6.4045,0.2726000000000006,4.2564,261138.48,350607.383
600614.SH,20110825,6.5928,6.692,6.2706,6.4045,6.4193,-0.014800000000000146,-0.2306,105289.54,136173.855
600614.SH,20110824,6.1913,6.4937,6.1616,6.4193,6.1517,0.26759999999999984,4.35,171780.87,219831.513
600614.SH,20110823,6.0773,6.1864,6.0228,6.1517,6.0575,0.09419999999999984,1.5551,66795.38,82124.207
600614.SH,20110822,6.0277,6.1764,6.0228,6.0575,6.0872,-0.02970000000000006,-0.4879,55758.73,68505.086
600614.SH,20110819,6.0129,6.226,5.9633,6.0872,6.1566,-0.0693999999999999,-1.1272,85426.75,105146.573
600614.SH,20110818,6.3698,6.3945,6.1467,6.1566,6.4094,-0.2527999999999997,-3.9442,126867.85,159914.482
600614.SH,20110817,6.7415,6.7465,6.3846,6.4094,6.7465,-0.3371000000000004,-4.9967,175124.24,231111.755
600614.SH,20110816,6.8407,6.9299,6.7316,6.7465,7.029,-0.28249999999999975,-4.0191,250472.16,344974.934
600614.SH,20110815,6.5978,7.1877,6.5135,7.029,6.568,0.4610000000000003,7.0189,291564.69,406464.246
600614.SH,20110812,6.4838,6.6176,6.3598,6.568,6.3598,0.20819999999999972,3.2737,175910.35,229947.167
600614.SH,20110811,6.0971,6.4689,6.0773,6.3598,6.3053,0.05449999999999999,0.8644,110263.84,141004.142
600614.SH,20110810,6.4292,6.4937,6.2954,6.3053,6.3351,-0.029799999999999827,-0.4704,117227.93,151649.627
600614.SH,20110809,6.0872,6.4094,5.9038,6.3351,6.3351,0.0,0.0,118567.89,149529.697
600614.SH,20110808,6.3797,6.4342,5.8542,6.3351,6.5036,-0.16849999999999987,-2.5909,123915.51,154640.261
600614.SH,20110805,6.4441,6.5433,6.3351,6.5036,6.692,-0.18840000000000057,-2.8153,95677.68,124600.278
600614.SH,20110804,6.6176,6.7861,6.5928,6.692,6.5581,0.13390000000000057,2.0417,117755.47,159225.848
600614.SH,20110803,6.4441,6.5829,6.3846,6.5581,6.5482,0.00990000000000002,0.1512,83001.5,108473.02
600614.SH,20110802,6.4491,6.5928,6.3698,6.5482,6.5978,-0.049600000000000755,-0.7518,75385.35,98296.507
600614.SH,20110801,6.4292,6.6821,6.1715,6.5978,6.4342,0.16360000000000063,2.5427,114281.5,148293.741
600614.SH,20110729,6.6821,6.7614,6.3945,6.4342,6.6721,-0.23790000000000067,-3.5656,67822.7,89913.686
600614.SH,20110728,6.6424,6.7614,6.5928,6.6721,6.7614,-0.08929999999999971,-1.3207,63306.38,85192.289
600614.SH,20110727,6.6622,6.801,6.5482,6.7614,6.6622,0.09919999999999973,1.489,65068.41,87632.218
600614.SH,20110726,6.6127,6.7415,6.6127,6.6622,6.6077,0.05449999999999999,0.8248,57546.21,77294.514
600614.SH,20110725,6.8407,6.9696,6.5879,6.6077,6.8555,-0.2477999999999998,-3.6146,88004.03,120252.053
600614.SH,20110722,6.8803,7.0241,6.806,6.8555,6.8655,-0.009999999999999787,-0.1457,77297.68,107272.691
600614.SH,20110721,7.1282,7.262,6.8407,6.8655,7.1926,-0.3270999999999997,-4.5477,130587.89,185242.832
600614.SH,20110720,7.2323,7.2769,7.1282,7.1926,7.2125,-0.019900000000000695,-0.2759,116755.49,169439.895
600614.SH,20110719,7.0637,7.2571,6.9002,7.2125,7.1381,0.07440000000000069,1.0423,187971.57,267834.917
600614.SH,20110718,7.2125,7.2323,7.0687,7.1381,7.2025,-0.06440000000000001,-0.8941,106661.24,153189.083
600614.SH,20110715,7.2025,7.4355,7.1034,7.2025,7.3215,-0.11900000000000066,-1.6253,158939.91,231153.791
600614.SH,20110714,7.3661,7.5842,7.262,7.3215,7.3364,-0.014899999999999913,-0.2031,167511.14,250179.98
600614.SH,20110713,7.1381,7.376,7.1133,7.3364,7.1084,0.22800000000000065,3.2075,155641.93,228762.032
600614.SH,20110712,7.0836,7.1827,7.0092,7.1084,7.1877,-0.07930000000000081,-1.1033,116269.35,166346.016
600614.SH,20110711,7.1381,7.3314,7.1381,7.1877,7.2571,-0.0693999999999999,-0.9563,155616.83,227354.97
600614.SH,20110708,7.3959,7.5446,7.0687,7.2571,7.4306,-0.17349999999999977,-2.3349,177941.87,262479.329
600614.SH,20110707,7.7825,7.8569,7.4107,7.4306,7.842,-0.41139999999999954,-5.2461,269595.1,412266.196
600614.SH,20110706,7.7379,7.9758,7.7181,7.842,7.8023,0.039699999999999847,0.5088,199828.56,316028.501
600614.SH,20110705,7.9461,7.9461,7.7429,7.8023,7.9709,-0.16860000000000053,-2.1152,249943.81,394396.136
600614.SH,20110704,7.8816,8.075,7.7577,7.9709,7.8816,0.0893000000000006,1.133,233517.03,372998.236
600614.SH,20110701,7.614,8.0006,7.614,7.8816,7.6735,0.20809999999999995,2.7119,219219.68,345331.855
600614.SH,20110630,7.7181,7.951,7.614,7.6735,7.609,0.06449999999999978,0.8477,159895.67,250188.119
600614.SH,20110629,8.0304,8.1543,7.5941,7.609,8.0304,-0.4214000000000002,-5.2476,218026.0,344918.562
600614.SH,20110628,7.6883,8.2733,7.6883,8.0304,7.7776,0.2528000000000006,3.2504,276886.03,450351.806
600614.SH,20110627,7.5842,7.9808,7.5495,7.7776,7.6388,0.1387999999999998,1.817,283751.22,447338.351
600614.SH,20110624,7.4405,7.8668,7.3859,7.6388,7.5644,0.0743999999999998,0.9836,344356.97,528140.411
600614.SH,20110623,7.7082,7.7924,7.4603,7.5644,7.49,0.0743999999999998,0.9933,460507.7,707486.538
600614.SH,20110622,6.6821,7.49,6.6821,7.49,6.8109,0.6791,9.9708,421906.66,621559.954
600614.SH,20110621,6.7961,6.8902,6.3797,6.8109,6.8754,-0.06449999999999978,-0.9381,360252.07,482093.004
600614.SH,20110620,6.8754,7.2125,6.8754,6.8754,7.6388,-0.7633999999999999,-9.9937,448137.06,630867.897
600614.SH,20110617,8.3873,8.3873,7.5,7.6388,7.6239,0.014899999999999913,0.1954,760242.08,1237974.703
600614.SH,20110602,6.7911,7.6239,6.7019,7.6239,6.9299,0.694,10.0146,242087.03,355282.681
600614.SH,20110601,6.7614,7.1827,6.7068,6.9299,6.7663,0.16359999999999975,2.4179,134312.63,188906.583
600614.SH,20110531,6.7415,6.8754,6.5928,6.7663,6.6176,0.14869999999999983,2.247,92303.7,125023.879
600614.SH,20110530,6.5185,6.7217,6.3945,6.6176,6.5879,0.02970000000000006,0.4508,77799.72,103595.533
600614.SH,20110527,6.8407,6.9249,6.4689,6.5879,6.9596,-0.3716999999999997,-5.3408,126642.84,170263.991
600614.SH,20110526,7.2868,7.4801,6.8853,6.9596,7.2273,-0.2676999999999996,-3.704,144397.39,209404.95
600614.SH,20110525,7.2769,7.4355,7.039,7.2273,7.4058,-0.17850000000000055,-2.4103,116148.28,170392.723
600614.SH,20110524,7.1331,7.5842,6.8902,7.4058,7.3364,0.0693999999999999,0.946,184410.96,269285.235
600614.SH,20110523,7.9808,8.0551,7.3364,7.3364,8.1493,-0.8129,-9.9751,146296.41,224333.059
600614.SH,20110520,8.2386,8.4071,8.1047,8.1493,8.2386,-0.08929999999999971,-1.0839,127984.27,212510.163
600614.SH,20110519,8.1295,8.3129,8.0452,8.2386,8.189,0.049599999999999866,0.6057,91568.1,151440.725
600614.SH,20110518,7.8271,8.2683,7.8271,8.189,7.9064,0.2826000000000004,3.5743,117476.94,191757.26
600614.SH,20110517,8.1692,8.2039,7.723,7.9064,8.2931,-0.38670000000000115,-4.6629,146976.94,235345.696
600614.SH,20110516,8.6748,8.7144,8.0056,8.2931,8.7541,-0.4609999999999985,-5.2661,169591.64,285163.935
600614.SH,20110513,8.9524,9.0614,8.3377,8.7541,9.0118,-0.2576999999999998,-2.8596,196052.98,342558.94
600614.SH,20110512,8.9474,9.3341,8.8136,9.0118,8.992,0.019799999999998263,0.2202,154289.88,283716.915
600614.SH,20110511,9.0218,9.111,8.7243,8.992,9.1457,-0.15369999999999884,-1.6806,134033.56,241057.906
600614.SH,20110510,9.0713,9.2597,8.9226,9.1457,9.111,0.034699999999999065,0.3809,131229.48,241017.686
600614.SH,20110509,9.1209,9.3588,9.0218,9.111,9.2647,-0.15369999999999884,-1.659,114451.09,211645.188
600614.SH,20110506,8.8631,9.3935,8.6748,9.2647,8.9226,0.3421000000000003,3.8341,167891.84,310658.835
600614.SH,20110505,8.8483,9.0565,8.7789,8.9226,9.0565,-0.13390000000000057,-1.4785,84435.62,151786.157
600614.SH,20110504,8.9226,9.3539,8.7491,9.0565,8.8731,0.1833999999999989,2.0669,171945.09,314108.86
600614.SH,20110503,8.3724,8.878,8.2286,8.8731,8.07,0.8031000000000006,9.9517,193747.34,335801.213
600614.SH,20110428,8.3674,8.6698,7.9411,8.07,8.5409,-0.4709000000000003,-5.5135,116605.61,195413.307
600614.SH,20110427,8.7095,8.9028,8.2832,8.5409,8.8037,-0.2627999999999986,-2.9851,133528.66,230271.095
600614.SH,20110426,9.0218,9.1506,8.5806,8.8037,9.225,-0.42130000000000045,-4.5669,160629.94,286021.525
600614.SH,20110425,9.3886,9.6067,9.0961,9.225,9.2746,-0.049599999999999866,-0.5348,175658.6,329129.316
600614.SH,20110422,9.0118,9.3588,8.6302,9.2746,9.0862,0.18839999999999968,2.0735,178791.93,326745.331
600614.SH,20110421,8.7789,9.3836,8.7789,9.0862,8.8631,0.22310000000000052,2.5172,192994.58,355824.184
600614.SH,20110420,8.8235,8.9524,8.6252,8.8631,8.9524,-0.08930000000000149,-0.9975,173735.35,308444.546
600614.SH,20110419,8.5409,9.1506,8.4418,8.9524,8.6797,0.2727000000000004,3.1418,388131.49,690990.387
600614.SH,20110418,7.8767,8.6797,7.8073,8.6797,7.8916,0.7881,9.9866,540667.54,927892.824
600614.SH,20110415,7.723,7.9163,7.6933,7.8916,7.7181,0.17350000000000065,2.248,130381.32,206178.359
600614.SH,20110414,7.6834,7.8172,7.609,7.7181,7.7131,0.004999999999999893,0.0648,105236.28,163761.666
600614.SH,20110413,7.5842,7.837,7.4553,7.7131,7.6933,0.01980000000000004,0.2574,121568.13,187569.504
600614.SH,20110412,7.9758,8.075,7.5743,7.6933,8.0502,-0.35690000000000044,-4.4334,265212.7,416351.612
600614.SH,20110411,7.8816,8.3526,7.7825,8.0502,8.0105,0.039699999999999847,0.4956,301987.06,489213.006
600614.SH,20110408,8.1295,8.3377,8.0006,8.0105,8.2039,-0.19340000000000046,-2.3574,242753.13,397401.98
600614.SH,20110407,7.8073,8.2733,7.7379,8.2039,7.9461,0.2578000000000005,3.2444,299958.84,485285.301
600614.SH,20110406,7.7131,8.2138,7.5892,7.9461,7.7924,0.15370000000000061,1.9724,298729.39,478683.115
600614.SH,20110401,7.4653,8.1047,7.3116,7.7924,7.7429,0.0495000000000001,0.6393,401556.42,623149.995
600614.SH,20110331,8.4914,8.759,7.7181,7.7429,8.1245,-0.3815999999999997,-4.6969,666733.44,1111682.722
600614.SH,20110330,7.4752,8.1245,7.4206,8.1245,7.3859,0.738599999999999,10.0001,380240.68,605224.971
600614.SH,20110329,7.7181,7.9709,7.3512,7.3859,7.9263,-0.5404,-6.8178,375467.16,584072.42
600614.SH,20110328,7.2719,7.9312,7.1778,7.9263,7.262,0.6643000000000008,9.1476,453555.9,689947.965
600614.SH,20110325,6.92,7.5247,6.8803,7.262,7.0043,0.2576999999999998,3.6792,381239.1,557875.113
600614.SH,20110324,6.9596,7.2125,6.9299,7.0043,6.9448,0.059499999999999886,0.8568,201097.03,286880.783
600614.SH,20110323,6.9398,7.1381,6.8258,6.9448,6.9696,-0.024799999999999933,-0.3558,216312.94,303594.684
600614.SH,20110322,6.8159,6.9894,6.7217,6.9696,6.915,0.05459999999999976,0.7896,204816.19,283550.45
600614.SH,20110321,6.7911,7.1133,6.7911,6.915,6.7762,0.1387999999999998,2.0483,295908.72,415917.673
600614.SH,20110318,6.92,6.9596,6.6424,6.7762,6.8456,-0.0693999999999999,-1.0138,199045.78,272038.826
600614.SH,20110317,7.148,7.2075,6.687,6.8456,7.3562,-0.5106000000000002,-6.9411,413937.56,576100.721
600614.SH,20110316,6.9547,7.4851,6.7961,7.3562,6.9795,0.3767000000000005,5.3972,441483.64,638920.339
600614.SH,20110315,6.7861,7.0885,6.6325,6.9795,6.6226,0.35689999999999955,5.3891,350760.63,486013.433
600614.SH,20110314,6.9894,7.0191,6.6077,6.6226,7.0885,-0.46589999999999954,-6.5726,302754.35,414386.447
600614.SH,20110311,7.2125,7.4206,7.0637,7.0885,7.2868,-0.1983000000000006,-2.7214,305001.58,446283.973
600614.SH,20110310,6.9002,7.6189,6.8258,7.2868,6.9696,0.3172000000000006,4.5512,358910.93,522320.037
600614.SH,20110309,6.7415,7.2125,6.6771,6.9696,6.7713,0.1982999999999997,2.9285,334384.96,470298.609
600614.SH,20110308,6.34,7.0241,6.2855,6.7713,6.3846,0.38670000000000027,6.0568,352436.35,477404.282
600614.SH,20110307,6.3202,6.4689,6.1963,6.3846,6.3103,0.07430000000000003,1.1774,180064.42,230538.563
600614.SH,20110304,6.2458,6.4639,6.1715,6.3103,6.3053,0.004999999999999893,0.0793,158786.58,202808.284
600614.SH,20110303,6.4887,6.6821,6.2657,6.3053,6.5333,-0.22799999999999976,-3.4898,164448.32,214520.302
600614.SH,20110302,6.5433,6.6622,6.3351,6.5333,6.6721,-0.1388000000000007,-2.0803,188897.3,247894.657
600614.SH,20110301,6.7217,6.9547,6.6226,6.6721,6.8456,-0.17349999999999977,-2.5345,222244.09,303437.819
600614.SH,20110228,6.801,6.9497,6.5581,6.8456,6.8655,-0.019899999999999807,-0.2899,189792.17,259907.444
600614.SH,20110225,6.7415,6.9299,6.6325,6.8655,6.92,-0.05449999999999999,-0.7876,241237.56,329344.509
600614.SH,20110224,6.5433,7.0786,6.4193,6.92,6.7068,0.2131999999999996,3.1789,319893.35,435803.151
600614.SH,20110223,6.4441,7.0786,6.345,6.7068,6.5036,0.2032000000000007,3.1244,481564.17,651428.985
600614.SH,20110222,5.8493,6.5036,5.6659,6.5036,5.9137,0.5898999999999992,9.9751,375939.28,461640.395
600614.SH,20110221,6.2657,6.2657,5.651,5.9137,6.0575,-0.1437999999999997,-2.3739,352088.86,416176.005
600614.SH,20110218,5.8939,6.1467,5.8592,6.0575,5.9435,0.11399999999999988,1.9181,107947.53,131827.959
600614.SH,20110217,5.8988,6.0971,5.7898,5.9435,5.8889,0.05460000000000065,0.9272,155275.95,186266.502
600614.SH,20110216,5.651,5.9435,5.651,5.8889,5.7204,0.16849999999999987,2.9456,114535.93,134105.695
600614.SH,20110215,5.5816,5.8047,5.5023,5.7204,5.6014,0.11899999999999977,2.1245,210647.06,239085.321
600614.SH,20110214,5.4279,5.7402,5.3536,5.6014,5.423,0.1783999999999999,3.2897,311722.63,349318.32
600614.SH,20110211,5.0363,5.4279,5.0066,5.423,5.0661,0.35690000000000044,7.0449,227338.74,243222.376
600614.SH,20110210,5.0314,5.071,4.962,5.0661,5.0512,0.014899999999999913,0.295,139016.27,140568.134
600614.SH,20110209,5.0066,5.0809,4.8975,5.0512,5.0859,-0.03469999999999995,-0.6823,137358.11,138535.499
600614.SH,20110201,4.8777,5.1156,4.8232,5.0859,4.8827,0.20319999999999983,4.1616,86358.44,87094.998
600614.SH,20110131,4.5852,4.8827,4.5605,4.8827,4.5852,0.29749999999999943,6.4883,76553.71,74130.102
600614.SH,20110128,4.387,4.6051,4.377,4.5852,4.3969,0.1883000000000008,4.2826,55139.45,50308.876
600614.SH,20110127,4.4018,4.4365,4.2928,4.3969,4.3572,0.039699999999999847,0.9111,47980.83,42269.415
600614.SH,20110126,4.1837,4.4663,4.1242,4.3572,4.3076,0.049599999999999866,1.1515,57127.96,50242.468
600614.SH,20110125,4.7587,4.7835,4.3076,4.3076,4.7835,-0.4759000000000002,-9.9488,103402.08,92884.367
600614.SH,20110124,4.8281,4.8827,4.7042,4.7835,4.8281,-0.04459999999999997,-0.9238,90609.51,87503.107
600614.SH,20110121,4.8133,4.9074,4.6596,4.8281,4.7984,0.02970000000000006,0.619,105192.81,101458.106
600614.SH,20110120,4.7538,5.0165,4.6844,4.7984,4.8628,-0.06440000000000001,-1.3243,148797.09,144901.816
600614.SH,20110119,5.0066,5.4527,4.6497,4.8628,4.9818,-0.11899999999999977,-2.3887,340088.62,336212.468
600614.SH,20110118,4.8579,4.9967,4.7587,4.9818,4.8926,0.08919999999999995,1.8232,128095.11,126651.588
600614.SH,20110117,4.8529,4.9967,4.7786,4.8926,4.8876,0.004999999999999893,0.1023,117379.82,115721.064
600614.SH,20110114,4.7092,4.8975,4.6001,4.8876,4.7042,0.18339999999999979,3.8986,128398.52,124286.381
600614.SH,20110113,4.6596,4.957,4.6596,4.7042,4.6992,0.004999999999999893,0.1064,141401.45,137819.082
600614.SH,20110112,4.6596,4.7587,4.5357,4.6992,4.5208,0.1783999999999999,3.9462,114802.56,108026.962
600614.SH,20110111,4.8281,4.8579,4.4613,4.5208,4.848,-0.3271999999999995,-6.7492,133742.71,124907.652
600614.SH,20110110,4.8083,5.0264,4.7835,4.848,4.8232,0.024799999999999933,0.5142,140460.27,139068.092
600614.SH,20110107,4.7587,5.0562,4.7587,4.8232,4.8083,0.014899999999999913,0.3099,137729.91,135658.52
600614.SH,20110106,4.9521,4.9521,4.724,4.8083,4.9669,-0.15859999999999985,-3.1931,132154.77,128679.144
600614.SH,20110105,4.8876,5.0066,4.7835,4.9669,4.9471,0.01980000000000004,0.4002,164440.02,162463.619
600614.SH,20110104,4.4861,5.0016,4.4861,4.9471,4.5456,0.4014999999999995,8.8327,250281.56,240363.488
600614.SH,20101231,4.3275,4.6943,4.263,4.5456,4.3423,0.20330000000000048,4.6819,187652.61,171315.801
600614.SH,20101230,4.3423,4.3919,4.1936,4.3423,4.3423,0.0,0.0,129602.7,112870.871
600614.SH,20101229,4.0301,4.377,4.0301,4.3423,4.0846,0.2576999999999998,6.3091,189889.18,163473.872
600614.SH,20101228,4.2035,4.2581,4.0152,4.0846,4.2184,-0.13379999999999992,-3.1718,130286.44,108702.837
600614.SH,20101227,4.1441,4.3027,4.035,4.2184,4.2085,0.00990000000000002,0.2352,181887.08,153427.191
600614.SH,20101224,4.2581,4.3225,4.0152,4.2085,4.2779,-0.0693999999999999,-1.6223,170232.88,143352.525
600614.SH,20101223,4.035,4.3919,4.0201,4.2779,4.0499,0.22799999999999976,5.6298,294598.63,253449.611
600614.SH,20101222,4.0648,4.1044,3.9656,4.0499,4.0994,-0.0495000000000001,-1.2075,201412.85,164289.648
600614.SH,20101221,4.0548,4.1391,3.916,4.0994,4.0201,0.07929999999999993,1.9726,280388.39,228400.051
600614.SH,20101220,3.8913,4.1391,3.7723,4.0201,3.8318,0.18830000000000036,4.9141,407196.92,321729.689
600614.SH,20101217,3.4501,3.8318,3.4501,3.8318,3.4848,0.347,9.9575,464810.97,353174.204
600614.SH,20101216,3.3609,3.5591,3.3212,3.4848,3.3609,0.1238999999999999,3.6865,173966.44,121044.851
600614.SH,20101215,3.341,3.4055,3.3212,3.3609,3.3658,-0.0049000000000001265,-0.1456,102859.66,69817.956
600614.SH,20101214,3.3559,3.4154,3.2964,3.3658,3.341,0.024799999999999933,0.7423,115269.63,77928.386
600614.SH,20101213,3.2419,3.3559,3.2221,3.341,3.2568,0.08420000000000005,2.5854,103314.82,68665.98
600614.SH,20101210,3.2072,3.2617,3.1824,3.2568,3.232,0.024799999999999933,0.7673,65397.44,42501.936
600614.SH,20101209,3.2667,3.2716,3.1824,3.232,3.2716,-0.039599999999999635,-1.2104,61760.42,40182.408
600614.SH,20101208,3.2964,3.3212,3.232,3.2716,3.3063,-0.03469999999999995,-1.0495,46023.75,30507.695
600614.SH,20101207,3.2518,3.3212,3.1824,3.3063,3.2716,0.03469999999999995,1.0606,55821.75,36805.234
600614.SH,20101206,3.3014,3.3063,3.2221,3.2716,3.3113,-0.03970000000000029,-1.1989,39896.1,26254.568
600614.SH,20101203,3.2716,3.3162,3.2221,3.3113,3.2815,0.02980000000000027,0.9081,41510.76,27472.318
600614.SH,20101202,3.2865,3.3559,3.2766,3.2815,3.2815,0.0,0.0,63830.37,42729.208
600614.SH,20101201,3.2617,3.3014,3.2221,3.2815,3.2617,0.01980000000000004,0.607,41582.81,27396.043
600614.SH,20101130,3.3559,3.3807,3.2221,3.2617,3.3708,-0.1091000000000002,-3.2366,67099.46,44474.764
600614.SH,20101129,3.3559,3.3807,3.3014,3.3708,3.3509,0.019899999999999807,0.5939,47147.71,31767.55
600614.SH,20101126,3.4203,3.46,3.3212,3.3509,3.3906,-0.039699999999999847,-1.1709,86743.44,59113.941
600614.SH,20101124,3.346,3.4203,3.3262,3.3906,3.3658,0.024799999999999933,0.7368,73583.84,50231.593
600614.SH,20101123,3.4104,3.4352,3.3212,3.3658,3.4253,-0.059499999999999886,-1.7371,99363.93,67368.312
600614.SH,20101122,3.3509,3.4352,3.3063,3.4253,3.346,0.07929999999999993,2.37,109164.82,74098.542
600614.SH,20101119,3.3113,3.3509,3.2369,3.346,3.3113,0.03469999999999995,1.0479,73327.74,48756.028
600614.SH,20101118,3.2617,3.3113,3.2419,3.3113,3.2568,0.05449999999999999,1.6734,51657.86,34239.086
600614.SH,20101117,3.2022,3.3113,3.1824,3.2568,3.227,0.02980000000000027,0.9235,48758.05,31975.757
600614.SH,20101116,3.2815,3.3361,3.1824,3.227,3.2766,-0.04960000000000031,-1.5138,81625.31,53887.893
600614.SH,20101115,3.1824,3.2766,3.1824,3.2766,3.2072,0.06940000000000035,2.1639,66368.9,43335.669
600614.SH,20101112,3.4253,3.4947,3.1973,3.2072,3.4253,-0.21810000000000018,-6.3673,137327.81,93413.907
600614.SH,20101111,3.5145,3.5443,3.4104,3.4253,3.5145,-0.08919999999999995,-2.5381,134607.13,95265.843
600614.SH,20101110,3.4997,3.5591,3.4848,3.5145,3.5393,-0.024799999999999933,-0.7007,134171.88,95042.746
600614.SH,20101109,3.5343,3.6186,3.4848,3.5393,3.5343,0.004999999999999893,0.1415,209511.12,150336.809
600614.SH,20101108,3.4303,3.5938,3.4253,3.5343,3.4104,0.1238999999999999,3.633,241456.76,171729.666
600614.SH,20101105,3.346,3.4352,3.3162,3.4104,3.3509,0.059499999999999886,1.7756,176264.58,120616.768
600614.SH,20101104,3.3113,3.3559,3.2667,3.3509,3.3262,0.024700000000000166,0.7426,125421.66,84160.159
600614.SH,20101103,3.2964,3.3708,3.2815,3.3262,3.3063,0.01990000000000025,0.6019,109890.3,73856.831
600614.SH,20101102,3.3212,3.346,3.2716,3.3063,3.3361,-0.02980000000000027,-0.8933,137092.54,91551.56
600614.SH,20101101,3.3014,3.3609,3.2865,3.3361,3.3063,0.02980000000000027,0.9013,132188.37,88544.912
600614.SH,20101029,3.3807,3.3856,3.2716,3.3063,3.3807,-0.07440000000000024,-2.2007,169133.91,112868.331
600614.SH,20101028,3.4154,3.4501,3.346,3.3807,3.4005,-0.01980000000000004,-0.5823,207974.22,142699.69
600614.SH,20101027,3.341,3.4501,3.3014,3.4005,3.3311,0.0693999999999999,2.0834,254512.59,173817.616
600614.SH,20101026,3.2915,3.3361,3.2468,3.3311,3.2865,0.04459999999999997,1.3571,193037.06,128520.825
600614.SH,20101025,3.2221,3.2964,3.1973,3.2865,3.2468,0.03970000000000029,1.2227,158864.14,104167.918
600614.SH,20101022,3.1973,3.2716,3.1725,3.2468,3.227,0.01980000000000004,0.6136,136277.74,88534.631
600614.SH,20101021,3.2072,3.2369,3.1725,3.227,3.227,0.0,0.0,126030.69,81370.257
600614.SH,20101020,3.2468,3.2568,3.1626,3.227,3.3311,-0.1041000000000003,-3.1251,151921.78,98341.671
600614.SH,20101019,3.2766,3.3361,3.2221,3.3311,3.2716,0.05950000000000033,1.8187,189312.85,125194.933
600614.SH,20101018,3.2221,3.3609,3.2022,3.2716,3.232,0.039599999999999635,1.2252,212269.34,140086.1
600614.SH,20101015,3.2468,3.2964,3.1923,3.232,3.2915,-0.059499999999999886,-1.8077,118686.69,77185.516
600614.SH,20101014,3.3014,3.3807,3.2121,3.2915,3.3014,-0.00990000000000002,-0.2999,133835.22,88714.216
600614.SH,20101013,3.2419,3.3658,3.2419,3.3014,3.2716,0.02980000000000027,0.9109,132167.47,88260.485
600614.SH,20101012,3.2419,3.2815,3.2221,3.2716,3.2667,0.004899999999999682,0.15,96066.93,63123.07
600614.SH,20101011,3.2568,3.2915,3.2171,3.2667,3.2865,-0.01980000000000004,-0.6025,166586.85,109179.718
600614.SH,20101008,3.1973,3.3113,3.1477,3.2865,3.2468,0.03970000000000029,1.2227,197895.71,129285.86
600614.SH,20100930,3.1477,3.2617,3.0981,3.2468,3.1973,0.0495000000000001,1.5482,181223.42,116490.278
600614.SH,20100929,3.0337,3.2072,3.0039,3.1973,3.0337,0.16359999999999975,5.3928,159999.76,100237.794
600614.SH,20100928,3.1576,3.1576,3.0287,3.0337,3.0733,-0.03960000000000008,-1.2885,38112.36,23687.035
600614.SH,20100921,3.1031,3.1328,3.0486,3.0733,3.0981,-0.024799999999999933,-0.8005,25652.93,16000.228
600614.SH,20100920,3.113,3.1527,3.0733,3.0981,3.1626,-0.06449999999999978,-2.0395,35188.17,22050.534
600614.SH,20100917,3.118,3.1923,3.0486,3.1626,3.1328,0.029799999999999827,0.9512,55266.39,34935.539
600614.SH,20100916,3.1874,3.2171,3.1229,3.1328,3.2072,-0.0743999999999998,-2.3198,62402.7,39933.38
600614.SH,20100915,3.2518,3.2617,3.1973,3.2072,3.2468,-0.03960000000000008,-1.2197,87286.7,56739.391
600614.SH,20100914,3.2419,3.2617,3.2022,3.2468,3.2419,0.0049000000000001265,0.1511,60877.39,39702.742
600614.SH,20100913,3.1973,3.2568,3.1527,3.2419,3.2022,0.039699999999999847,1.2398,65853.22,42698.4
600614.SH,20100910,3.2121,3.2369,3.1527,3.2022,3.227,-0.024799999999999933,-0.7685,63097.76,40645.731
600614.SH,20100909,3.3262,3.341,3.1973,3.227,3.3311,-0.1041000000000003,-3.1251,80479.13,52942.246
600614.SH,20100908,3.3162,3.3361,3.2568,3.3311,3.3262,0.0049000000000001265,0.1473,85611.59,56894.864
600614.SH,20100907,3.2468,3.3311,3.2419,3.3262,3.2419,0.08430000000000026,2.6003,115044.94,76542.441
600614.SH,20100906,3.2221,3.2617,3.1874,3.2419,3.2221,0.019799999999999596,0.6145,83047.96,54053.518
600614.SH,20100903,3.2419,3.2617,3.1626,3.2221,3.2617,-0.039599999999999635,-1.2141,109533.37,70820.029
600614.SH,20100902,3.2716,3.2865,3.1725,3.2617,3.2468,0.014899999999999913,0.4589,153000.11,99403.805
600614.SH,20100901,3.3609,3.3906,3.2121,3.2468,3.3609,-0.11410000000000009,-3.3949,103641.36,68707.716
600614.SH,20100831,3.4005,3.4055,3.3113,3.3609,3.4104,-0.0495000000000001,-1.4514,106950.96,72385.33
600614.SH,20100830,3.3807,3.46,3.3708,3.4104,3.4104,0.0,0.0,208370.59,143554.115
600614.SH,20100827,3.3361,3.4203,3.3063,3.4104,3.3609,0.0495000000000001,1.4728,177069.66,120712.739
600614.SH,20100826,3.3014,3.3906,3.2468,3.3609,3.2964,0.06449999999999978,1.9567,160787.64,107951.271
600614.SH,20100825,3.2716,3.3807,3.2568,3.2964,3.2716,0.024800000000000377,0.758,232775.0,155880.585
600614.SH,20100824,3.227,3.2964,3.2171,3.2716,3.232,0.039599999999999635,1.2252,109871.39,72112.769
600614.SH,20100823,3.1774,3.2568,3.1675,3.232,3.2072,0.024800000000000377,0.7733,77106.39,50219.889
600614.SH,20100820,3.2766,3.3063,3.1973,3.2072,3.3113,-0.1041000000000003,-3.1438,110626.0,72367.757
600614.SH,20100819,3.2815,3.3212,3.2667,3.3113,3.2568,0.05449999999999999,1.6734,140868.57,93629.939
600614.SH,20100818,3.3113,3.3361,3.2419,3.2568,3.3162,-0.059399999999999675,-1.7912,82657.73,54630.646
600614.SH,20100817,3.2915,3.3361,3.2716,3.3162,3.2915,0.024699999999999722,0.7504,122001.85,81419.904
600614.SH,20100816,3.2419,3.3014,3.227,3.2915,3.2419,0.04960000000000031,1.53,122597.08,81069.463
600614.SH,20100813,3.1824,3.2468,3.1725,3.2419,3.1923,0.049599999999999866,1.5537,63742.0,41334.013
600614.SH,20100812,3.1874,3.2617,3.1725,3.1923,3.227,-0.03469999999999995,-1.0753,94807.23,61633.94
600614.SH,20100811,3.1675,3.2617,3.1675,3.227,3.2022,0.024799999999999933,0.7745,77845.62,50712.146
600614.SH,20100810,3.2716,3.3063,3.1675,3.2022,3.2766,-0.07440000000000024,-2.2706,97823.56,63723.67
600614.SH,20100809,3.2419,3.2915,3.2419,3.2766,3.2716,0.0050000000000003375,0.1528,110619.52,72752.193
600614.SH,20100806,3.2369,3.2964,3.1576,3.2716,3.2667,0.004899999999999682,0.15,140806.6,91667.794
600614.SH,20100805,3.3162,3.3311,3.2369,3.2667,3.3361,-0.0693999999999999,-2.0803,124568.82,82453.372
600614.SH,20100804,3.3262,3.3609,3.2617,3.3361,3.3956,-0.059499999999999886,-1.7523,146526.21,97737.656
600614.SH,20100803,3.3311,3.4402,3.2667,3.3956,3.3559,0.039699999999999847,1.183,286253.32,194090.652
600614.SH,20100802,3.2617,3.3658,3.2419,3.3559,3.2518,0.1041000000000003,3.2013,222941.74,148657.252
600614.SH,20100730,3.3014,3.3014,3.2121,3.2518,3.2815,-0.02970000000000006,-0.9051,120568.77,78874.272
600614.SH,20100729,3.3162,3.3559,3.2221,3.2815,3.232,0.049499999999999655,1.5316,185451.83,123005.592
600614.SH,20100727,3.2171,3.2617,3.1824,3.232,3.2072,0.024800000000000377,0.7733,133248.43,86779.282
600614.SH,20100726,3.2121,3.2171,3.1427,3.2072,3.2121,-0.0049000000000001265,-0.1525,108453.18,69773.261
600614.SH,20100723,3.2568,3.2617,3.1675,3.2121,3.2865,-0.07440000000000024,-2.2638,170713.73,110456.358
600614.SH,20100722,3.1378,3.2964,3.113,3.2865,3.1378,0.14870000000000028,4.739,211043.9,136871.537
600614.SH,20100721,3.1378,3.1626,3.108,3.1378,3.1725,-0.03469999999999995,-1.0938,134358.25,84884.54
600614.SH,20100720,3.0932,3.1973,3.0833,3.1725,3.0981,0.0743999999999998,2.4015,181092.63,115049.835
600614.SH,20100719,3.0386,3.108,3.0238,3.0981,3.0684,0.02970000000000006,0.9679,153733.63,94770.012
600614.SH,20100716,3.0585,3.0783,2.9742,3.0684,3.0783,-0.00990000000000002,-0.3216,55566.29,34053.122
600614.SH,20100715,3.0684,3.0981,3.0436,3.0783,3.0833,-0.004999999999999893,-0.1622,66121.0,40952.35
600614.SH,20100714,3.0535,3.1378,3.0188,3.0833,3.0585,0.024799999999999933,0.8109,85977.2,53841.18
600614.SH,20100713,3.0733,3.0733,2.999,3.0585,3.1279,-0.0693999999999999,-2.2187,50478.07,30878.643
600614.SH,20100712,3.1477,3.1923,3.0684,3.1279,3.1527,-0.024799999999999933,-0.7866,80026.01,50428.328
600614.SH,20100709,3.0733,3.1725,3.0188,3.1527,3.0733,0.07939999999999969,2.5835,83315.7,51922.525
600614.SH,20100708,3.0783,3.1031,3.0287,3.0733,3.0833,-0.009999999999999787,-0.3243,29480.15,18229.907
600614.SH,20100707,3.0932,3.0932,3.0238,3.0833,3.0882,-0.0049000000000001265,-0.1587,29745.19,18358.182
600614.SH,20100706,3.0733,3.113,3.0486,3.0882,3.113,-0.024799999999999933,-0.7967,39675.12,24642.739
600614.SH,20100705,2.9693,3.1328,2.9048,3.113,2.994,0.11899999999999977,3.9746,56155.4,34502.962
600614.SH,20100702,2.7809,3.0089,2.7164,2.994,2.8205,0.1735000000000002,6.1514,56570.2,32908.769
600614.SH,20100701,2.8007,2.8503,2.7809,2.8205,2.8255,-0.004999999999999893,-0.177,20362.01,11573.004
600614.SH,20100630,2.7313,2.8404,2.6817,2.8255,2.8106,0.014899999999999913,0.5301,31564.36,17702.991
600614.SH,20100629,3.0535,3.0634,2.7462,2.8106,3.0486,-0.238,-7.8069,44659.97,25807.344
600614.SH,20100628,3.0882,3.0882,3.0337,3.0486,3.0932,-0.04459999999999997,-1.4419,16250.21,10013.639
600614.SH,20100625,3.0783,3.1031,3.0139,3.0932,3.1031,-0.00990000000000002,-0.319,40386.0,24963.299
600614.SH,20100624,3.108,3.113,3.0733,3.1031,3.108,-0.0049000000000001265,-0.1577,27096.5,16900.373
600614.SH,20100623,3.0783,3.118,3.0535,3.108,3.113,-0.004999999999999893,-0.1606,48929.04,30502.595
600614.SH,20100622,3.113,3.1279,3.0684,3.113,3.1328,-0.01980000000000004,-0.632,70190.84,43813.837
600614.SH,20100621,3.0436,3.1477,3.0337,3.1328,3.0634,0.0693999999999999,2.2655,81720.36,51087.244
600614.SH,20100618,3.0535,3.0932,3.0039,3.0634,3.0684,-0.004999999999999893,-0.163,28824.81,17721.403
600614.SH,20100617,3.0783,3.113,3.0486,3.0684,3.0783,-0.00990000000000002,-0.3216,19794.99,12264.928
600614.SH,20100611,3.1229,3.1328,3.0733,3.0783,3.1328,-0.05449999999999999,-1.7397,23986.01,14993.332
600614.SH,20100610,3.1229,3.1427,3.0733,3.1328,3.1477,-0.014899999999999913,-0.4734,44216.28,27670.542
600614.SH,20100609,3.0585,3.1527,3.0535,3.1477,3.0833,0.06440000000000001,2.0887,37060.81,23218.914
600614.SH,20100608,3.0287,3.113,3.0287,3.0833,3.0733,0.009999999999999787,0.3254,21554.7,13350.607
600614.SH,20100607,3.0733,3.118,3.0039,3.0733,3.1378,-0.06449999999999978,-2.0556,22292.89,13806.399
600614.SH,20100604,3.113,3.1477,3.0585,3.1378,3.1427,-0.0049000000000001265,-0.1559,26746.86,16772.111
600614.SH,20100603,3.1527,3.1923,3.1229,3.1427,3.1824,-0.039699999999999847,-1.2475,30878.22,19700.078
600614.SH,20100602,3.0981,3.1973,3.0535,3.1824,3.1279,0.05449999999999999,1.7424,43810.34,27726.199
600614.SH,20100601,3.0238,3.1328,2.9841,3.1279,3.0585,0.0693999999999999,2.2691,45848.19,28438.051
600614.SH,20100531,3.0981,3.1626,3.0386,3.0585,3.118,-0.059499999999999886,-1.9083,29009.02,18064.547
600614.SH,20100528,3.1725,3.1824,3.0882,3.118,3.1576,-0.03960000000000008,-1.2541,39875.9,25192.846
600614.SH,20100527,3.1477,3.1774,3.0287,3.1576,3.1477,0.00990000000000002,0.3145,41616.29,26137.852
600614.SH,20100526,3.1328,3.1923,3.1229,3.1477,3.1527,-0.004999999999999893,-0.1586,30268.02,19269.975
600614.SH,20100525,3.1774,3.2121,3.113,3.1527,3.227,-0.07430000000000003,-2.3024,40117.0,25564.65
600614.SH,20100524,3.1229,3.2468,3.1229,3.227,3.108,0.11899999999999977,3.8288,54938.57,35476.386
600614.SH,20100521,2.9643,3.118,2.9246,3.108,3.0684,0.03960000000000008,1.2906,40564.16,24976.381
600614.SH,20100520,3.1427,3.1675,3.0039,3.0684,3.1774,-0.10899999999999999,-3.4305,35484.93,22173.575
600614.SH,20100519,3.1973,3.2022,3.0882,3.1774,3.2369,-0.059499999999999886,-1.8382,40158.39,25502.785
600614.SH,20100518,3.0287,3.2468,2.9593,3.2369,3.1328,0.10409999999999986,3.3229,72087.1,45151.784
600614.SH,20100517,3.4451,3.4451,3.1328,3.1328,3.4798,-0.347,-9.9718,72782.23,47444.604
600614.SH,20100514,3.4997,3.5096,3.4303,3.4798,3.5195,-0.039699999999999847,-1.128,37960.6,26570.279
600614.SH,20100513,3.5145,3.5294,3.4154,3.5195,3.4997,0.01980000000000004,0.5658,46985.44,33019.635
600614.SH,20100512,3.4203,3.5046,3.3807,3.4997,3.465,0.03469999999999995,1.0014,42389.17,29602.821
600614.SH,20100511,3.5492,3.5591,3.3956,3.465,3.4848,-0.01980000000000004,-0.5682,41108.59,28857.08
600614.SH,20100510,3.4402,3.4997,3.3609,3.4848,3.4501,0.03469999999999995,1.0058,44230.03,30736.846
600614.SH,20100507,3.4154,3.4699,3.3559,3.4501,3.4352,0.014899999999999913,0.4337,35811.78,24652.895
600614.SH,20100506,3.4947,3.5542,3.3708,3.4352,3.5244,-0.08919999999999995,-2.5309,48547.83,33834.235
600614.SH,20100505,3.4451,3.5393,3.3559,3.5244,3.4699,0.05449999999999999,1.5707,52979.42,36952.095
600614.SH,20100504,3.4203,3.5195,3.3906,3.4699,3.5096,-0.039699999999999847,-1.1312,37446.61,26157.577
600614.SH,20100430,3.4303,3.5195,3.3559,3.5096,3.455,0.05459999999999976,1.5803,57883.39,40287.148
600614.SH,20100429,3.574,3.6037,3.4451,3.455,3.5641,-0.10909999999999975,-3.0611,49072.63,35063.442
600614.SH,20100428,3.5343,3.5839,3.4749,3.5641,3.569,-0.0049000000000001265,-0.1373,42556.86,30355.563
600614.SH,20100427,3.7525,3.7525,3.4253,3.569,3.7772,-0.20820000000000016,-5.512,79521.36,57689.0
600614.SH,20100426,3.7078,3.7921,3.6384,3.7772,3.7376,0.03960000000000008,1.0595,91378.47,68559.311
600614.SH,20100423,3.9954,3.9954,3.7178,3.7376,4.0301,-0.2925,-7.2579,205606.75,159660.191
600614.SH,20100422,4.1292,4.149,4.0152,4.0301,4.1688,-0.13870000000000005,-3.3271,149064.15,122590.743
600614.SH,20100421,4.04,4.1887,4.0053,4.1688,4.1094,0.05940000000000012,1.4455,220766.38,182714.405
600614.SH,20100420,4.0152,4.2085,3.9656,4.1094,4.0449,0.06449999999999978,1.5946,292378.51,240138.815
600614.SH,20100419,4.0102,4.1391,3.926,4.0449,4.0945,-0.049599999999999866,-1.2114,180176.54,146444.411
600614.SH,20100416,4.1242,4.1341,4.0301,4.0945,4.1788,-0.08429999999999982,-2.0173,120430.52,99036.896
600614.SH,20100415,4.154,4.3523,4.1143,4.1788,4.2035,-0.024700000000000166,-0.5876,279981.25,238892.436
600614.SH,20100414,4.0846,4.2135,4.0201,4.2035,4.1341,0.0693999999999999,1.6787,163248.93,134887.693
600614.SH,20100412,4.2085,4.2977,4.1143,4.1341,4.2234,-0.08929999999999971,-2.1144,309451.27,260184.5
600614.SH,20100409,4.0994,4.2531,4.0499,4.2234,4.149,0.0743999999999998,1.7932,447459.88,374730.167
600614.SH,20100408,3.9408,4.2085,3.9012,4.149,3.9607,0.1882999999999999,4.7542,239897.76,194148.32
600614.SH,20100407,3.9408,3.9706,3.9061,3.9607,3.9607,0.0,0.0,63006.27,50059.022
600614.SH,20100406,3.9904,4.0053,3.916,3.9607,3.9904,-0.02970000000000006,-0.7443,83532.57,66522.209
600614.SH,20100402,4.0053,4.0301,3.9656,3.9904,4.0102,-0.01980000000000004,-0.4937,86361.14,69618.978
600614.SH,20100401,3.9656,4.0548,3.9557,4.0102,3.9557,0.05449999999999999,1.3778,129847.0,105042.105
600614.SH,20100331,3.9061,3.9656,3.8962,3.9557,3.8962,0.05950000000000033,1.5271,97620.58,77599.342
600614.SH,20100330,3.9359,3.9359,3.8913,3.8962,3.8962,0.0,0.0,58184.49,45931.824
600614.SH,20100329,3.8764,3.916,3.8566,3.8962,3.8863,0.00990000000000002,0.2547,59736.17,46909.103
600614.SH,20100326,3.8119,3.9111,3.8119,3.8863,3.8318,0.05449999999999999,1.4223,53849.06,42073.649
600614.SH,20100325,3.916,3.916,3.8318,3.8318,3.926,-0.09420000000000028,-2.3994,48217.58,37524.75
600614.SH,20100324,3.9012,3.9507,3.8665,3.926,3.921,0.0050000000000003375,0.1275,61559.05,48514.717
600614.SH,20100323,3.9557,3.9706,3.8566,3.921,3.9805,-0.05950000000000033,-1.4948,82051.89,64583.91
600614.SH,20100322,3.9954,4.0003,3.921,3.9805,4.0201,-0.03960000000000008,-0.9851,88494.35,70774.002
600614.SH,20100319,3.9854,4.035,3.9607,4.0201,4.0053,0.014800000000000146,0.3695,99798.93,80437.354
600614.SH,20100318,3.9656,4.0548,3.9309,4.0053,3.9607,0.04459999999999997,1.1261,115960.46,93412.747
600614.SH,20100317,3.9111,3.9607,3.8962,3.9607,3.9111,0.04960000000000031,1.2682,76017.26,60379.672
600614.SH,20100316,3.8318,3.916,3.807,3.9111,3.8566,0.05449999999999999,1.4132,53713.14,41846.288
600614.SH,20100315,3.8169,3.8714,3.7921,3.8566,3.8219,0.03469999999999995,0.9079,72006.94,55645.988
600614.SH,20100312,4.0102,4.0251,3.8169,3.8219,3.9656,-0.14369999999999994,-3.6237,93553.64,73830.94
600614.SH,20100311,3.9805,4.0648,3.8962,3.9656,4.0152,-0.04960000000000031,-1.2353,103320.74,82991.186
600614.SH,20100310,4.0598,4.1143,3.926,4.0152,4.0697,-0.05449999999999999,-1.3392,160191.09,129640.91
600614.SH,20100309,3.9755,4.0846,3.926,4.0697,3.9805,0.08919999999999995,2.2409,245595.56,199303.404
600614.SH,20100308,3.8566,4.04,3.8466,3.9805,3.8665,0.11400000000000032,2.9484,215930.54,172796.631
600614.SH,20100305,3.8219,3.9656,3.7574,3.8665,3.8169,0.049599999999999866,1.2995,122850.3,96177.815
600614.SH,20100304,3.926,3.9904,3.7921,3.8169,3.9359,-0.11900000000000022,-3.0235,102407.88,80908.177
600614.SH,20100303,3.8813,3.9458,3.8417,3.9359,3.8813,0.054600000000000204,1.4067,96181.09,75748.077
600614.SH,20100302,3.8962,3.9061,3.8417,3.8813,3.9012,-0.019899999999999807,-0.5101,59879.89,46790.318
600614.SH,20100301,3.8268,3.9061,3.8219,3.9012,3.8417,0.059499999999999886,1.5488,92070.82,71871.088
600614.SH,20100226,3.8764,3.8863,3.8169,3.8417,3.8813,-0.03960000000000008,-1.0203,69461.22,53895.72
600614.SH,20100225,3.7822,3.8913,3.7723,3.8813,3.7673,0.11399999999999988,3.026,109726.0,84742.05
600614.SH,20100224,3.7078,3.7673,3.6682,3.7673,3.7078,0.059499999999999886,1.6047,57154.3,43020.813
600614.SH,20100223,3.7227,3.7425,3.6285,3.7078,3.7326,-0.024799999999999933,-0.6644,35219.34,26109.902
600614.SH,20100222,3.7277,3.7723,3.7078,3.7326,3.7723,-0.039699999999999847,-1.0524,28952.11,21846.576
600614.SH,20100212,3.7673,3.7921,3.7227,3.7723,3.7475,0.024799999999999933,0.6618,27692.22,20982.29
600614.SH,20100211,3.7624,3.802,3.7029,3.7475,3.7624,-0.014899999999999913,-0.396,27612.77,20960.217
600614.SH,20100210,3.7574,3.7971,3.7277,3.7624,3.7029,0.059499999999999886,1.6068,43927.48,33357.81
600614.SH,20100209,3.6781,3.7574,3.6632,3.7029,3.7078,-0.0049000000000001265,-0.1322,27323.39,20482.035
600614.SH,20100208,3.6186,3.7525,3.6137,3.7078,3.6484,0.05940000000000012,1.6281,32568.5,24343.827
600614.SH,20100205,3.6583,3.7128,3.5889,3.6484,3.7277,-0.07929999999999993,-2.1273,30281.35,22213.95
600614.SH,20100204,3.6781,3.7624,3.6285,3.7277,3.6979,0.029799999999999827,0.8059,48874.16,36754.063
600614.SH,20100203,3.6335,3.6979,3.5343,3.6979,3.6285,0.06940000000000035,1.9126,32006.23,23513.813
600614.SH,20100202,3.6285,3.7128,3.6186,3.6285,3.6484,-0.01990000000000025,-0.5454,24753.0,18297.899
600614.SH,20100201,3.688,3.7128,3.5542,3.6484,3.7227,-0.07430000000000003,-1.9959,36118.16,26328.961
600614.SH,20100129,3.5938,3.7921,3.5889,3.7227,3.6335,0.08919999999999995,2.4549,67457.47,50745.594
600614.SH,20100128,3.5938,3.6335,3.5641,3.6335,3.579,0.05449999999999999,1.5228,25785.65,18768.822
600614.SH,20100127,3.5889,3.6484,3.5244,3.579,3.579,0.0,0.0,44190.49,32113.376
600614.SH,20100126,3.8268,3.8466,3.5443,3.579,3.7971,-0.21809999999999974,-5.7439,65991.48,48621.638
600614.SH,20100125,3.926,3.9458,3.7921,3.7971,3.9706,-0.1735000000000002,-4.3696,70024.87,54587.859
600614.SH,20100122,3.9656,4.0895,3.8962,3.9706,4.0499,-0.07929999999999993,-1.9581,181581.25,146080.243
600614.SH,20100121,3.7872,4.1391,3.7525,4.0499,3.7822,0.26770000000000005,7.0779,226734.41,182501.118
600614.SH,20100120,3.9408,3.9408,3.7673,3.7822,3.9458,-0.1636000000000002,-4.1462,67914.75,52842.075
600614.SH,20100119,3.9309,3.9706,3.8665,3.9458,3.921,0.024800000000000377,0.6325,81611.96,64511.082
600614.SH,20100118,3.8566,3.9359,3.8367,3.921,3.8913,0.029699999999999616,0.7632,69832.44,55038.227
600614.SH,20100115,3.8665,3.9854,3.8615,3.8913,3.8169,0.07440000000000024,1.9492,160573.85,126770.707
600614.SH,20100114,3.7326,3.8219,3.7128,3.8169,3.7128,0.10409999999999986,2.8038,64952.97,49356.77
600614.SH,20100113,3.7326,3.7822,3.7029,3.7128,3.8169,-0.10409999999999986,-2.7273,61468.99,46404.466
600614.SH,20100112,3.7574,3.8219,3.7227,3.8169,3.7872,0.02970000000000006,0.7842,64773.44,49449.121
600614.SH,20100111,3.8119,3.8268,3.7029,3.7872,3.7772,0.009999999999999787,0.2647,52149.47,39503.19
600614.SH,20100108,3.7128,3.7872,3.688,3.7772,3.7128,0.06440000000000001,1.7345,32102.0,24232.855
600614.SH,20100107,3.7822,3.7971,3.7078,3.7128,3.7723,-0.059499999999999886,-1.5773,48635.71,36716.485
600614.SH,20100106,3.807,3.8417,3.7574,3.7723,3.807,-0.03469999999999995,-0.9115,63394.86,48546.37
600614.SH,20100105,3.8714,3.8714,3.7326,3.807,3.8813,-0.07430000000000003,-1.9143,67338.13,51536.821
600614.SH,20100104,3.9012,3.9408,3.8714,3.8813,3.8962,-0.014899999999999913,-0.3824,49608.46,39137.453
600614.SH,20091231,3.9012,3.9061,3.8417,3.8962,3.8813,0.014899999999999913,0.3839,44099.14,34553.231
600614.SH,20091230,3.8665,3.8863,3.8219,3.8813,3.8863,-0.004999999999999893,-0.1287,43605.87,33951.866
600614.SH,20091229,3.8466,3.8913,3.8169,3.8863,3.8714,0.014899999999999913,0.3849,54123.69,41934.735
600614.SH,20091228,3.8169,3.8913,3.7673,3.8714,3.8566,0.014800000000000146,0.3838,76206.28,59169.686
600614.SH,20091225,3.7921,3.8764,3.7822,3.8566,3.693,0.16359999999999975,4.43,93304.85,72079.691
600614.SH,20091223,3.6583,3.7326,3.6285,3.693,3.7029,-0.00990000000000002,-0.2674,26604.86,19758.009
600614.SH,20091222,3.8615,3.8665,3.6186,3.7029,3.8417,-0.1387999999999998,-3.613,42088.55,31458.983
600614.SH,20091221,3.7425,3.8665,3.7326,3.8417,3.8119,0.029799999999999827,0.7818,37269.54,28624.834
600614.SH,20091218,3.8417,3.8962,3.6632,3.8119,3.921,-0.10909999999999975,-2.7825,69823.7,52806.633
600614.SH,20091217,4.035,4.0945,3.916,3.921,4.0449,-0.12390000000000034,-3.0631,55780.78,45001.515
600614.SH,20091216,4.0895,4.0994,4.04,4.0449,4.1044,-0.059499999999999886,-1.4497,55486.97,45442.399
600614.SH,20091215,4.1639,4.1639,4.0648,4.1044,4.1986,-0.09419999999999984,-2.2436,67719.91,56044.343
600614.SH,20091214,4.1837,4.1986,4.0449,4.1986,4.1837,0.014899999999999913,0.3561,66214.81,54899.648
600614.SH,20091211,4.2382,4.2581,4.1441,4.1837,4.2135,-0.029799999999999827,-0.7073,49260.89,41642.8
600614.SH,20091210,4.2382,4.2928,4.1639,4.2135,4.2184,-0.0049000000000001265,-0.1162,49598.69,42152.8
600614.SH,20091209,4.3572,4.3572,4.1639,4.2184,4.387,-0.16859999999999964,-3.8432,84650.02,72964.047
600614.SH,20091208,4.2977,4.4117,4.2878,4.387,4.3423,0.04469999999999974,1.0294,156773.6,137997.858
600614.SH,20091207,4.1788,4.3473,4.1143,4.3423,4.1837,0.15859999999999985,3.7909,93481.3,79981.449
600614.SH,20091204,4.2878,4.4018,4.0994,4.1837,4.3126,-0.1288999999999998,-2.9889,134349.52,115668.011
600614.SH,20091203,4.3225,4.3374,4.2382,4.3126,4.3374,-0.024799999999999933,-0.5718,98084.13,84859.783
600614.SH,20091202,4.2729,4.4018,4.2234,4.3374,4.263,0.0743999999999998,1.7452,143743.81,124929.297
600614.SH,20091201,4.154,4.268,4.1094,4.263,4.1441,0.1189,2.8691,90866.68,76796.195
600614.SH,20091130,4.0449,4.154,4.04,4.1441,4.0102,0.13389999999999969,3.339,79091.55,65448.227
600614.SH,20091127,4.1143,4.1788,3.9854,4.0102,4.1837,-0.17349999999999977,-4.147,125841.19,102951.855
600614.SH,20091126,4.4117,4.5158,4.1589,4.1837,4.4117,-0.22799999999999976,-5.1681,260916.9,229470.058
600614.SH,20091125,4.1143,4.4514,4.1143,4.4117,4.1837,0.22799999999999976,5.4497,185987.95,161183.56
600614.SH,20091124,4.4712,4.5456,4.1688,4.1837,4.4663,-0.2826000000000004,-6.3274,284104.62,251649.005
600614.SH,20091123,4.2928,4.61,4.2928,4.4663,4.2531,0.2132000000000005,5.0128,361636.49,326249.226
600614.SH,20091120,4.2035,4.3076,4.1688,4.2531,4.2135,0.03960000000000008,0.9398,146566.62,125870.868
600614.SH,20091119,4.1391,4.2382,4.1143,4.2135,4.1391,0.0743999999999998,1.7975,153880.56,129548.52
600614.SH,20091118,4.1738,4.1936,4.0548,4.1391,4.1837,-0.04459999999999997,-1.066,132438.78,110172.439
600614.SH,20091117,4.1688,4.2283,4.1391,4.1837,4.1639,0.01980000000000004,0.4755,164192.0,138319.826
600614.SH,20091116,4.0945,4.2333,4.0697,4.1639,4.0895,0.0743999999999998,1.8193,195581.14,163730.653
600614.SH,20091113,4.0301,4.1391,3.9706,4.0895,4.0449,0.04459999999999997,1.1026,173077.1,141764.484
600614.SH,20091112,3.9656,4.0895,3.9309,4.0449,3.9359,0.10899999999999999,2.7694,207802.49,168255.173
600614.SH,20091111,3.926,3.9656,3.8566,3.9359,3.9408,-0.004899999999999682,-0.1243,79611.95,62693.628
600614.SH,20091110,4.0053,4.0152,3.921,3.9408,3.9706,-0.02980000000000027,-0.7505,96305.49,76944.144
600614.SH,20091109,3.9607,4.0152,3.9012,3.9706,3.9607,0.00990000000000002,0.25,119217.91,95113.648
600614.SH,20091106,3.9656,3.9854,3.8913,3.9607,3.926,0.03469999999999995,0.8839,136616.66,108609.033
600614.SH,20091105,3.8764,3.9854,3.8566,3.926,3.8615,0.06450000000000022,1.6703,138639.87,109667.751
600614.SH,20091104,3.8913,3.9012,3.8169,3.8615,3.8665,-0.004999999999999893,-0.1293,102193.78,79425.903
600614.SH,20091103,3.7624,3.8913,3.7277,3.8665,3.7525,0.11399999999999988,3.038,119611.99,92443.302
600614.SH,20091102,3.5393,3.7574,3.4501,3.7525,3.6087,0.14380000000000015,3.9848,100319.34,73238.451
600614.SH,20091030,3.6037,3.6731,3.5839,3.6087,3.569,0.039699999999999847,1.1124,57367.81,41995.266
600614.SH,20091029,3.6682,3.693,3.5542,3.569,3.7673,-0.19830000000000014,-5.2637,81732.99,59581.443
600614.SH,20091028,3.8318,3.8516,3.6484,3.7673,3.8318,-0.06449999999999978,-1.6833,106920.41,80552.724
600614.SH,20091027,3.8962,3.9309,3.8169,3.8318,3.926,-0.09420000000000028,-2.3994,126086.09,98641.218
600614.SH,20091026,3.8566,3.9309,3.8268,3.926,3.8566,0.06940000000000035,1.7995,154126.38,120655.908
600614.SH,20091023,3.8318,3.9359,3.8268,3.8566,3.8466,0.009999999999999787,0.26,127567.89,99848.488
600614.SH,20091022,3.8913,3.9111,3.7822,3.8466,3.8962,-0.049599999999999866,-1.273,99717.42,77408.335
600614.SH,20091021,3.8615,4.0102,3.807,3.8962,3.8566,0.03960000000000008,1.0268,176014.47,139687.692
600614.SH,20091020,3.8913,3.9061,3.7921,3.8566,3.8516,0.004999999999999893,0.1298,133785.9,103332.618
600614.SH,20091019,3.7971,3.8863,3.7673,3.8516,3.7673,0.08429999999999982,2.2377,187858.93,145453.173
600614.SH,20091015,3.6384,3.7772,3.5988,3.7673,3.6484,0.1189,3.259,153671.58,113859.568
600614.SH,20091014,3.5393,3.7128,3.4749,3.6484,3.5343,0.11410000000000009,3.2284,150921.56,110248.023
600614.SH,20091013,3.4451,3.5393,3.4104,3.5343,3.4451,0.08919999999999995,2.5892,82440.76,57787.085
600614.SH,20091012,3.4798,3.5046,3.3708,3.4451,3.4699,-0.024799999999999933,-0.7147,78852.76,54929.831
600614.SH,20091009,3.3757,3.4897,3.3509,3.4699,3.3361,0.13379999999999992,4.0107,92924.6,64447.928
600614.SH,20090930,3.3708,3.4203,3.2964,3.3361,3.3113,0.024799999999999933,0.749,77331.97,52138.195
600614.SH,20090929,3.5096,3.569,3.2865,3.3113,3.5938,-0.28249999999999975,-7.8608,130641.7,88753.582
600614.SH,20090928,3.8566,3.9061,3.5938,3.5938,3.9904,-0.3966000000000003,-9.9389,181933.27,136286.954
600614.SH,20090925,3.8169,4.1887,3.8169,3.9904,4.2382,-0.2477999999999998,-5.8468,362369.49,285632.107
600614.SH,20090917,3.8813,4.2382,3.8813,4.2382,3.8516,0.38660000000000005,10.0374,304895.71,259637.174
600614.SH,20090916,3.807,3.8615,3.7525,3.8516,3.8169,0.03469999999999995,0.9091,128649.45,99168.209
600614.SH,20090915,3.7425,3.8566,3.6682,3.8169,3.7425,0.0743999999999998,1.988,140467.82,106990.989
600614.SH,20090914,3.7078,3.7624,3.6682,3.7425,3.7029,0.03960000000000008,1.0694,158189.53,119037.849
600614.SH,20090911,3.6236,3.7178,3.6087,3.7029,3.6632,0.03970000000000029,1.0838,95516.09,70975.346
600614.SH,20090910,3.6731,3.7574,3.6186,3.6632,3.7078,-0.04460000000000042,-1.2029,79937.67,59533.101
600614.SH,20090909,3.6533,3.7376,3.5839,3.7078,3.6583,0.0495000000000001,1.3531,92781.58,68601.708
600614.SH,20090908,3.5839,3.6831,3.5195,3.6583,3.6384,0.01990000000000025,0.5469,83204.11,60682.47
600614.SH,20090907,3.5492,3.6979,3.5443,3.6384,3.569,0.0693999999999999,1.9445,109434.45,80152.734
600614.SH,20090904,3.5294,3.5938,3.4749,3.569,3.5443,0.024700000000000166,0.6969,90990.96,65138.131
600614.SH,20090903,3.4104,3.6186,3.3609,3.5443,3.3708,0.17349999999999977,5.1471,128588.84,89804.469
600614.SH,20090901,3.2815,3.3956,3.232,3.3708,3.3212,0.049599999999999866,1.4934,68704.09,46135.871
600614.SH,20090831,3.5443,3.5443,3.2716,3.3212,3.5839,-0.2626999999999997,-7.33,102877.98,70368.37
600614.SH,20090828,3.6434,3.7178,3.5096,3.5839,3.8169,-0.2330000000000001,-6.1044,164841.64,120641.511
600614.SH,20090827,3.7673,3.8169,3.6335,3.8169,3.4699,0.347,10.0003,374637.19,285448.424
600614.SH,20090826,3.1973,3.4699,3.1973,3.4699,3.1527,0.31720000000000015,10.0612,61444.0,42671.384
600614.SH,20090825,3.341,3.341,3.0535,3.1527,3.341,-0.18830000000000036,-5.636,89777.36,57123.998
600614.SH,20090824,3.341,3.3509,3.2369,3.341,3.3262,0.014800000000000146,0.445,67010.68,44586.833
600614.SH,20090821,3.2964,3.3807,3.2468,3.3262,3.3014,0.024799999999999933,0.7512,59456.71,39849.957
600614.SH,20090820,3.1229,3.3262,3.0287,3.3014,3.1427,0.15870000000000006,5.0498,51072.98,32944.233
600614.SH,20090819,3.3757,3.3956,3.118,3.1427,3.4154,-0.27269999999999994,-7.9844,54747.56,35878.276
600614.SH,20090818,3.4699,3.4848,3.2617,3.4154,3.5046,-0.08919999999999995,-2.5452,88639.93,59818.303
600614.SH,20090817,3.574,3.7376,3.5046,3.5046,3.8962,-0.39159999999999995,-10.0508,42872.05,31004.363
600614.SH,20090814,4.1391,4.1986,3.8764,3.8962,4.1242,-0.2280000000000002,-5.5283,30778.98,25086.358
600614.SH,20090813,3.9805,4.154,3.8516,4.1242,3.9706,0.15359999999999996,3.8684,37983.4,30890.837
600614.SH,20090812,4.2333,4.2432,3.9706,3.9706,4.2234,-0.2527999999999997,-5.9857,33003.5,27112.515
600614.SH,20090811,4.1936,4.2382,4.1391,4.2234,4.2085,0.014899999999999913,0.354,27615.62,23412.446
600614.SH,20090810,4.2829,4.3622,4.0994,4.2085,4.2829,-0.0743999999999998,-1.7371,42486.51,36403.752
600614.SH,20090807,4.5605,4.5605,4.268,4.2829,4.5654,-0.28250000000000064,-6.1878,64145.42,57253.898
600614.SH,20090806,4.4167,4.6447,4.4068,4.5654,4.4018,0.16360000000000063,3.7167,123546.67,112829.053
600614.SH,20090805,4.4266,4.4811,4.2977,4.4018,4.4266,-0.024799999999999933,-0.5602,50821.92,45054.293
600614.SH,20090804,4.3225,4.4316,4.3027,4.4266,4.3076,0.11899999999999977,2.7626,58656.3,51890.06
600614.SH,20090803,4.268,4.3225,4.2184,4.3076,4.2729,0.03469999999999995,0.8121,58294.45,50154.691
600614.SH,20090731,4.1391,4.2977,4.1391,4.2729,4.1242,0.14869999999999983,3.6055,50384.66,43048.0
600614.SH,20090730,4.1986,4.3622,3.9954,4.1242,4.2035,-0.07929999999999993,-1.8865,65539.65,54596.777
600614.SH,20090729,4.5902,4.6249,4.1688,4.2035,4.6298,-0.42630000000000035,-9.2077,75237.98,67174.024
600614.SH,20090728,4.61,4.6596,4.5158,4.6298,4.6249,0.0049000000000001265,0.1059,83966.38,77401.696
600614.SH,20090727,4.6447,4.6794,4.5654,4.6249,4.6447,-0.01980000000000004,-0.4263,66288.84,61501.541
600614.SH,20090724,4.7934,4.8876,4.5654,4.6447,4.7538,-0.10909999999999975,-2.295,97509.34,93301.619
600614.SH,20090723,4.7389,4.8281,4.6695,4.7538,4.7339,0.019899999999999807,0.4204,89777.31,86314.229
600614.SH,20090722,4.7042,4.838,4.6844,4.7339,4.6497,0.08420000000000005,1.8109,116439.84,111684.918
600614.SH,20090721,4.6745,4.7736,4.5605,4.6497,4.6844,-0.03469999999999995,-0.7408,103376.16,97243.091
600614.SH,20090720,4.7191,4.7191,4.61,4.6844,4.729,-0.04459999999999997,-0.9431,95515.35,89783.848
600614.SH,20090717,4.6497,4.8033,4.5852,4.729,4.615,0.11399999999999988,2.4702,141126.29,133913.659
600614.SH,20090716,4.5307,4.6596,4.4117,4.615,4.5307,0.08429999999999982,1.8606,125969.33,115375.302
600614.SH,20090715,4.5753,4.6645,4.5258,4.5307,4.5753,-0.04459999999999997,-0.9748,135038.72,125099.381
600614.SH,20090714,4.4514,4.5852,4.4018,4.5753,4.4266,0.14870000000000072,3.3592,139545.37,126745.044
600614.SH,20090713,4.3176,4.4316,4.2977,4.4266,4.3523,0.07430000000000003,1.7071,81742.6,72241.272
600614.SH,20090710,4.387,4.4266,4.2977,4.3523,4.382,-0.02970000000000006,-0.6778,70895.28,62434.416
600614.SH,20090709,4.4018,4.4464,4.3176,4.382,4.387,-0.004999999999999893,-0.114,59459.37,52455.588
600614.SH,20090708,4.263,4.3969,4.2382,4.387,4.2928,0.09419999999999984,2.1944,54566.44,47702.0
600614.SH,20090707,4.377,4.4316,4.2729,4.2928,4.387,-0.09419999999999984,-2.1473,73683.48,64398.125
600614.SH,20090706,4.4613,4.5852,4.3622,4.387,4.4911,-0.10410000000000075,-2.3179,120277.09,108099.628
600614.SH,20090703,4.2482,4.6348,4.1936,4.4911,4.2482,0.24290000000000056,5.7177,179079.47,160155.948
600614.SH,20090702,4.1738,4.263,4.1292,4.2482,4.1887,0.059499999999999886,1.4205,72551.17,61347.194
600614.SH,20090701,4.1143,4.3126,4.0697,4.1887,4.0945,0.09419999999999984,2.3006,78727.55,67000.078
600614.SH,20090630,4.2234,4.2432,4.0598,4.0945,4.2234,-0.1288999999999998,-3.052,56709.11,47259.824
600614.SH,20090629,4.1143,4.263,4.0648,4.2234,4.1143,0.10909999999999975,2.6517,74077.74,62678.657
600614.SH,20090626,4.0697,4.149,4.0648,4.1143,4.0697,0.04459999999999997,1.0959,46067.4,38140.2
600614.SH,20090625,4.1788,4.1837,4.0548,4.0697,4.1788,-0.10909999999999975,-2.6108,66143.44,54819.06
600614.SH,20090624,4.1639,4.2382,4.1143,4.1788,4.1936,-0.014800000000000146,-0.3529,58123.24,48866.473
600614.SH,20090623,4.2135,4.2878,4.149,4.1936,4.2729,-0.07929999999999993,-1.8559,60667.19,51533.898
600614.SH,20090622,4.3423,4.4068,4.1589,4.2729,4.3473,-0.0743999999999998,-1.7114,113264.6,97508.782
600614.SH,20090619,4.3126,4.6497,4.2779,4.3473,4.3572,-0.00990000000000002,-0.2272,262346.1,236491.573
600614.SH,20090618,4.1391,4.4018,4.0648,4.3572,4.1837,0.17349999999999977,4.147,248705.74,213652.25
600614.SH,20090617,4.2779,4.3374,4.0152,4.1837,4.2382,-0.05449999999999999,-1.2859,243687.35,204623.837
600614.SH,20090616,3.8665,4.2382,3.8119,4.2382,3.8516,0.38660000000000005,10.0374,274843.93,226459.832
600614.SH,20090615,3.8367,3.8566,3.7227,3.8516,3.7921,0.059499999999999886,1.5691,62952.09,48368.877
600614.SH,20090612,3.7277,3.8318,3.7178,3.7921,3.7822,0.00990000000000002,0.2618,50542.34,38461.639
600614.SH,20090610,3.7227,3.8318,3.7227,3.7822,3.7425,0.039699999999999847,1.0608,31549.36,24094.258
600614.SH,20090609,3.7673,3.7971,3.6781,3.7425,3.7624,-0.019899999999999807,-0.5289,34530.41,25879.565
600614.SH,20090608,3.8169,3.8417,3.693,3.7624,3.8219,-0.059499999999999886,-1.5568,34164.27,25959.665
600614.SH,20090605,3.8665,3.8913,3.807,3.8219,3.8665,-0.04459999999999997,-1.1535,45626.78,35214.388
600614.SH,20090604,3.9061,3.9656,3.8169,3.8665,3.9607,-0.09420000000000028,-2.3784,59349.61,46312.753
600614.SH,20090603,3.8863,4.0053,3.8516,3.9607,3.8813,0.07940000000000014,2.0457,99643.35,79601.709
600614.SH,20090602,3.9408,3.9408,3.8268,3.8813,3.8665,0.014800000000000146,0.3828,58887.22,45970.364
600614.SH,20090601,3.8764,3.8913,3.8219,3.8665,3.8417,0.024799999999999933,0.6455,56861.51,44293.159
600614.SH,20090527,3.9359,3.9607,3.8169,3.8417,3.921,-0.07929999999999993,-2.0224,57435.95,44587.097
600614.SH,20090526,3.916,4.0499,3.9012,3.921,3.8813,0.039699999999999847,1.0229,151942.35,122002.617
600614.SH,20090525,3.7178,3.9111,3.693,3.8813,3.807,0.07430000000000003,1.9517,118419.08,91958.318
600614.SH,20090522,3.6285,3.8268,3.6186,3.807,3.6285,0.1785000000000001,4.9194,59009.02,44491.371
600614.SH,20090521,3.7425,3.7673,3.5988,3.6285,3.7723,-0.14380000000000015,-3.812,58330.73,43240.283
600614.SH,20090520,3.8615,3.9111,3.7673,3.7723,3.8913,-0.11900000000000022,-3.0581,70225.98,54232.057
600614.SH,20090519,3.8913,3.916,3.7723,3.8913,3.8813,0.010000000000000231,0.2576,89837.36,70132.342
600614.SH,20090518,3.8417,3.9309,3.7425,3.8813,3.8665,0.014800000000000146,0.3828,126129.66,98211.992
600614.SH,20090515,3.6731,3.916,3.6484,3.8665,3.6632,0.20330000000000004,5.5498,122811.64,94288.547
600614.SH,20090514,3.6682,3.7128,3.6087,3.6632,3.7128,-0.04960000000000031,-1.3359,43150.02,31781.925
600614.SH,20090513,3.6831,3.7475,3.5889,3.7128,3.6781,0.03469999999999995,0.9434,62187.22,45903.708
600614.SH,20090512,3.5294,3.6831,3.4947,3.6781,3.6186,0.05950000000000033,1.6443,53199.15,38513.833
600614.SH,20090511,3.8268,3.8913,3.5938,3.6186,3.8169,-0.19830000000000014,-5.1953,83265.76,63711.553
600614.SH,20090508,3.7872,3.8863,3.7326,3.8169,3.7872,0.02970000000000006,0.7842,92149.15,70963.458
600614.SH,20090507,3.921,3.9458,3.7178,3.7872,3.8714,-0.08420000000000005,-2.1749,92710.45,71068.483
600614.SH,20090506,3.7921,3.9408,3.7425,3.8714,3.7921,0.07929999999999993,2.0912,104102.74,81502.732
600614.SH,20090505,3.8318,3.8516,3.7178,3.7921,3.8268,-0.03469999999999995,-0.9068,96815.32,73822.078
600614.SH,20090504,3.7425,3.8566,3.693,3.8268,3.7822,0.04459999999999997,1.1792,106065.42,81458.734
600614.SH,20090430,3.4798,3.8665,3.4798,3.7822,3.5145,0.26770000000000005,7.617,142958.54,106688.686
600614.SH,20090429,3.4203,3.569,3.3311,3.5145,3.4005,0.11399999999999988,3.3524,87720.03,61189.375
600614.SH,20090428,3.4005,3.5443,3.2766,3.4005,3.4897,-0.08919999999999995,-2.5561,103900.8,71145.302
600614.SH,20090427,3.9111,3.916,3.4897,3.4897,3.8764,-0.3866999999999998,-9.9758,132388.97,95067.231
600614.SH,20090424,3.8615,4.0648,3.8615,3.8764,3.9706,-0.09420000000000028,-2.3724,95679.7,76597.538
600614.SH,20090423,3.6186,4.04,3.5195,3.9706,3.802,0.16860000000000008,4.4345,161202.02,124750.92
600614.SH,20090422,4.2482,4.3919,3.7921,3.802,4.1936,-0.39159999999999995,-9.338,272827.95,223140.476
600614.SH,20090421,3.8665,4.1936,3.8169,4.1936,3.8119,0.38169999999999993,10.0134,115167.19,96369.18
600614.SH,20090420,3.8878,3.9286,3.7099,3.8119,3.8994,-0.08749999999999991,-2.2439,116902.44,152734.431
600614.SH,20090417,4.3661,4.3982,3.7332,3.8994,3.9986,-0.09920000000000018,-2.4809,177481.0,240841.122
600614.SH,20090416,3.9986,3.9986,3.9986,3.9986,3.634,0.36460000000000026,10.033,14963.53,20515.0
600614.SH,20090415,3.4444,3.634,3.4444,3.634,3.3045,0.3294999999999999,9.9713,75995.27,93309.342
600614.SH,20090414,3.004,3.3045,2.9516,3.3045,3.004,0.3005,10.0033,93993.63,102007.981
600614.SH,20090413,2.9807,3.0186,2.9166,3.004,2.9691,0.03489999999999993,1.1754,61763.79,62611.117
600614.SH,20090410,2.8174,3.004,2.8174,2.9691,2.8086,0.16049999999999986,5.7146,79927.61,80358.429
600614.SH,20090409,2.7591,2.8086,2.7124,2.8086,2.8232,-0.014599999999999724,-0.5171,30823.96,29192.676
600614.SH,20090407,2.797,2.8728,2.7911,2.8232,2.7766,0.04659999999999975,1.6783,30442.25,29526.305
600614.SH,20090403,2.8553,2.8816,2.7445,2.7766,2.8436,-0.06699999999999973,-2.3562,44420.32,42633.456
600614.SH,20090402,2.8203,2.937,2.7941,2.8436,2.8116,0.03200000000000003,1.1381,67912.13,66740.23
600614.SH,20090401,2.8232,2.8436,2.7795,2.8116,2.7882,0.023400000000000087,0.8393,40833.56,39331.939
600614.SH,20090331,2.7911,2.8291,2.7211,2.7882,2.8699,-0.0817000000000001,-2.8468,51404.56,48964.846
600614.SH,20090330,2.7999,2.9428,2.7999,2.8699,2.7795,0.09039999999999981,3.2524,76975.23,75917.707
600614.SH,20090327,2.7328,2.7824,2.6861,2.7795,2.727,0.05250000000000021,1.9252,55175.42,51748.592
600614.SH,20090326,2.6803,2.762,2.6541,2.727,2.6482,0.07879999999999976,2.9756,44292.69,41260.715
600614.SH,20090325,2.7591,2.7591,2.6424,2.6482,2.7707,-0.12250000000000005,-4.4213,53046.02,49333.678
600614.SH,20090324,2.727,2.8232,2.7007,2.7707,2.7416,0.029100000000000126,1.0614,66613.68,63127.213
600614.SH,20090323,2.7066,2.7941,2.6716,2.7416,2.7036,0.038000000000000256,1.4055,60788.73,57120.567
600614.SH,20090320,2.6978,2.7386,2.6424,2.7036,2.7182,-0.014600000000000168,-0.5371,92682.22,85117.474
600614.SH,20090319,2.7474,2.8203,2.7007,2.7182,2.6949,0.023299999999999876,0.8646,203919.17,192304.881
600614.SH,20090318,2.6949,2.6949,2.6541,2.6949,2.4499,0.2450000000000001,10.0004,147789.72,136467.007
600614.SH,20090317,2.482,2.5841,2.4091,2.4499,2.4412,0.008700000000000152,0.3564,113539.56,96666.917
600614.SH,20090316,2.4324,2.5578,2.3828,2.4412,2.4645,-0.02330000000000032,-0.9454,42178.57,35612.664
600614.SH,20090313,2.4003,2.5316,2.3624,2.4645,2.3945,0.07000000000000028,2.9234,52074.38,43488.439
600614.SH,20090312,2.3595,2.4499,2.3041,2.3945,2.4062,-0.011700000000000266,-0.4862,43179.02,35320.484
600614.SH,20090311,2.5462,2.5666,2.3857,2.4062,2.5228,-0.11660000000000004,-4.6218,62482.17,53261.68
600614.SH,20090310,2.2895,2.5316,2.2166,2.5228,2.377,0.14580000000000037,6.1338,82826.86,67932.099
600614.SH,20090306,2.3945,2.4849,2.3478,2.377,2.4616,-0.08460000000000001,-3.4368,76805.57,63510.48
600614.SH,20090305,2.3857,2.5695,2.3128,2.4616,2.3537,0.10789999999999988,4.5843,155141.85,127796.255
600614.SH,20090304,2.2312,2.3537,2.2166,2.3537,2.1407,0.21300000000000008,9.95,126059.94,100152.597
600614.SH,20090303,1.8987,2.1407,1.8958,2.1407,1.9453,0.1953999999999998,10.0447,73064.77,52645.737
600614.SH,20090302,1.8462,1.9978,1.8374,1.9453,1.8666,0.07869999999999999,4.2162,25676.66,17067.621
600614.SH,20090227,1.9978,2.0212,1.8345,1.8666,1.9949,-0.12829999999999986,-6.4314,34820.9,22712.079
600614.SH,20090226,2.0649,2.1407,1.8812,1.9949,2.0649,-0.07000000000000028,-3.39,48088.54,34069.336
600614.SH,20090225,2.0941,2.1524,1.9978,2.0649,2.1233,-0.058399999999999785,-2.7504,49672.91,35118.394
600614.SH,20090224,2.1816,2.2807,2.1087,2.1233,2.1728,-0.0495000000000001,-2.2782,131138.54,99710.711
600614.SH,20090223,2.0474,2.1816,2.0474,2.1728,2.0358,0.137,6.7295,76362.09,55197.674
600614.SH,20090220,2.0066,2.0387,1.9687,2.0358,2.0066,0.029199999999999893,1.4552,30387.42,20957.773
600614.SH,20090219,1.957,2.0241,1.9541,2.0066,1.9366,0.07000000000000006,3.6146,32922.41,22466.779
600614.SH,20090218,1.9833,2.0416,1.9249,1.9366,2.0328,-0.09619999999999984,-4.7324,35773.73,24380.216
600614.SH,20090217,2.1495,2.1495,2.0124,2.0328,2.1553,-0.12250000000000005,-5.6837,54225.93,38559.974
600614.SH,20090216,2.1524,2.202,2.0999,2.1553,2.1291,0.02619999999999978,1.2306,68877.0,50574.391
600614.SH,20090213,2.0708,2.1728,2.0299,2.1291,2.0562,0.07290000000000019,3.5454,61754.99,44654.892
600614.SH,20090212,2.0299,2.0562,1.9745,2.0562,2.0241,0.03210000000000024,1.5859,44533.76,30864.892
600614.SH,20090211,2.0533,2.1087,1.9949,2.0241,2.1058,-0.0817000000000001,-3.8798,69626.14,48958.731
600614.SH,20090210,2.0124,2.1203,1.9891,2.1058,2.0474,0.058399999999999785,2.8524,68534.78,48211.033
600614.SH,20090209,1.9337,2.0853,1.8753,2.0474,1.9074,0.14000000000000012,7.3398,101476.46,68429.671
600614.SH,20090206,1.8258,1.9337,1.8258,1.9074,1.8228,0.08460000000000001,4.6412,54749.85,35374.371
600614.SH,20090205,1.8637,1.8637,1.8083,1.8228,1.8724,-0.04960000000000009,-2.649,50818.39,31986.849
600614.SH,20090204,1.7791,1.887,1.7791,1.8724,1.7995,0.07289999999999996,4.0511,62489.0,39515.365
600614.SH,20090203,1.7528,1.8374,1.7412,1.7995,1.7558,0.04370000000000007,2.4889,40170.52,24787.668
600614.SH,20090202,1.7208,1.7587,1.7062,1.7558,1.7149,0.040899999999999936,2.385,21104.31,12531.183
600614.SH,20090123,1.7645,1.7645,1.7091,1.7149,1.7674,-0.05249999999999999,-2.9705,25937.2,15372.038
600614.SH,20090122,1.7441,1.7849,1.7353,1.7674,1.7266,0.04080000000000017,2.363,33518.54,20262.494
600614.SH,20090121,1.7208,1.7674,1.7149,1.7266,1.7499,-0.0233000000000001,-1.3315,24400.05,14601.473
600614.SH,20090120,1.7324,1.7616,1.7091,1.7499,1.7441,0.005800000000000027,0.3325,19453.97,11583.63
600614.SH,20090119,1.7091,1.7499,1.7091,1.7441,1.712,0.03210000000000002,1.875,25308.83,15041.564
600614.SH,20090116,1.712,1.7703,1.6945,1.712,1.7062,0.005800000000000027,0.3399,30582.98,18175.26
600614.SH,20090115,1.6741,1.747,1.6683,1.7062,1.6916,0.014599999999999946,0.8631,34372.23,20178.116
600614.SH,20090114,1.6274,1.6974,1.6187,1.6916,1.6274,0.06420000000000003,3.9449,19833.13,11330.793
600614.SH,20090113,1.6829,1.6829,1.6129,1.6274,1.6916,-0.06420000000000003,-3.7952,17753.4,9981.143
600614.SH,20090112,1.6887,1.7266,1.6508,1.6916,1.6741,0.01750000000000007,1.0453,27941.94,16272.359
600614.SH,20090109,1.6274,1.677,1.6245,1.6741,1.6449,0.029199999999999893,1.7752,27472.31,15603.785
600614.SH,20090108,1.6829,1.7383,1.6129,1.6449,1.7266,-0.08169999999999988,-4.7318,29833.93,17121.435
600614.SH,20090107,1.6566,1.8053,1.6187,1.7266,1.6566,0.06999999999999984,4.2255,68781.82,40772.662
600614.SH,20090106,1.5429,1.6624,1.5399,1.6566,1.5574,0.09920000000000018,6.3696,33121.4,18096.393
600614.SH,20090105,1.5195,1.5633,1.5195,1.5574,1.5137,0.04369999999999985,2.887,20704.08,10921.754
600614.SH,20081231,1.5983,1.6041,1.4845,1.5137,1.6187,-0.10499999999999998,-6.4867,26956.45,14149.648
600614.SH,20081230,1.6566,1.7208,1.607,1.6187,1.6449,-0.0262,-1.5928,51254.35,29396.05
600614.SH,20081229,1.572,1.6624,1.5662,1.6449,1.5691,0.07580000000000009,4.8308,49167.96,27439.161
600614.SH,20081226,1.5837,1.5895,1.5516,1.5691,1.5691,0.0,0.0,10331.36,5568.687
600614.SH,20081225,1.5895,1.6129,1.5312,1.5691,1.5837,-0.014600000000000168,-0.9219,9935.18,5357.16
600614.SH,20081224,1.6391,1.6391,1.5633,1.5837,1.6537,-0.06999999999999984,-4.2329,18313.32,10002.062
600614.SH,20081223,1.8316,1.8316,1.642,1.6537,1.8199,-0.16620000000000013,-9.1324,25168.5,14941.937
600614.SH,20081222,1.8287,1.8549,1.7733,1.8199,1.8345,-0.014599999999999946,-0.7959,31777.79,19779.469
600614.SH,20081219,1.7908,1.8608,1.7791,1.8345,1.7995,0.03499999999999992,1.945,37073.91,23128.312
600614.SH,20081218,1.8024,1.817,1.7266,1.7995,1.747,0.05249999999999999,3.0052,30772.07,18798.943
600614.SH,20081217,1.7937,1.8112,1.7295,1.747,1.7295,0.01750000000000007,1.0119,32966.66,20134.432
600614.SH,20081215,1.7062,1.7383,1.6537,1.7295,1.6799,0.04960000000000009,2.9526,21700.81,12666.576
600614.SH,20081212,1.7908,1.8287,1.6362,1.6799,1.8024,-0.12250000000000005,-6.7965,27668.61,16445.607
600614.SH,20081211,1.8724,1.9074,1.7966,1.8024,1.8899,-0.08749999999999991,-4.6299,28152.15,17879.552
600614.SH,20081210,1.8608,1.8958,1.7937,1.8899,1.852,0.03789999999999982,2.0464,34375.06,21845.285
600614.SH,20081209,1.9453,1.9483,1.852,1.852,1.957,-0.10499999999999998,-5.3654,61510.64,39740.762
600614.SH,20081208,1.8374,2.0095,1.817,1.957,1.8258,0.13119999999999998,7.1859,103229.72,69390.442
600614.SH,20081205,1.747,1.9016,1.7266,1.8258,1.7616,0.06420000000000003,3.6444,54337.68,34317.644
600614.SH,20081204,1.8024,1.8374,1.7558,1.7616,1.7937,-0.03210000000000002,-1.7896,57487.81,35498.724
600614.SH,20081203,1.7762,1.8112,1.7383,1.7937,1.7762,0.01750000000000007,0.9852,64872.97,39504.809
600614.SH,20081202,1.6566,1.8608,1.6333,1.7762,1.6945,0.0817000000000001,4.8215,86977.09,52197.236
600614.SH,20081201,1.5749,1.7149,1.5604,1.6945,1.5808,0.11369999999999991,7.1926,66704.78,37880.094
600614.SH,20081128,1.5458,1.6216,1.5195,1.5808,1.5808,0.0,0.0,32468.65,17396.269
600614.SH,20081127,1.7208,1.7208,1.572,1.5808,1.5749,0.005900000000000016,0.3746,67174.76,38345.493
600614.SH,20081126,1.5749,1.6479,1.5399,1.5749,1.5633,0.011600000000000055,0.742,28272.14,15498.248
600614.SH,20081125,1.537,1.5749,1.4991,1.5633,1.5224,0.040899999999999936,2.6865,26536.43,13982.717
600614.SH,20081124,1.6333,1.6566,1.5166,1.5224,1.642,-0.11959999999999993,-7.2838,24102.45,13110.546
600614.SH,20081121,1.6187,1.712,1.5049,1.642,1.6508,-0.008800000000000141,-0.5331,42222.4,23577.928
600614.SH,20081120,1.572,1.7062,1.572,1.6508,1.6012,0.04960000000000009,3.0977,43473.88,24668.179
600614.SH,20081119,1.5108,1.6099,1.5108,1.6012,1.5166,0.08460000000000001,5.5783,31997.62,17200.682
600614.SH,20081118,1.6245,1.642,1.4874,1.5166,1.6508,-0.1342000000000001,-8.1294,34290.54,18240.68
600614.SH,20081117,1.6012,1.6624,1.5749,1.6508,1.607,0.04380000000000006,2.7256,36789.51,20511.0
600614.SH,20081114,1.5604,1.6158,1.5224,1.607,1.5633,0.04370000000000007,2.7954,43071.38,23360.869
600614.SH,20081113,1.4816,1.642,1.4641,1.5633,1.502,0.06129999999999991,4.0812,45096.29,23908.811
600614.SH,20081112,1.4437,1.5108,1.4204,1.502,1.4495,0.05249999999999999,3.6219,37307.96,18910.402
600614.SH,20081111,1.4583,1.4845,1.4437,1.4495,1.4962,-0.046699999999999964,-3.1212,24542.98,12302.019
600614.SH,20081110,1.4145,1.502,1.4116,1.4962,1.4116,0.08460000000000001,5.9932,35684.32,17842.696
600614.SH,20081107,1.3795,1.4204,1.3474,1.4116,1.3854,0.0262,1.8912,12100.97,5793.101
600614.SH,20081106,1.3591,1.3941,1.3154,1.3854,1.3999,-0.014499999999999957,-1.0358,8189.35,3791.073
600614.SH,20081105,1.362,1.4116,1.3474,1.3999,1.3708,0.029099999999999904,2.1228,10054.91,4784.286
600614.SH,20081104,1.3999,1.4262,1.327,1.3708,1.4174,-0.046599999999999975,-3.2877,8914.28,4160.957
600614.SH,20081103,1.4204,1.4437,1.3854,1.4174,1.4204,-0.0030000000000001137,-0.2112,4661.1,2267.272
600614.SH,20081031,1.4291,1.4699,1.4087,1.4204,1.4554,-0.03499999999999992,-2.4048,5304.7,2615.733
600614.SH,20081030,1.4116,1.4816,1.3941,1.4554,1.4174,0.038000000000000034,2.681,14780.37,7350.285
600614.SH,20081029,1.5224,1.5224,1.4087,1.4174,1.502,-0.08460000000000001,-5.6325,12427.32,6229.854
600614.SH,20081028,1.4058,1.5108,1.3824,1.502,1.4554,0.046599999999999975,3.2019,13181.07,6532.17
600614.SH,20081027,1.4962,1.5341,1.4379,1.4554,1.5399,-0.08450000000000002,-5.4874,14096.51,7170.291
600614.SH,20081024,1.5195,1.5487,1.502,1.5399,1.5429,-0.0029999999999998916,-0.1944,8802.08,4600.138
600614.SH,20081023,1.4962,1.5487,1.4758,1.5429,1.5195,0.023399999999999865,1.54,13408.33,6991.462
600614.SH,20081022,1.5312,1.5779,1.4962,1.5195,1.572,-0.05249999999999999,-3.3397,11267.41,5922.048
600614.SH,20081021,1.6041,1.6274,1.5604,1.572,1.5837,-0.011700000000000044,-0.7388,16009.89,8752.314
600614.SH,20081020,1.537,1.5983,1.5195,1.5837,1.5545,0.029200000000000115,1.8784,11395.77,6148.473
600614.SH,20081017,1.5633,1.5954,1.5166,1.5545,1.5545,0.0,0.0,10222.32,5435.12
600614.SH,20081016,1.5429,1.5983,1.5166,1.5545,1.6274,-0.07289999999999996,-4.4795,12957.23,6905.53
600614.SH,20081015,1.5691,1.6333,1.5166,1.6274,1.5983,0.029099999999999904,1.8207,16298.74,8814.817
600614.SH,20081014,1.7266,1.7558,1.5779,1.5983,1.6829,-0.08460000000000001,-5.027,22240.49,12670.66
600614.SH,20081013,1.5691,1.6916,1.4962,1.6829,1.607,0.07590000000000008,4.7231,14910.02,8075.779
600614.SH,20081010,1.5895,1.6508,1.5399,1.607,1.6887,-0.0817000000000001,-4.838,18051.77,9860.441
600614.SH,20081009,1.8083,1.8083,1.677,1.6887,1.7324,-0.04369999999999985,-2.5225,11413.8,6742.489
600614.SH,20081008,1.7353,1.7791,1.6974,1.7324,1.7528,-0.020399999999999974,-1.1639,13068.98,7754.625
600614.SH,20081007,1.6945,1.7966,1.6333,1.7528,1.7383,0.014499999999999957,0.8341,15266.59,9162.823
600614.SH,20081006,1.7937,1.7966,1.7324,1.7383,1.8374,-0.09909999999999997,-5.3935,16061.14,9685.28
600614.SH,20080926,1.8462,1.8812,1.7995,1.8374,1.8695,-0.03210000000000002,-1.717,22366.33,14127.653
600614.SH,20080925,1.8666,1.9191,1.8199,1.8695,1.8637,0.005800000000000027,0.3112,33660.95,21635.771
600614.SH,20080924,1.7208,1.8812,1.6945,1.8637,1.7733,0.09039999999999981,5.0978,28272.85,17510.274
600614.SH,20080923,1.8899,1.8958,1.7674,1.7733,1.9628,-0.1895,-9.6546,26245.22,16345.858
600614.SH,20080922,2.0649,2.0883,1.8841,1.9628,1.9045,0.05830000000000002,3.0612,42295.35,28677.464
600614.SH,20080919,1.9045,1.9045,1.8433,1.9045,1.7324,0.17210000000000014,9.9342,24559.18,15943.775
600614.SH,20080918,1.6916,1.7791,1.5691,1.7324,1.7441,-0.011700000000000044,-0.6708,32349.74,18429.638
600614.SH,20080917,1.8083,1.8403,1.6508,1.7441,1.817,-0.07289999999999996,-4.0121,37666.6,22488.612
600614.SH,20080916,2.027,2.0299,1.8141,1.817,2.0153,-0.19829999999999992,-9.8397,29855.83,19617.402
600614.SH,20080912,2.0941,2.1174,2.0124,2.0153,2.1087,-0.09339999999999993,-4.4293,24714.6,17566.408
600614.SH,20080911,2.1174,2.1466,2.0445,2.1087,2.1174,-0.008700000000000152,-0.4109,37510.91,26893.488
600614.SH,20080910,2.0416,2.2078,2.0416,2.1174,2.1087,0.008700000000000152,0.4126,73926.1,53716.801
600614.SH,20080909,1.8987,2.1087,1.8987,2.1087,1.9162,0.1924999999999999,10.0459,79544.67,56955.06
600614.SH,20080908,1.8987,1.9803,1.8637,1.9162,1.9016,0.014599999999999946,0.7678,21018.12,13932.329
600614.SH,20080905,1.9424,1.9774,1.8812,1.9016,1.9453,-0.04370000000000007,-2.2464,16121.78,10700.814
600614.SH,20080903,1.9862,2.0212,1.9249,1.9453,2.0095,-0.06420000000000003,-3.1948,14146.6,9497.473
600614.SH,20080902,1.9774,2.0212,1.9337,2.0095,1.9949,0.014600000000000168,0.7319,14454.67,9816.817
600614.SH,20080901,2.0708,2.0824,1.9687,1.9949,2.1116,-0.11670000000000025,-5.5266,22945.52,15867.879
600614.SH,20080829,2.0649,2.1582,2.0416,2.1116,2.0474,0.06420000000000003,3.1357,25120.76,18099.085
600614.SH,20080828,2.0737,2.1145,2.0358,2.0474,2.0795,-0.032099999999999795,-1.5436,14186.4,10052.151
600614.SH,20080827,2.0124,2.1291,2.0008,2.0795,2.0241,0.055400000000000116,2.737,21892.46,15526.943
600614.SH,20080826,2.202,2.202,2.0241,2.0241,2.2487,-0.22460000000000013,-9.988,29139.36,20712.508
600614.SH,20080825,2.3012,2.3303,2.2312,2.2487,2.2982,-0.0495000000000001,-2.1539,16017.15,12565.499
600614.SH,20080822,2.2516,2.4091,2.2399,2.2982,2.3362,-0.03799999999999981,-1.6266,33218.8,26456.391
600614.SH,20080821,2.1874,2.4762,2.1437,2.3362,2.2953,0.040899999999999714,1.7819,48822.86,38446.176
600614.SH,20080820,2.0445,2.2953,1.9949,2.2953,2.0853,0.20999999999999996,10.0705,36805.18,27952.159
600614.SH,20080819,1.9862,2.1233,1.9716,2.0853,2.062,0.02330000000000032,1.13,16542.49,11653.446
600614.SH,20080818,2.2457,2.3157,2.062,2.062,2.2924,-0.23040000000000038,-10.0506,27405.19,20631.4
600614.SH,20080815,2.1874,2.3857,2.1291,2.2924,2.2049,0.08750000000000036,3.9684,35388.67,27445.619
600614.SH,20080814,2.1582,2.237,2.1058,2.2049,2.1787,0.02619999999999978,1.2026,24284.07,18085.852
600614.SH,20080813,2.0883,2.2107,2.0358,2.1787,2.1028,0.0759000000000003,3.6095,26174.28,19150.741
600614.SH,20080812,2.1582,2.2137,2.0941,2.1028,2.2516,-0.14880000000000004,-6.6086,18517.79,13614.156
600614.SH,20080811,2.4645,2.4645,2.2516,2.2516,2.5024,-0.25080000000000036,-10.0224,18178.44,14366.618
600614.SH,20080808,2.7911,2.8291,2.5024,2.5024,2.7795,-0.2770999999999999,-9.9694,24608.68,22478.108
600614.SH,20080807,2.7211,2.7911,2.6861,2.7795,2.7328,0.046699999999999964,1.7089,18382.77,17399.529
600614.SH,20080806,2.6686,2.7941,2.6249,2.7328,2.6803,0.05250000000000021,1.9587,19214.38,17819.072
600614.SH,20080805,2.832,2.9136,2.6686,2.6803,2.867,-0.1867000000000001,-6.512,24878.01,23576.188
600614.SH,20080804,3.0099,3.0565,2.8611,2.867,2.9778,-0.11079999999999979,-3.7209,23851.57,24170.77
600614.SH,20080801,2.9311,3.0565,2.8757,2.9778,3.0099,-0.03210000000000024,-1.0665,29123.78,29826.9
600614.SH,20080731,2.9457,3.1061,2.8232,3.0099,2.9574,0.05250000000000021,1.7752,47454.8,48013.111
600614.SH,20080730,3.1061,3.1324,2.8874,2.9574,3.0711,-0.11370000000000013,-3.7023,40677.59,41733.637
600614.SH,20080729,3.0624,3.179,3.0507,3.0711,3.1178,-0.046699999999999964,-1.4979,37854.25,40388.269
600614.SH,20080728,3.1236,3.2082,3.0653,3.1178,3.147,-0.029199999999999893,-0.9279,44885.03,48227.257
600614.SH,20080725,3.2403,3.2957,3.1382,3.147,3.3045,-0.1575000000000002,-4.7662,57958.22,63757.135
600614.SH,20080724,3.2665,3.354,3.1353,3.3045,3.284,0.020500000000000185,0.6242,107903.47,120439.293
600614.SH,20080723,3.0565,3.354,3.0099,3.284,3.0478,0.23619999999999974,7.7499,132485.1,148204.714
600614.SH,20080722,2.9895,3.1265,2.9807,3.0478,3.0507,-0.0028999999999999027,-0.0951,42873.45,44915.926
600614.SH,20080721,2.8261,3.1557,2.7941,3.0507,2.8757,0.17499999999999982,6.0855,61064.04,63288.128
600614.SH,20080718,2.7999,2.9078,2.727,2.8757,2.8057,0.07000000000000028,2.4949,23879.62,23006.445
600614.SH,20080717,2.7941,3.004,2.7941,2.8057,2.7416,0.06409999999999982,2.3381,44984.27,44761.551
600614.SH,20080716,2.8582,2.9457,2.6599,2.7416,2.8757,-0.1341000000000001,-4.6632,33395.83,32289.653
600614.SH,20080715,3.0653,3.077,2.8145,2.8757,3.0565,-0.18080000000000007,-5.9153,44350.71,44536.689
600614.SH,20080714,2.9574,3.0624,2.9107,3.0565,3.0157,0.04080000000000039,1.3529,43820.64,44988.229
600614.SH,20080711,2.902,3.0565,2.7766,3.0157,2.9078,0.10789999999999988,3.7107,57310.59,57733.14
600614.SH,20080710,3.0624,3.2228,2.902,2.9078,3.1265,-0.21870000000000012,-6.995,70709.5,74559.464
600614.SH,20080709,3.1499,3.2257,3.1178,3.1265,3.2403,-0.1137999999999999,-3.512,80483.1,87382.502
600614.SH,20080708,3.004,3.2665,2.8874,3.2403,3.0799,0.1604000000000001,5.208,96164.78,100599.378
600614.SH,20080707,2.9836,3.2053,2.9399,3.0799,3.0624,0.01750000000000007,0.5714,98354.68,103321.231
600614.SH,20080704,2.8903,3.2257,2.8903,3.0624,2.9924,0.06999999999999984,2.3393,85789.96,90226.573
600614.SH,20080703,2.9078,3.1615,2.7736,2.9924,2.9836,0.008799999999999919,0.2949,111392.48,113315.283
600614.SH,20080702,2.7649,2.9836,2.6395,2.9836,2.7124,0.2711999999999999,9.9985,130444.77,129544.929
600614.SH,20080701,2.4003,2.7124,2.377,2.7124,2.4645,0.2479,10.0588,89571.05,79539.044
600614.SH,20080630,2.6541,2.6541,2.3362,2.4645,2.5432,-0.07869999999999999,-3.0945,88377.18,75252.037
600614.SH,20080627,2.4791,2.5432,2.4149,2.5432,2.3128,0.23039999999999994,9.962,44062.18,37769.643
600614.SH,20080626,2.3128,2.3128,2.3128,2.3128,2.1028,0.2100000000000004,9.9867,12140.14,9627.131
600614.SH,20080625,2.1028,2.1028,2.1028,2.1028,1.9103,0.19249999999999967,10.077,2793.18,2013.883
600614.SH,20080624,1.9103,1.9103,1.9103,1.9103,1.7353,0.17500000000000004,10.0847,4951.54,3243.259
600614.SH,20080623,1.922,1.922,1.7324,1.7353,1.9249,-0.1896,-9.8499,17060.46,10490.393
600614.SH,20080620,1.8403,2.1291,1.8403,1.9249,2.0445,-0.11960000000000015,-5.8498,24864.96,16663.917
600614.SH,20080619,2.1874,2.1874,2.0445,2.0445,2.272,-0.2274999999999996,-10.0132,17189.3,12377.493
600614.SH,20080618,2.0124,2.377,1.9978,2.272,2.2195,0.05249999999999977,2.3654,44672.9,32650.781
600614.SH,20080617,2.2312,2.4674,2.2195,2.2195,2.4674,-0.2479,-10.047,31085.35,24488.318
600614.SH,20080616,2.3391,2.4674,2.2895,2.4674,2.2428,0.22460000000000013,10.0143,64951.72,54008.797
600614.SH,20080613,2.0416,2.2428,2.0416,2.2428,2.0387,0.20409999999999995,10.0113,15955.13,12227.67
600614.SH,20080611,2.0562,2.1233,1.9483,2.0387,2.1641,-0.12539999999999996,-5.7946,7969.68,5576.959
600614.SH,20080610,2.3362,2.3362,2.1641,2.1641,2.4032,-0.2391000000000001,-9.9492,7242.51,5473.394
600614.SH,20080606,2.5082,2.5316,2.3945,2.4032,2.5607,-0.1575000000000002,-6.1507,9611.54,8125.388
600614.SH,20080605,2.5228,2.6045,2.5228,2.5607,2.4966,0.06410000000000027,2.5675,23221.41,20409.073
600614.SH,20080604,2.4499,2.5432,2.4266,2.4966,2.4382,0.058399999999999785,2.3952,11721.89,9989.091
600614.SH,20080603,2.4207,2.4499,2.3624,2.4382,2.4062,0.03200000000000003,1.3299,6967.48,5725.767
600614.SH,20080602,2.412,2.4266,2.3537,2.4062,2.412,-0.005799999999999805,-0.2405,6589.43,5378.717
600614.SH,20080530,2.447,2.4703,2.3712,2.412,2.4295,-0.01750000000000007,-0.7203,4488.3,3706.71
600614.SH,20080529,2.5345,2.5462,2.412,2.4295,2.5374,-0.10789999999999988,-4.2524,4796.0,4078.647
600614.SH,20080528,2.4353,2.5811,2.4032,2.5374,2.4412,0.09620000000000006,3.9407,5816.99,4976.367
600614.SH,20080527,2.4791,2.4791,2.4062,2.4412,2.412,0.029199999999999893,1.2106,4914.49,4085.446
600614.SH,20080526,2.4499,2.4703,2.4062,2.412,2.4937,-0.0817000000000001,-3.2763,4960.65,4128.932
600614.SH,20080523,2.5432,2.5928,2.3887,2.4937,2.5666,-0.07290000000000019,-2.8403,7574.52,6487.98
600614.SH,20080522,2.5957,2.6453,2.5403,2.5666,2.6366,-0.06999999999999984,-2.6549,7649.81,6771.628
600614.SH,20080521,2.622,2.6832,2.4353,2.6366,2.6307,0.005900000000000016,0.2243,15014.42,13008.044
600614.SH,20080520,2.832,2.8991,2.5666,2.6307,2.8378,-0.20710000000000006,-7.2979,10393.43,9759.825
600614.SH,20080519,2.8495,2.9166,2.7357,2.8378,2.8495,-0.011699999999999822,-0.4106,8498.41,8299.996
600614.SH,20080516,2.8874,2.9603,2.8174,2.8495,2.9341,-0.08460000000000001,-2.8833,11279.61,11073.526
600614.SH,20080515,2.9545,3.0186,2.8903,2.9341,2.9778,-0.04369999999999985,-1.4675,17202.68,17330.587
600614.SH,20080514,3.0274,3.1003,2.9107,2.9778,3.0682,-0.09040000000000026,-2.9464,32530.26,33104.703
600614.SH,20080513,2.7707,3.0886,2.6978,3.0682,2.867,0.20120000000000005,7.0178,67582.12,68566.381
600614.SH,20080512,2.6832,2.9078,2.6774,2.867,2.7328,0.13419999999999987,4.9107,30117.87,29282.003
600614.SH,20080509,2.7066,2.7561,2.6249,2.7328,2.7153,0.01750000000000007,0.6445,15673.64,14492.043
600614.SH,20080508,2.6074,2.7678,2.5462,2.7153,2.6336,0.0817000000000001,3.1022,12847.5,11667.049
600614.SH,20080507,2.8291,2.8291,2.6307,2.6336,2.8553,-0.22170000000000023,-7.7645,15086.68,14143.728
600614.SH,20080506,2.9078,2.9749,2.8028,2.8553,2.937,-0.08169999999999966,-2.7818,23946.94,23573.782
600614.SH,20080505,2.8174,2.9749,2.8174,2.937,2.8961,0.040899999999999714,1.4122,35411.62,35442.857
600614.SH,20080430,2.727,2.9457,2.6832,2.8961,2.7707,0.12539999999999996,4.5259,57319.02,55043.296
600614.SH,20080429,2.5228,2.7707,2.4732,2.7707,2.5199,0.25080000000000036,9.9528,44877.37,40160.894
600614.SH,20080428,2.4645,2.5316,2.4207,2.5199,2.4937,0.02619999999999978,1.0506,11012.94,9313.389
600614.SH,20080425,2.5316,2.5957,2.4557,2.4937,2.5257,-0.03200000000000003,-1.267,18172.83,15708.082
600614.SH,20080424,2.4616,2.5287,2.3857,2.5257,2.2982,0.22750000000000004,9.8991,24282.36,20679.542
600614.SH,20080423,2.1233,2.3332,2.1233,2.2982,2.2516,0.0466000000000002,2.0696,8390.27,6479.836
600614.SH,20080422,2.2516,2.3099,2.1087,2.2516,2.342,-0.09040000000000026,-3.8599,6907.95,5212.092
600614.SH,20080421,2.5345,2.5345,2.1874,2.342,2.3041,0.037900000000000045,1.6449,9019.49,7404.345
600614.SH,20080418,2.5228,2.5228,2.2982,2.3041,2.5228,-0.21870000000000012,-8.6689,8023.28,6584.305
600614.SH,20080417,2.6132,2.6978,2.482,2.5228,2.6511,-0.12829999999999986,-4.8395,10042.04,8918.712
600614.SH,20080416,2.6891,2.7503,2.5957,2.6511,2.7416,-0.09050000000000002,-3.301,6996.59,6397.427
600614.SH,20080415,2.692,2.7532,2.5957,2.7416,2.692,0.049599999999999866,1.8425,7843.07,7175.036
600614.SH,20080414,2.8407,2.8407,2.6307,2.692,2.9195,-0.22750000000000004,-7.7924,15216.61,14196.493
600614.SH,20080411,2.692,2.9545,2.6861,2.9195,2.7241,0.19540000000000024,7.173,19548.51,19189.441
600614.SH,20080410,2.5957,2.7299,2.5957,2.7241,2.6249,0.09920000000000018,3.7792,9206.22,8488.157
600614.SH,20080409,2.7941,2.8728,2.6191,2.6249,2.7999,-0.17500000000000027,-6.2502,11715.06,11237.268
600614.SH,20080408,2.7795,2.8611,2.7182,2.7999,2.7795,0.020399999999999974,0.7339,11868.64,11377.55
600614.SH,20080407,2.6191,2.7941,2.5228,2.7795,2.6366,0.14290000000000003,5.4199,11694.51,10918.419
600614.SH,20080403,2.5899,2.7066,2.4557,2.6366,2.6424,-0.005799999999999805,-0.2195,10726.37,9512.472
600614.SH,20080402,2.9982,3.0799,2.5724,2.6424,2.8466,-0.20420000000000016,-7.1735,18190.06,17222.488
600614.SH,20080401,3.1645,3.1878,2.8466,2.8466,3.1615,-0.3149000000000002,-9.9605,13610.47,13999.903
600614.SH,20080331,3.1207,3.2053,2.9982,3.1615,3.1586,0.0029000000000003467,0.0918,15232.0,16299.974
600614.SH,20080328,2.8845,3.1732,2.657,3.1586,2.8874,0.2711999999999999,9.3925,17566.67,17863.298
600614.SH,20080327,2.9895,3.0274,2.8845,2.8874,3.0361,-0.14869999999999983,-4.8977,13602.66,13768.219
600614.SH,20080326,3.1295,3.2374,3.004,3.0361,3.1032,-0.06710000000000038,-2.1623,10157.91,10872.124
600614.SH,20080325,3.0186,3.1499,2.9603,3.1032,3.1032,0.0,0.0,14357.18,15004.188
600614.SH,20080324,3.074,3.2607,3.0099,3.1032,2.9953,0.10790000000000033,3.6023,25045.88,27006.078
600614.SH,20080321,3.004,3.0886,2.8961,2.9953,3.0361,-0.04079999999999995,-1.3438,21290.57,22013.004
600614.SH,20080320,2.8291,3.147,2.6074,3.0361,2.8961,0.13999999999999968,4.8341,24605.4,24069.331
600614.SH,20080319,2.8436,2.972,2.6686,2.8961,2.762,0.1341000000000001,4.8552,18180.32,17812.788
600614.SH,20080318,2.9166,3.112,2.762,2.762,3.0682,-0.3062,-9.9798,12285.27,12021.332
600614.SH,20080317,3.4153,3.4153,3.0682,3.0682,3.4094,-0.34120000000000017,-10.0076,15104.87,16252.008
600614.SH,20080314,3.3803,3.4561,3.3132,3.4094,3.4036,0.005800000000000249,0.1704,9762.88,11314.305
600614.SH,20080313,3.6603,3.6603,3.4007,3.4036,3.7769,-0.37329999999999997,-9.8838,23359.04,27564.464
600614.SH,20080311,3.7244,3.7915,3.5874,3.7769,3.809,-0.03210000000000024,-0.8427,22205.54,28007.519
600614.SH,20080310,4.0365,4.0365,3.7507,3.809,4.1678,-0.35879999999999956,-8.6089,31444.8,41632.274
600614.SH,20080307,4.7365,4.7831,4.1648,4.1678,4.4944,-0.3266,-7.2668,98579.9,152604.143
600614.SH,20080306,4.4944,4.4944,4.4944,4.4944,4.0861,0.40829999999999966,9.9924,8721.9,13440.448
600614.SH,20080304,4.0248,4.124,3.9898,4.0861,4.0744,0.011700000000000266,0.2872,22985.79,31872.867
600614.SH,20080303,4.0978,4.2203,3.9315,4.0744,4.1328,-0.058399999999999785,-1.4131,33315.36,46534.255
600614.SH,20080229,4.2173,4.2173,4.019,4.1328,4.0161,0.1166999999999998,2.9058,82758.91,117669.837
600614.SH,20080228,3.9898,4.0161,3.9315,4.0161,3.8236,0.1924999999999999,5.0345,16571.73,22725.644
600614.SH,20080227,3.6749,3.8236,3.669,3.8236,3.6428,0.18080000000000007,4.9632,12754.01,16575.14
600614.SH,20080226,3.6836,3.6982,3.5378,3.6428,3.7244,-0.08160000000000034,-2.191,19586.23,24249.835
600614.SH,20080222,3.5465,3.7244,3.4415,3.7244,3.5465,0.17790000000000017,5.0162,26234.59,32582.657
600614.SH,20080221,3.4911,3.6457,3.4124,3.5465,3.5611,-0.014600000000000168,-0.41,7712.03,9326.081
600614.SH,20080220,3.6865,3.7244,3.5524,3.5611,3.6865,-0.12539999999999996,-3.4016,9770.49,12138.533
600614.SH,20080219,3.6515,3.7332,3.6165,3.6865,3.6865,0.0,0.0,9510.6,11953.799
600614.SH,20080218,3.5349,3.7128,3.5086,3.6865,3.5349,0.15160000000000018,4.2887,14229.24,17731.29
600614.SH,20080215,3.4707,3.5436,3.4007,3.5349,3.4561,0.07879999999999976,2.28,11132.24,13276.834
600614.SH,20080214,3.4269,3.494,3.3832,3.4561,3.4153,0.04080000000000039,1.1946,5030.23,5941.304
600614.SH,20080213,3.4707,3.5582,3.3249,3.4153,3.4911,-0.07580000000000009,-2.1712,5399.82,6374.896
600614.SH,20080205,3.4007,3.5232,3.4007,3.4911,3.4328,0.05830000000000002,1.6983,10070.87,11980.821
600614.SH,20080204,3.4299,3.4328,3.2695,3.4328,3.2695,0.1633,4.9946,16260.29,18823.49
600614.SH,20080201,3.357,3.4328,3.2228,3.2695,3.392,-0.12250000000000005,-3.6114,9517.23,10613.301
600614.SH,20080131,3.5728,3.5728,3.3861,3.392,3.5261,-0.1341000000000001,-3.8031,5205.38,6204.476
600614.SH,20080130,3.5203,3.6836,3.4415,3.5261,3.5086,0.01750000000000007,0.4988,10857.96,13416.248
600614.SH,20080129,3.4328,3.5436,3.4328,3.5086,3.6136,-0.10499999999999998,-2.9057,13580.6,16083.423
600614.SH,20080128,3.8061,3.8061,3.6136,3.6136,3.8032,-0.1896,-4.9853,5934.0,7410.606
600614.SH,20080125,3.7711,3.8498,3.6924,3.8032,3.7828,0.020399999999999974,0.5393,12480.14,16187.051
600614.SH,20080124,3.6982,3.8294,3.5874,3.7828,3.6457,0.13709999999999978,3.7606,16427.92,21116.016
600614.SH,20080123,3.5086,3.7215,3.5086,3.6457,3.6924,-0.046699999999999964,-1.2648,28044.22,34165.989
600614.SH,20080122,3.7624,3.7624,3.6924,3.6924,3.8878,-0.1953999999999998,-5.026,8776.59,11122.056
600614.SH,20080121,4.089,4.1473,3.8878,3.8878,4.0919,-0.20409999999999995,-4.9879,12638.54,17549.1
600614.SH,20080118,4.1269,4.2582,3.9898,4.0919,4.1736,-0.08170000000000055,-1.9575,17980.65,25151.621
600614.SH,20080117,4.3165,4.5207,4.1707,4.1736,4.3894,-0.21579999999999977,-4.9164,33746.12,49247.673
600614.SH,20080116,4.3252,4.4565,4.2436,4.3894,4.2436,0.14580000000000037,3.4358,62868.91,94447.289
600614.SH,20080115,4.1648,4.2436,4.1123,4.2436,4.0423,0.2012999999999998,4.9798,17591.88,25399.617
600614.SH,20080114,3.844,4.0423,3.7682,4.0423,3.8498,0.1924999999999999,5.0003,25274.29,34231.215
600614.SH,20080111,3.9286,3.9286,3.7507,3.8498,3.9315,-0.0817000000000001,-2.0781,23297.35,30487.389
600614.SH,20080110,3.9723,4.0744,3.8907,3.9315,3.9694,-0.0378999999999996,-0.9548,20747.9,28302.482
600614.SH,20080109,3.9665,4.0219,3.8498,3.9694,3.9665,0.0028999999999999027,0.0731,22598.93,30469.575
600614.SH,20080108,4.054,4.1269,3.9169,3.9665,3.9315,0.0349999999999997,0.8902,49622.52,68332.062
600614.SH,20080107,3.7449,3.9315,3.7361,3.9315,3.7449,0.18660000000000032,4.9828,41073.75,54600.269
600614.SH,20080104,4.124,4.124,3.7361,3.7449,3.9286,-0.18369999999999997,-4.676,93181.03,124217.068
600614.SH,20080103,3.9286,3.9286,3.9286,3.9286,3.7419,0.1867000000000001,4.9894,2449.72,3299.773
600614.SH,20080102,3.7419,3.7419,3.7419,3.7419,3.564,0.17789999999999973,4.9916,4883.48,6265.505
600614.SH,20071228,3.494,3.564,3.4415,3.564,3.3949,0.16910000000000025,4.981,12055.46,14592.167
600614.SH,20071227,3.3949,3.3949,3.3132,3.3949,3.2345,0.16039999999999965,4.959,36628.73,42345.496
600614.SH,20071226,3.0624,3.2345,3.0624,3.2345,3.0799,0.1546000000000003,5.0196,13553.44,14895.881
600614.SH,20071225,3.0974,3.1178,3.0332,3.0799,3.0974,-0.01750000000000007,-0.565,21863.56,23020.838
600614.SH,20071224,3.0565,3.1032,3.004,3.0974,3.0215,0.07589999999999986,2.512,33542.6,35021.458
600614.SH,20071221,2.8728,3.0215,2.8611,3.0215,2.8786,0.14290000000000003,4.9642,41302.41,42444.412
600614.SH,20071220,2.9516,2.9516,2.8495,2.8786,2.9253,-0.046699999999999964,-1.5964,20677.99,20397.39
600614.SH,20071219,2.9749,3.0186,2.8874,2.9253,2.9224,0.0028999999999999027,0.0992,24267.83,24469.778
600614.SH,20071218,2.7824,2.9224,2.7561,2.9224,2.7824,0.14000000000000012,5.0316,35450.29,35291.517
600614.SH,20071217,2.7707,2.8057,2.7182,2.7824,2.7445,0.037900000000000045,1.3809,11963.31,11335.916
600614.SH,20071214,2.7036,2.7853,2.7036,2.7445,2.7532,-0.008700000000000152,-0.316,10842.86,10216.975
600614.SH,20071213,2.7999,2.8203,2.6978,2.7532,2.8291,-0.07589999999999986,-2.6828,16363.59,15588.538
600614.SH,20071212,2.8495,2.8786,2.7591,2.8291,2.9049,-0.07580000000000009,-2.6094,53442.84,50926.778
600614.SH,20071211,2.902,3.0274,2.8641,2.9049,2.8845,0.020399999999999974,0.7072,30285.72,30634.999
600614.SH,20071210,2.8145,2.9107,2.7124,2.8845,2.8378,0.046699999999999964,1.6456,19730.13,19270.913
600614.SH,20071207,2.7357,2.8611,2.6978,2.8378,2.7299,0.10789999999999988,3.9525,10943.46,10519.682
600614.SH,20071206,2.6861,2.7561,2.6336,2.7299,2.6978,0.03210000000000024,1.1899,5301.91,4876.67
600614.SH,20071205,2.6861,2.6978,2.6045,2.6978,2.6424,0.055400000000000116,2.0966,5844.65,5303.256
600614.SH,20071204,2.5811,2.7066,2.5811,2.6424,2.5782,0.06420000000000003,2.4901,4649.59,4243.1
600614.SH,20071203,2.5666,2.6249,2.5112,2.5782,2.5666,0.01159999999999961,0.452,3806.11,3375.347
600614.SH,20071130,2.6191,2.6191,2.5491,2.5666,2.6132,-0.04659999999999975,-1.7833,3939.52,3472.997
600614.SH,20071129,2.5374,2.6132,2.5316,2.6132,2.5257,0.08749999999999991,3.4644,3717.8,3283.43
600614.SH,20071128,2.5899,2.6249,2.4645,2.5257,2.5841,-0.058399999999999785,-2.26,4823.4,4193.066
600614.SH,20071127,2.5986,2.6511,2.5724,2.5841,2.5957,-0.011600000000000055,-0.4469,2692.25,2407.331
600614.SH,20071126,2.6686,2.7357,2.5957,2.5957,2.657,-0.06130000000000013,-2.3071,4632.97,4226.592
600614.SH,20071123,2.6482,2.6861,2.5899,2.657,2.727,-0.06999999999999984,-2.5669,7448.56,6716.762
600614.SH,20071122,2.8291,2.8991,2.727,2.727,2.8699,-0.14290000000000003,-4.9793,11682.71,11231.534
600614.SH,20071121,2.7649,2.8903,2.7124,2.8699,2.7532,0.1166999999999998,4.2387,18599.68,17887.306
600614.SH,20071120,2.6249,2.7532,2.6249,2.7532,2.622,0.1312000000000002,5.0038,13255.46,12482.862
600614.SH,20071119,2.5578,2.6599,2.5403,2.622,2.5695,0.05249999999999977,2.0432,5449.52,4886.057
600614.SH,20071116,2.6249,2.7182,2.5345,2.5695,2.6657,-0.09620000000000006,-3.6088,11489.66,10286.911
600614.SH,20071115,2.5462,2.6657,2.4499,2.6657,2.5374,0.1283000000000003,5.0564,13743.77,12004.516
600614.SH,20071114,2.5112,2.5695,2.447,2.5374,2.4762,0.06119999999999992,2.4715,5640.86,4842.716
600614.SH,20071113,2.5753,2.6249,2.447,2.4762,2.5753,-0.09909999999999997,-3.8481,5385.16,4660.37
600614.SH,20071109,2.5432,2.6482,2.5432,2.5753,2.6686,-0.09330000000000016,-3.4962,5061.1,4480.759
600614.SH,20071108,2.7853,2.797,2.6628,2.6686,2.7824,-0.1137999999999999,-4.09,5477.6,5143.577
600614.SH,20071107,2.7591,2.7853,2.7241,2.7824,2.7591,0.023299999999999876,0.8445,3132.52,2950.318
600614.SH,20071106,2.7503,2.7999,2.7124,2.7591,2.7503,0.008799999999999919,0.32,3095.3,2923.25
600614.SH,20071105,2.7445,2.8145,2.7007,2.7503,2.7416,0.008700000000000152,0.3173,3546.7,3336.101
600614.SH,20071102,2.8728,2.8728,2.7328,2.7416,2.8728,-0.13119999999999976,-4.567,7561.53,7149.924
600614.SH,20071101,3.004,3.004,2.867,2.8728,2.9574,-0.08460000000000001,-2.8606,8182.66,8222.061
600614.SH,20071031,2.8407,2.9574,2.8291,2.9574,2.8174,0.13999999999999968,4.9691,14515.51,14695.721
600614.SH,20071030,2.8291,2.8291,2.6861,2.8174,2.8261,-0.008699999999999708,-0.3078,6323.89,5959.059
600614.SH,20071029,2.9107,2.9107,2.7824,2.8261,2.9282,-0.10210000000000008,-3.4868,15152.56,14523.743
600614.SH,20071026,3.0624,3.0624,2.9282,2.9282,3.0828,-0.1546000000000003,-5.0149,16893.41,17043.085
600614.SH,20071025,2.9399,3.0857,2.9399,3.0828,2.9399,0.14290000000000003,4.8607,36254.91,38130.571
600614.SH,20071024,2.9311,3.007,2.9311,2.9399,2.9311,0.008800000000000363,0.3002,8968.31,9166.979
600614.SH,20071023,2.9457,3.0507,2.9253,2.9311,3.0799,-0.14880000000000004,-4.8313,16223.52,16302.312
600614.SH,20071022,3.2111,3.2111,3.0799,3.0799,3.2432,-0.1633,-5.0352,6282.52,6674.063
600614.SH,20071019,3.1732,3.3424,3.0945,3.2432,3.2024,0.04079999999999995,1.274,5904.98,6618.889
600614.SH,20071018,3.3225,3.3225,3.1578,3.2024,3.2693,-0.06689999999999996,-2.0463,7740.23,14455.773
600614.SH,20071017,3.3465,3.3774,3.2401,3.2693,3.3362,-0.06689999999999996,-2.0053,7279.93,13887.12
600614.SH,20071016,3.4186,3.4598,3.2573,3.3362,3.41,-0.07380000000000031,-2.1642,8296.38,16066.466
600614.SH,20071015,3.3465,3.41,3.3397,3.41,3.247,0.16300000000000026,5.02,13835.28,27438.082
600614.SH,20071012,3.3946,3.4186,3.2178,3.247,3.3877,-0.14070000000000027,-4.1533,10008.73,19058.516
600614.SH,20071011,3.4632,3.4667,3.3465,3.3877,3.4495,-0.061799999999999855,-1.7916,3034.26,6054.783
600614.SH,20071010,3.5044,3.5096,3.4289,3.4495,3.5096,-0.06009999999999982,-1.7124,3943.06,7938.976
600614.SH,20071009,3.4341,3.537,3.398,3.5096,3.4684,0.0411999999999999,1.1879,5032.13,10119.447
600614.SH,20071008,3.5868,3.5868,3.4255,3.4684,3.477,-0.008599999999999941,-0.2473,6453.59,13054.913
600614.SH,20070927,3.4169,3.5182,3.4135,3.477,3.4118,0.06519999999999992,1.911,6219.93,12567.745
600614.SH,20070926,3.3929,3.4203,3.3517,3.4118,3.3929,0.018899999999999917,0.557,1967.54,3889.24
600614.SH,20070925,3.501,3.5044,3.3259,3.3929,3.501,-0.10809999999999986,-3.0877,6169.75,12219.048
600614.SH,20070924,3.5353,3.6057,3.4341,3.501,3.513,-0.01200000000000001,-0.3416,10791.55,22347.552
600614.SH,20070921,3.3397,3.5233,3.3122,3.513,3.3586,0.15439999999999987,4.5972,10230.5,20640.434
600614.SH,20070920,3.3294,3.386,3.2985,3.3586,3.3174,0.0411999999999999,1.2419,3674.55,7175.363
600614.SH,20070919,3.501,3.5164,3.283,3.3174,3.4547,-0.13729999999999976,-3.9743,5384.29,10542.647
600614.SH,20070918,3.5542,3.5817,3.4152,3.4547,3.4753,-0.02059999999999995,-0.5928,7540.15,15359.213
600614.SH,20070917,3.3105,3.4753,3.2745,3.4753,3.3105,0.1647999999999996,4.9781,9518.51,19053.414
600614.SH,20070914,3.3208,3.3328,3.2642,3.3105,3.3174,-0.006899999999999906,-0.208,3052.96,5872.466
600614.SH,20070913,3.3088,3.3431,3.2264,3.3174,3.2813,0.03610000000000024,1.1002,3122.19,5963.448
600614.SH,20070912,3.2779,3.338,3.2007,3.2813,3.2727,0.008599999999999941,0.2628,4275.56,8124.293
600614.SH,20070911,3.3551,3.4958,3.2624,3.2727,3.3568,-0.08409999999999984,-2.5054,9396.43,18561.883
600614.SH,20070910,3.1818,3.3723,3.1749,3.3568,3.2813,0.0754999999999999,2.3009,6676.23,12790.217
600614.SH,20070907,3.4152,3.4238,3.2624,3.2813,3.4169,-0.13560000000000016,-3.9685,10820.76,20858.689
600614.SH,20070906,3.477,3.4821,3.398,3.4169,3.4667,-0.049799999999999844,-1.4365,10283.24,20568.996
600614.SH,20070905,3.4461,3.4838,3.4015,3.4667,3.4461,0.02059999999999995,0.5978,7402.25,14789.495
600614.SH,20070904,3.4461,3.4993,3.3997,3.4461,3.4461,0.0,0.0,7423.52,14907.644
600614.SH,20070903,3.4581,3.5027,3.3757,3.4461,3.4564,-0.010299999999999976,-0.298,11416.96,22782.143
600614.SH,20070831,3.513,3.5439,3.4255,3.4564,3.5044,-0.04800000000000004,-1.3697,6501.19,13115.828
600614.SH,20070830,3.338,3.5096,3.338,3.5044,3.3723,0.13209999999999988,3.9172,6160.2,12305.23
600614.SH,20070829,3.4598,3.501,3.3311,3.3723,3.4976,-0.12529999999999974,-3.5825,11738.96,23267.754
600614.SH,20070828,3.5696,3.6846,3.4358,3.4976,3.6091,-0.11150000000000038,-3.0894,16496.8,33778.021
600614.SH,20070827,3.604,3.7704,3.5714,3.6091,3.604,0.0051000000000001044,0.1415,11235.0,24071.93
600614.SH,20070824,3.5353,3.6554,3.5353,3.604,3.6143,-0.010299999999999976,-0.285,10448.89,21863.918
600614.SH,20070823,3.7155,3.755,3.5611,3.6143,3.6486,-0.0343,-0.9401,14154.6,30034.829
600614.SH,20070822,3.4152,3.6486,3.3894,3.6486,3.4753,0.17330000000000023,4.9866,20783.39,43884.529
600614.SH,20070821,3.3122,3.4753,3.2642,3.4753,3.3105,0.1647999999999996,4.9781,20617.94,40579.42
600614.SH,20070820,3.2436,3.3603,3.2178,3.3105,3.2007,0.10980000000000034,3.4305,12918.74,24900.453
600614.SH,20070817,3.3019,3.3431,3.1766,3.2007,3.2985,-0.09780000000000033,-2.965,11872.8,22505.407
600614.SH,20070816,3.1543,3.2985,3.1303,3.2985,3.1406,0.15790000000000015,5.0277,17772.35,33934.807
600614.SH,20070815,3.2607,3.2951,3.1303,3.1406,3.2951,-0.15450000000000008,-4.6888,18070.42,33446.753
600614.SH,20070814,3.4838,3.4924,3.2642,3.2951,3.41,-0.1149,-3.3695,18506.02,36085.811
600614.SH,20070813,3.41,3.41,3.3483,3.41,3.247,0.16300000000000026,5.02,18330.51,36404.505
600614.SH,20070810,3.0994,3.247,3.0599,3.247,3.0925,0.15450000000000008,4.996,30252.29,56575.32
600614.SH,20070809,3.132,3.1492,2.9553,3.0925,3.1114,-0.01890000000000036,-0.6074,25620.77,44847.778
600614.SH,20070808,3.2436,3.3414,3.0222,3.1114,3.1818,-0.0703999999999998,-2.2126,35088.38,64534.898
600614.SH,20070807,3.1818,3.1818,3.1114,3.1818,3.0308,0.1509999999999998,4.9822,11490.37,21260.445
600614.SH,20070806,3.0308,3.0308,3.0308,3.0308,2.8866,0.1442000000000001,4.9955,1847.08,3261.943
600614.SH,20070803,2.8866,2.8866,2.8866,2.8866,2.7493,0.1373000000000002,4.994,4682.65,7876.217
600614.SH,20070802,2.7476,2.7493,2.7476,2.7493,2.6189,0.13039999999999985,4.9792,1448.93,2321.166
600614.SH,20070801,2.6189,2.6189,2.5022,2.6189,2.4936,0.1253000000000002,5.0249,28332.55,43097.015
600614.SH,20070731,2.4936,2.4936,2.4936,2.4936,2.3752,0.11839999999999984,4.9848,1756.34,2551.962
600614.SH,20070730,2.3666,2.3752,2.3597,2.3752,2.2619,0.11330000000000018,5.0091,8626.51,11925.781
600614.SH,20070727,2.1538,2.2619,2.1349,2.2619,2.1538,0.10809999999999986,5.019,12370.46,16105.876
600614.SH,20070726,2.1092,2.1624,2.0903,2.1538,2.1075,0.04630000000000001,2.1969,10471.21,12995.367
600614.SH,20070725,2.1675,2.1675,2.0165,2.1075,2.1229,-0.01540000000000008,-0.7254,11372.67,13701.8
600614.SH,20070724,2.0508,2.1486,2.0457,2.1229,2.0457,0.07719999999999994,3.7738,14431.04,17977.934
600614.SH,20070723,2.0251,2.0749,1.9925,2.0457,1.9976,0.04810000000000003,2.4079,17593.06,20881.741
600614.SH,20070720,1.9976,1.9976,1.9135,1.9976,1.9032,0.09440000000000004,4.9601,20465.61,23712.846
600614.SH,20070719,1.9032,1.9032,1.9032,1.9032,1.8123,0.09089999999999998,5.0157,4192.52,4649.505
600614.SH,20070718,1.8123,1.8123,1.8123,1.8123,1.7265,0.0858000000000001,4.9696,2459.86,2597.612
600614.SH,20070717,1.7265,1.7265,1.7265,1.7265,1.6441,0.08240000000000003,5.0119,249.18,250.675
600614.SH,20070712,1.6441,1.6441,1.6441,1.6441,1.5651,0.07899999999999996,5.0476,3153.84,3021.379
600614.SH,20070711,1.5017,1.5651,1.4999,1.5651,1.4914,0.07369999999999988,4.9417,3479.85,3150.507
600614.SH,20070710,1.5017,1.5017,1.4038,1.4914,1.4759,0.01550000000000007,1.0502,7271.36,6230.746
600614.SH,20070709,1.3987,1.4759,1.3987,1.4759,1.4055,0.07040000000000002,5.0089,10488.1,8918.15
600614.SH,20070706,1.3729,1.4124,1.3129,1.4055,1.3815,0.02400000000000002,1.7372,7003.1,5497.373
600614.SH,20070705,1.4296,1.4553,1.3815,1.3815,1.4536,-0.07210000000000005,-4.9601,4799.66,3891.499
600614.SH,20070704,1.4776,1.4828,1.4364,1.4536,1.4605,-0.006899999999999906,-0.4724,2999.27,2543.378
600614.SH,20070703,1.4536,1.5291,1.4141,1.4605,1.4862,-0.025700000000000056,-1.7292,5110.65,4302.358
600614.SH,20070702,1.4896,1.5017,1.4862,1.4862,1.5651,-0.07889999999999997,-5.0412,4068.95,3529.314
600614.SH,20070629,1.5909,1.596,1.5651,1.5651,1.6475,-0.08240000000000003,-5.0015,4064.83,3711.361
600614.SH,20070628,1.7368,1.8003,1.6475,1.6475,1.7351,-0.08760000000000012,-5.0487,9395.06,9418.172
600614.SH,20070627,1.6338,1.802,1.6338,1.7351,1.7196,0.01550000000000007,0.9014,14052.8,13706.909
600614.SH,20070626,1.7196,1.7196,1.7196,1.7196,1.8106,-0.09099999999999997,-5.026,355.0,355.71
600614.SH,20070622,1.8672,1.8672,1.8106,1.8106,1.9067,-0.09610000000000007,-5.0401,6283.0,6652.983
600614.SH,20070621,1.9564,1.9564,1.9067,1.9067,2.0062,-0.09950000000000014,-4.9596,7076.8,7884.139
600614.SH,20070620,2.08,2.1246,2.0062,2.0062,2.1109,-0.1046999999999998,-4.96,14361.5,17219.993
600614.SH,20070619,2.0903,2.1555,2.0422,2.1109,2.092,0.018899999999999917,0.9034,5445.38,6698.09
600614.SH,20070618,2.0869,2.1315,2.0422,2.092,2.1315,-0.03949999999999987,-1.8532,6573.87,7983.572
600614.SH,20070615,2.1967,2.2877,2.1315,2.1315,2.243,-0.11149999999999993,-4.971,5323.7,6745.347
600614.SH,20070614,2.2448,2.2962,2.1486,2.243,2.231,0.01200000000000001,0.5379,6870.72,8944.465
600614.SH,20070613,2.2104,2.2619,2.1143,2.231,2.1761,0.05489999999999995,2.5229,8189.1,10507.262
600614.SH,20070612,2.1761,2.1761,1.9805,2.1761,2.0731,0.10299999999999976,4.9684,14230.07,17838.103
600614.SH,20070611,2.0714,2.0731,2.0714,2.0731,1.9736,0.09950000000000014,5.0415,2678.13,3234.347
600614.SH,20070608,1.9582,2.0251,1.9393,1.9736,1.9582,0.01540000000000008,0.7864,7801.25,9027.534
600614.SH,20070607,1.8792,2.0045,1.8294,1.9582,1.9255,0.03269999999999995,1.6983,9090.63,10075.526
600614.SH,20070606,1.9101,2.0079,1.9101,1.9255,2.0114,-0.08590000000000009,-4.2707,12510.52,14033.65
600614.SH,20070605,2.0114,2.0114,2.0114,2.0114,2.1178,-0.10639999999999983,-5.0241,206.0,241.432
600614.SH,20070604,2.1178,2.1178,2.1178,2.1178,2.2293,-0.11149999999999993,-5.0016,1616.0,1994.144
600614.SH,20070601,2.2396,2.334,2.2293,2.2293,2.346,-0.11670000000000025,-4.9744,5646.7,7369.726
600614.SH,20070531,2.4044,2.4902,2.3134,2.346,2.4352,-0.08919999999999995,-3.6629,14329.64,19662.601
600614.SH,20070530,2.4713,2.6755,2.4215,2.4352,2.5485,-0.11330000000000018,-4.4458,23562.59,34491.663
600614.SH,20070529,2.5056,2.5485,2.5056,2.5485,2.4267,0.12180000000000035,5.0192,4759.09,7038.29
600614.SH,20070524,2.5399,2.5399,2.4267,2.4267,2.5537,-0.12700000000000022,-4.9732,11714.0,16688.529
600614.SH,20070523,2.5777,2.5811,2.4919,2.5537,2.4576,0.0961000000000003,3.9103,22768.92,34095.223
600614.SH,20070522,2.4301,2.4576,2.382,2.4576,2.3409,0.1166999999999998,4.9853,5145.38,7342.396
600614.SH,20070521,2.2001,2.3409,2.1246,2.3409,2.2293,0.11160000000000014,5.0061,18089.65,24038.036
600614.SH,20070518,2.2139,2.2636,2.2053,2.2293,2.2036,0.025700000000000056,1.1663,12099.81,15784.291
600614.SH,20070517,2.1384,2.2087,2.1023,2.2036,2.1143,0.08929999999999971,4.2236,7877.98,9999.405
600614.SH,20070516,2.1057,2.1418,2.0388,2.1143,2.0886,0.025700000000000056,1.2305,5487.27,6689.219
600614.SH,20070515,2.1624,2.2104,2.0869,2.0886,2.1624,-0.07379999999999987,-3.4129,5816.7,7262.167
600614.SH,20070514,2.1504,2.2139,2.1366,2.1624,2.2259,-0.06350000000000033,-2.8528,5095.24,6462.043
600614.SH,20070511,2.3203,2.3494,2.2156,2.2259,2.3151,-0.08919999999999995,-3.853,7402.36,9791.225
600614.SH,20070510,2.3271,2.3271,2.1401,2.3151,2.2156,0.09950000000000037,4.4909,14994.84,20039.308
600614.SH,20070509,2.1109,2.2224,2.0371,2.2156,2.1418,0.07379999999999987,3.4457,17281.77,21447.332
600614.SH,20070508,2.171,2.1967,2.0628,2.1418,2.171,-0.029199999999999893,-1.345,12565.1,15349.399
600614.SH,20070430,2.1727,2.1967,2.171,2.171,2.2859,-0.1149,-5.0265,19288.37,24428.225
600614.SH,20070427,2.231,2.3014,2.2001,2.2859,2.2207,0.06519999999999992,2.936,8719.04,11583.018
600614.SH,20070426,2.2653,2.2808,2.183,2.2207,2.2653,-0.04459999999999997,-1.9688,6692.34,8699.522
600614.SH,20070425,2.2653,2.2756,2.1795,2.2653,2.2877,-0.022400000000000198,-0.9791,7914.81,10254.342
600614.SH,20070424,2.1984,2.322,2.1967,2.2877,2.2139,0.07379999999999987,3.3335,7645.88,10132.942
600614.SH,20070423,2.1109,2.2327,2.1109,2.2139,2.1263,0.08760000000000012,4.1198,8077.18,10411.538
600614.SH,20070420,2.1504,2.1504,2.0937,2.1263,2.0903,0.03600000000000003,1.7222,7950.43,9885.23
600614.SH,20070419,2.0766,2.1504,1.9702,2.0903,2.0474,0.04289999999999994,2.0953,16178.17,19816.82
600614.SH,20070418,1.9719,2.0474,1.9067,2.0474,1.9496,0.09780000000000011,5.0164,9215.07,10832.512
600614.SH,20070417,1.9685,1.9685,1.905,1.9496,1.8741,0.0754999999999999,4.0286,9189.74,10392.191
600614.SH,20070413,1.9393,1.9479,1.8723,1.8741,1.8706,0.0035000000000000586,0.1871,10198.21,11359.254
600614.SH,20070412,1.778,1.8706,1.7642,1.8706,1.7814,0.08919999999999995,5.0073,10434.87,11300.732
600614.SH,20070411,1.8123,1.8123,1.7694,1.7814,1.8209,-0.03949999999999987,-2.1693,5951.27,6177.415
600614.SH,20070410,1.8294,1.8294,1.7848,1.8209,1.8397,-0.018799999999999928,-1.0219,7083.75,7445.67
600614.SH,20070409,1.802,1.8535,1.7934,1.8397,1.8037,0.03599999999999981,1.9959,5092.76,5430.969
600614.SH,20070406,1.7677,1.8226,1.7471,1.8037,1.7694,0.0343,1.9385,4456.37,4658.541
600614.SH,20070405,1.802,1.802,1.7659,1.7694,1.802,-0.03259999999999996,-1.8091,6776.46,7011.953
600614.SH,20070404,1.85,1.85,1.8003,1.802,1.85,-0.04800000000000004,-2.5946,5392.5,5705.253
600614.SH,20070403,1.8329,1.8655,1.8037,1.85,1.8346,0.01540000000000008,0.8394,7648.44,8176.634
600614.SH,20070402,1.85,1.8826,1.8106,1.8346,1.8415,-0.006899999999999906,-0.3747,7440.28,7978.232
600614.SH,20070330,1.8912,1.9135,1.8037,1.8415,1.8518,-0.010299999999999976,-0.5562,21430.19,23315.054
600614.SH,20070329,1.8518,1.8518,1.802,1.8518,1.7642,0.0875999999999999,4.9654,21974.81,23585.348
600614.SH,20070328,1.6647,1.7642,1.6475,1.7642,1.6801,0.08410000000000006,5.0057,22340.18,22596.465
600614.SH,20070327,1.7694,1.7762,1.6132,1.6801,1.6939,-0.013800000000000034,-0.8147,22911.46,22725.841
600614.SH,20070326,1.6939,1.6939,1.6939,1.6939,1.6132,0.0807,5.0025,1817.33,1793.705
600614.SH,20070323,1.536,1.6132,1.5274,1.6132,1.536,0.07719999999999994,5.026,15616.91,14382.816
600614.SH,20070322,1.4931,1.548,1.4931,1.536,1.4742,0.06180000000000008,4.1921,11860.79,10650.388
600614.SH,20070321,1.409,1.4742,1.4073,1.4742,1.4038,0.07040000000000002,5.015,6597.74,5605.657
600614.SH,20070320,1.3729,1.4158,1.3729,1.4038,1.3901,0.013700000000000045,0.9855,4353.75,3553.316
600614.SH,20070319,1.3215,1.4382,1.3197,1.3901,1.385,0.005099999999999882,0.3682,6259.82,5067.757
600614.SH,20070316,1.4965,1.4965,1.3729,1.385,1.4433,-0.05830000000000002,-4.0394,8222.63,6873.35
600614.SH,20070315,1.385,1.4433,1.3558,1.4433,1.3747,0.0686,4.9902,4563.95,3751.084
600614.SH,20070314,1.3318,1.4038,1.3077,1.3747,1.3558,0.01890000000000014,1.394,4770.13,3746.09
600614.SH,20070313,1.3129,1.3644,1.2871,1.3558,1.3249,0.030899999999999928,2.3323,5626.05,4346.562
600614.SH,20070312,1.294,1.3523,1.294,1.3249,1.294,0.030899999999999928,2.3879,7332.42,5672.12
600614.SH,20070309,1.2288,1.294,1.2253,1.294,1.2322,0.06180000000000008,5.0154,10204.57,7599.157
600614.SH,20070308,1.2339,1.2339,1.1996,1.2322,1.2322,0.0,0.0,3349.62,2379.588
600614.SH,20070307,1.2459,1.2459,1.2185,1.2322,1.2202,0.01200000000000001,0.9834,4123.09,2948.508
600614.SH,20070306,1.2099,1.2356,1.1927,1.2202,1.2082,0.01200000000000001,0.9932,3988.46,2821.787
600614.SH,20070305,1.2185,1.2494,1.1893,1.2082,1.2185,-0.010299999999999976,-0.8453,5797.91,4121.347
600614.SH,20070302,1.1636,1.2425,1.1498,1.2185,1.1876,0.030899999999999928,2.6019,4686.91,3304.734
600614.SH,20070301,1.2065,1.2271,1.1653,1.1876,1.2271,-0.03950000000000009,-3.219,5345.71,3687.181
600614.SH,20070228,1.1636,1.2305,1.1533,1.2271,1.2133,0.013800000000000034,1.1374,10359.36,7151.1
600614.SH,20070227,1.2751,1.3026,1.2133,1.2133,1.2768,-0.06349999999999989,-4.9734,5630.42,4073.207
600614.SH,20070226,1.2219,1.2768,1.2099,1.2768,1.2168,0.05999999999999983,4.931,6386.79,4620.066
600614.SH,20070216,1.2202,1.2614,1.2048,1.2168,1.2185,-0.0016999999999998128,-0.1395,4255.25,3050.263
600614.SH,20070215,1.2408,1.2408,1.1979,1.2185,1.1945,0.02400000000000002,2.0092,9976.87,7099.149
600614.SH,20070214,1.1258,1.1945,1.1241,1.1945,1.1378,0.05669999999999997,4.9833,6838.82,4694.896
600614.SH,20070213,1.1275,1.1413,1.1155,1.1378,1.1327,0.005099999999999882,0.4503,4370.39,2860.518
600614.SH,20070212,1.1138,1.1464,1.1121,1.1327,1.1172,0.01550000000000007,1.3874,5320.85,3495.875
600614.SH,20070209,1.0949,1.1224,1.064,1.1172,1.0812,0.03600000000000003,3.3296,7155.16,4557.252
600614.SH,20070208,1.0554,1.0829,1.04,1.0812,1.052,0.029199999999999893,2.7757,7451.57,4635.195
600614.SH,20070207,1.0469,1.0554,1.0297,1.052,1.0554,-0.0033999999999998476,-0.3222,4985.28,3031.805
600614.SH,20070206,1.0451,1.0589,1.0349,1.0554,1.0486,0.006799999999999917,0.6485,3246.88,1983.416
600614.SH,20070205,1.0246,1.0623,1.0246,1.0486,1.0314,0.017199999999999882,1.6676,4286.6,2613.305
600614.SH,20070202,1.0211,1.052,1.0125,1.0314,1.0246,0.006800000000000139,0.6637,6024.84,3648.881
600614.SH,20070201,1.0091,1.0246,0.9817,1.0246,0.9765,0.04809999999999992,4.9258,6730.16,3968.03
600614.SH,20070131,1.028,1.0297,0.9731,0.9765,1.0246,-0.04809999999999992,-4.6945,7444.83,4355.675
600614.SH,20070130,1.0246,1.0554,1.0143,1.0246,1.0349,-0.010299999999999976,-0.9953,5412.89,3237.029
600614.SH,20070129,1.004,1.0349,1.0005,1.0349,0.9851,0.049799999999999955,5.0553,8032.94,4764.498
600614.SH,20070126,0.9954,0.9954,0.9542,0.9851,1.004,-0.018900000000000028,-1.8825,9650.56,5428.74
600614.SH,20070125,1.0383,1.0572,1.004,1.004,1.052,-0.04800000000000004,-4.5627,6809.84,4087.845
600614.SH,20070124,1.0898,1.0898,1.0486,1.052,1.0383,0.013700000000000045,1.3195,13854.53,8606.152
600614.SH,20070123,0.9971,1.0383,0.9885,1.0383,0.9885,0.049799999999999955,5.0379,12231.18,7263.068
600614.SH,20070122,0.9765,0.9971,0.9662,0.9885,0.9748,0.013700000000000045,1.4054,9069.06,5212.532
600614.SH,20070119,0.9353,0.9782,0.9284,0.9748,0.9387,0.03610000000000002,3.8457,11688.47,6463.008
600614.SH,20070118,0.9336,0.9508,0.9147,0.9387,0.9439,-0.005199999999999982,-0.5509,2510.21,1369.999
600614.SH,20070117,0.9611,0.9696,0.9267,0.9439,0.9628,-0.018900000000000028,-1.963,4547.65,2497.533
600614.SH,20070116,0.9902,0.9954,0.9387,0.9628,0.9885,-0.025700000000000056,-2.5999,6898.92,3834.886
600614.SH,20070115,0.9919,1.0022,0.9559,0.9885,0.9696,0.018900000000000028,1.9493,7247.23,4139.857
600614.SH,20070112,0.9267,0.9696,0.8976,0.9696,0.9233,0.04630000000000001,5.0146,8696.74,4844.0
600614.SH,20070111,0.9405,0.9542,0.9164,0.9233,0.913,0.010299999999999976,1.1281,6456.3,3502.534
600614.SH,20070110,0.9147,0.9182,0.8941,0.913,0.9147,-0.0016999999999999238,-0.1859,3417.24,1801.726
600614.SH,20070109,0.8958,0.9216,0.877,0.9147,0.8941,0.02059999999999995,2.304,4127.04,2171.273
600614.SH,20070108,0.901,0.901,0.8718,0.8941,0.8838,0.010299999999999976,1.1654,2143.61,1105.72
600614.SH,20070105,0.8667,0.8838,0.865,0.8838,0.8701,0.013700000000000045,1.5745,1684.06,854.706
600614.SH,20070104,0.8718,0.8976,0.8581,0.8701,0.8547,0.01539999999999997,1.8018,3584.7,1842.456
600614.SH,20061229,0.8855,0.9061,0.8392,0.8547,0.8838,-0.029100000000000015,-3.2926,5841.84,2937.842
600614.SH,20061228,0.889,0.889,0.8632,0.8838,0.8855,-0.0016999999999999238,-0.192,3015.23,1537.431
600614.SH,20061227,0.889,0.9147,0.8855,0.8855,0.8958,-0.010300000000000087,-1.1498,1801.27,935.761
600614.SH,20061226,0.9233,0.9233,0.8941,0.8958,0.9267,-0.030899999999999928,-3.3344,2752.13,1448.67
600614.SH,20061225,0.9387,0.9387,0.901,0.9267,0.8941,0.03259999999999996,3.6461,8608.64,4656.486
600614.SH,20061222,0.8838,0.9079,0.877,0.8941,0.8804,0.013700000000000045,1.5561,2216.79,1151.686
600614.SH,20061221,0.8958,0.9027,0.8804,0.8804,0.8941,-0.013700000000000045,-1.5323,2938.0,1518.907
600614.SH,20061220,0.8838,0.9182,0.8752,0.8941,0.8907,0.0033999999999999586,0.3817,2866.09,1494.532
600614.SH,20061219,0.901,0.901,0.8615,0.8907,0.8941,-0.0033999999999999586,-0.3803,2724.2,1396.2
600614.SH,20061218,0.9027,0.9027,0.8873,0.8941,0.9027,-0.008599999999999941,-0.9527,2213.5,1151.959
600614.SH,20061215,0.9061,0.9096,0.8873,0.9027,0.901,0.0016999999999999238,0.1887,1343.0,702.855
600614.SH,20061214,0.8907,0.9267,0.8907,0.901,0.8924,0.008600000000000052,0.9637,6166.02,3260.289
600614.SH,20061213,0.8718,0.9061,0.865,0.8924,0.8787,0.013699999999999934,1.5591,1088.22,562.349
600614.SH,20061212,0.8684,0.8787,0.8306,0.8787,0.8718,0.006900000000000017,0.7915,1398.35,702.146
600614.SH,20061211,0.8684,0.8804,0.8615,0.8718,0.8718,0.0,0.0,1179.82,596.005
600614.SH,20061208,0.8598,0.8924,0.8581,0.8718,0.865,0.006800000000000028,0.7861,2129.2,1082.561
600614.SH,20061207,0.8873,0.8873,0.865,0.865,0.8907,-0.025700000000000056,-2.8854,2390.0,1220.372
600614.SH,20061206,0.901,0.925,0.8804,0.8907,0.9079,-0.017199999999999993,-1.8945,2443.02,1275.171
600614.SH,20061205,0.913,0.9147,0.8958,0.9079,0.9061,0.0018000000000000238,0.1987,2464.65,1295.653
600614.SH,20061204,0.9044,0.9147,0.8924,0.9061,0.9096,-0.0034999999999999476,-0.3848,2421.19,1276.119
600614.SH,20061201,0.9199,0.9199,0.8976,0.9096,0.9199,-0.010300000000000087,-1.1197,3468.91,1828.842
600614.SH,20061130,0.8804,0.9319,0.8804,0.9199,0.8907,0.029200000000000004,3.2783,3478.0,1815.744
600614.SH,20061129,0.8941,0.9096,0.877,0.8907,0.8941,-0.0033999999999999586,-0.3803,2144.37,1109.444
600614.SH,20061128,0.8924,0.8958,0.8855,0.8941,0.8924,0.0017000000000000348,0.1905,987.54,512.781
600614.SH,20061127,0.8976,0.9044,0.8804,0.8924,0.8958,-0.0034000000000000696,-0.3795,2212.67,1142.126
600614.SH,20061124,0.913,0.913,0.8821,0.8958,0.8701,0.025700000000000056,2.9537,3246.61,1705.918
600614.SH,20061123,0.8684,0.8804,0.8615,0.8701,0.8701,0.0,0.0,1026.73,518.799
600614.SH,20061122,0.8752,0.8752,0.8615,0.8701,0.8821,-0.01200000000000001,-1.3604,1017.22,515.404
600614.SH,20061121,0.865,0.8873,0.8632,0.8821,0.8735,0.008599999999999941,0.9845,1390.2,709.513
600614.SH,20061120,0.8444,0.8821,0.8444,0.8735,0.8547,0.01880000000000004,2.1996,1304.6,658.185
600614.SH,20061117,0.8838,0.8838,0.8461,0.8547,0.8838,-0.029100000000000015,-3.2926,2013.2,1017.284
600614.SH,20061116,0.8855,0.8873,0.8512,0.8838,0.8444,0.03939999999999999,4.666,4698.66,2424.969
600614.SH,20061115,0.8238,0.8444,0.8049,0.8444,0.8341,0.010300000000000087,1.2349,1012.17,485.512
600614.SH,20061114,0.8495,0.8547,0.8117,0.8341,0.8547,-0.020600000000000063,-2.4102,1372.5,657.641
600614.SH,20061113,0.877,0.9027,0.8495,0.8547,0.8924,-0.037699999999999956,-4.2246,805.57,407.071
600614.SH,20061110,0.9096,0.9096,0.8787,0.8924,0.9096,-0.017199999999999993,-1.8909,847.0,440.849
600614.SH,20061109,0.8941,0.9113,0.8855,0.9096,0.8976,0.01200000000000001,1.3369,1469.56,774.227
600614.SH,20061108,0.9113,0.9113,0.8752,0.8976,0.9113,-0.013700000000000045,-1.5033,1487.44,767.937
600614.SH,20061107,0.9199,0.9422,0.9061,0.9113,0.9096,0.0017000000000000348,0.1869,4475.44,2402.664
600614.SH,20061106,0.8547,0.9096,0.8547,0.9096,0.8667,0.04289999999999994,4.9498,1868.17,976.959
600614.SH,20061103,0.8581,0.8735,0.8547,0.8667,0.8598,0.006900000000000017,0.8025,785.61,395.397
600614.SH,20061102,0.8701,0.8701,0.8512,0.8598,0.8735,-0.013700000000000045,-1.5684,1162.3,580.617
600614.SH,20061101,0.8752,0.8787,0.8598,0.8735,0.865,0.008500000000000063,0.9827,821.75,415.954
600614.SH,20061031,0.8547,0.8701,0.8547,0.865,0.8564,0.008599999999999941,1.0042,1034.1,520.045
600614.SH,20061030,0.8461,0.865,0.8461,0.8564,0.8701,-0.013699999999999934,-1.5745,1331.0,665.3
600614.SH,20061027,0.8873,0.8873,0.8632,0.8701,0.8873,-0.017199999999999993,-1.9385,1071.75,542.535
600614.SH,20061026,0.8838,0.889,0.8718,0.8873,0.8924,-0.005099999999999993,-0.5715,641.91,329.427
600614.SH,20061025,0.8752,0.8924,0.8752,0.8924,0.8855,0.006900000000000017,0.7792,1333.55,686.845
600614.SH,20061024,0.8752,0.8855,0.8598,0.8855,0.8701,0.01539999999999997,1.7699,1088.68,555.456
600614.SH,20061023,0.901,0.9044,0.8598,0.8701,0.9044,-0.0343,-3.7926,2115.99,1080.988
600614.SH,20061020,0.9284,0.9284,0.9027,0.9044,0.9216,-0.017199999999999993,-1.8663,1697.55,899.777
600614.SH,20061019,0.9267,0.9302,0.9164,0.9216,0.9353,-0.013700000000000045,-1.4648,1417.2,761.11
600614.SH,20061018,0.9164,0.9387,0.913,0.9353,0.9216,0.013700000000000045,1.4865,1814.35,980.427
600614.SH,20061017,0.9267,0.9405,0.9216,0.9216,0.9353,-0.013700000000000045,-1.4648,1315.8,710.323
600614.SH,20061016,0.9456,0.9456,0.9267,0.9353,0.937,-0.0017000000000000348,-0.1814,1576.43,857.085
600614.SH,20061013,0.9302,0.949,0.9302,0.937,0.937,0.0,0.0,1831.17,998.299
600614.SH,20061012,0.9611,0.9611,0.9267,0.937,0.9611,-0.0240999999999999,-2.5075,1235.62,680.617
600614.SH,20061011,0.949,0.9696,0.949,0.9611,0.9611,0.0,0.0,1466.52,817.927
600614.SH,20061010,0.9645,0.9679,0.9542,0.9611,0.9628,-0.0017000000000000348,-0.1766,2049.72,1147.847
600614.SH,20061009,0.9353,0.9748,0.9353,0.9628,0.937,0.025799999999999934,2.7535,2077.26,1148.124
600614.SH,20060929,0.9233,0.9542,0.9233,0.937,0.925,0.01200000000000001,1.2973,2726.06,1484.907
600614.SH,20060928,0.913,0.9439,0.913,0.925,0.9267,-0.0016999999999999238,-0.1834,1392.43,757.841
600614.SH,20060927,0.9353,0.9353,0.9079,0.9267,0.9302,-0.0035000000000000586,-0.3763,1666.8,896.754
600614.SH,20060926,0.9611,0.9765,0.9267,0.9302,0.9748,-0.04459999999999997,-4.5753,3679.5,2011.832
600614.SH,20060925,0.9782,0.9799,0.9662,0.9748,0.9782,-0.0033999999999999586,-0.3476,759.2,429.883
600614.SH,20060922,0.9868,1.0091,0.9611,0.9782,0.9954,-0.017199999999999993,-1.7279,2916.0,1670.093
600614.SH,20060921,1.0057,1.0057,0.9782,0.9954,0.9937,0.0016999999999999238,0.1711,4240.78,2459.449
600614.SH,20060920,0.9782,0.9954,0.9765,0.9937,0.9851,0.008600000000000052,0.873,3026.04,1740.538
600614.SH,20060919,1.0091,1.0091,0.9782,0.9851,0.9885,-0.0034000000000000696,-0.344,2061.21,1190.092
600614.SH,20060918,0.9645,0.9988,0.9576,0.9885,0.9696,0.018900000000000028,1.9493,3249.44,1849.741
600614.SH,20060915,0.9714,0.9919,0.9559,0.9696,0.9628,0.006800000000000028,0.7063,2284.15,1293.712
600614.SH,20060914,0.9714,0.9782,0.9456,0.9628,0.9714,-0.008600000000000052,-0.8853,1607.8,899.103
600614.SH,20060913,0.9662,0.9817,0.9645,0.9714,0.9714,0.0,0.0,3441.27,1944.361
600614.SH,20060912,0.9628,0.9782,0.9611,0.9714,0.9628,0.008600000000000052,0.8932,1540.74,872.605
600614.SH,20060911,0.9919,0.9954,0.9422,0.9628,0.9919,-0.029100000000000015,-2.9338,2682.26,1502.993
600614.SH,20060908,1.0091,1.0091,0.9782,0.9919,0.9885,0.0033999999999999586,0.344,1250.74,720.548
600614.SH,20060907,1.0125,1.0417,0.9834,0.9885,1.0228,-0.034299999999999886,-3.3535,3705.25,2154.159
600614.SH,20060906,0.9799,1.0228,0.9765,1.0228,0.9748,0.04799999999999993,4.9241,7040.55,4146.3
600614.SH,20060905,0.9817,0.9937,0.9714,0.9748,0.9817,-0.006900000000000017,-0.7029,1833.7,1045.232
600614.SH,20060904,0.9902,1.0005,0.9782,0.9817,0.9902,-0.008499999999999952,-0.8584,2787.89,1602.648
600614.SH,20060901,0.9782,1.0005,0.9748,0.9902,0.9834,0.006799999999999917,0.6915,1914.22,1098.248
600614.SH,20060831,0.9799,1.0005,0.9782,0.9834,0.9919,-0.008499999999999952,-0.8569,2473.92,1420.726
600614.SH,20060830,0.9954,1.0057,0.9868,0.9919,1.0074,-0.01550000000000007,-1.5386,2129.75,1231.979
600614.SH,20060829,1.0091,1.0143,0.9851,1.0074,1.004,0.0034000000000000696,0.3386,4749.33,2765.537
600614.SH,20060828,0.9919,1.0125,0.9662,1.004,0.9748,0.029200000000000004,2.9955,3035.85,1762.677
600614.SH,20060825,1.0211,1.0211,0.9611,0.9748,1.0057,-0.03090000000000004,-3.0725,4105.62,2364.414
600614.SH,20060824,1.0074,1.0331,0.9971,1.0057,1.0074,-0.0017000000000000348,-0.1688,2988.57,1757.739
600614.SH,20060822,1.004,1.0194,0.9799,1.0074,1.0057,0.0017000000000000348,0.169,4938.97,2890.135
600614.SH,20060821,0.9645,1.0349,0.9456,1.0057,0.9851,0.020600000000000063,2.0912,6189.0,3616.65
600614.SH,20060818,0.9851,0.9851,0.9542,0.9851,0.9387,0.0464,4.943,7449.31,4249.365
600614.SH,20060817,0.9439,0.9628,0.9233,0.9387,0.9611,-0.022399999999999975,-2.3307,2954.82,1626.418
600614.SH,20060816,0.9439,0.9662,0.9267,0.9611,0.9508,0.010299999999999976,1.0833,3410.6,1892.598
600614.SH,20060815,0.9164,0.9525,0.9113,0.9508,0.9164,0.034399999999999986,3.7538,3992.51,2177.846
600614.SH,20060814,0.9147,0.925,0.8941,0.9164,0.913,0.0033999999999999586,0.3724,3441.34,1828.889
600614.SH,20060811,0.9164,0.9164,0.8993,0.913,0.9182,-0.005199999999999982,-0.5663,1361.99,719.234
600614.SH,20060810,0.8941,0.9302,0.8941,0.9182,0.8976,0.020600000000000063,2.295,2736.9,1460.149
600614.SH,20060809,0.9267,0.9353,0.8941,0.8976,0.937,-0.0394000000000001,-4.2049,2947.23,1563.26
600614.SH,20060808,0.8924,0.9422,0.8924,0.937,0.8976,0.0394000000000001,4.3895,4370.13,2364.171
600614.SH,20060807,0.9405,0.9405,0.8976,0.8976,0.9439,-0.04630000000000001,-4.9052,3909.0,2060.541
600614.SH,20060804,0.9645,0.9817,0.9302,0.9439,0.9782,-0.0343,-3.5064,3895.56,2152.565
600614.SH,20060803,0.9422,0.9834,0.9422,0.9782,0.937,0.0411999999999999,4.397,5378.02,3054.892
600614.SH,20060802,0.9353,0.9714,0.9079,0.937,0.9456,-0.008599999999999941,-0.9095,3528.81,1906.981
600614.SH,20060801,0.9576,0.9954,0.9456,0.9456,0.9954,-0.049799999999999955,-5.003,5153.96,2877.793
600614.SH,20060731,1.0297,1.0297,0.9954,0.9954,1.0486,-0.053200000000000025,-5.0734,4461.25,2604.292
600614.SH,20060728,1.0915,1.0915,1.0366,1.0486,1.0795,-0.030899999999999928,-2.8624,8576.07,5284.103
600614.SH,20060727,1.0795,1.0795,1.0297,1.0795,1.028,0.05149999999999988,5.0097,11793.88,7407.625
600614.SH,20060725,0.9851,1.028,0.9851,1.028,0.9782,0.049800000000000066,5.091,8395.28,4957.344
600614.SH,20060724,0.9782,0.9782,0.9439,0.9782,0.9319,0.04630000000000001,4.9683,12220.93,6931.619
600614.SH,20060721,0.8495,0.9319,0.8495,0.9319,0.8873,0.04459999999999997,5.0265,3986.18,2117.083
600614.SH,20060720,0.8873,0.8924,0.8873,0.8873,0.9336,-0.04630000000000001,-4.9593,3724.0,1926.546
600614.SH,20060719,0.9336,0.9456,0.9336,0.9336,0.9834,-0.049800000000000066,-5.0641,4003.19,2182.638
600614.SH,20060718,0.9834,1.0125,0.9834,0.9834,1.0349,-0.05149999999999988,-4.9763,4140.0,2376.994
600614.SH,20060717,1.0331,1.1069,1.0331,1.0349,1.0863,-0.05140000000000011,-4.7317,6306.18,3880.838
600614.SH,20060714,1.0915,1.1121,1.0469,1.0863,1.0915,-0.005199999999999871,-0.4764,15478.91,9678.266
600614.SH,20060713,1.0657,1.0915,1.016,1.0915,1.04,0.05149999999999988,4.9519,32200.96,20099.441
600614.SH,20060712,0.9851,1.04,0.9748,1.04,0.9902,0.049800000000000066,5.0293,14987.48,8907.2
600614.SH,20060711,1.0091,1.0143,0.9799,0.9902,0.9868,0.0033999999999999586,0.3445,18526.61,10782.546
600614.SH,20060710,0.9611,0.9919,0.9525,0.9868,0.9611,0.025700000000000056,2.674,7669.42,4331.378
600614.SH,20060707,0.949,0.9628,0.9422,0.9611,0.9542,0.006899999999999906,0.7231,6340.09,3516.85
600614.SH,20060706,0.9679,0.9679,0.9233,0.9542,0.9422,0.01200000000000001,1.2736,10173.48,5602.902
600614.SH,20060705,0.9817,0.9817,0.913,0.9422,0.9576,-0.01539999999999997,-1.6082,7859.31,4294.28
600614.SH,20060704,0.9885,0.9885,0.9353,0.9576,0.9508,0.006800000000000028,0.7152,16902.98,9355.213
600614.SH,20060703,0.9405,0.9576,0.9027,0.9508,0.9113,0.03949999999999998,4.3345,17662.05,9575.959
600614.SH,20060630,0.9044,0.9113,0.9044,0.9113,0.8684,0.04290000000000005,4.9401,8269.66,4390.003
600614.SH,20060629,0.8667,0.8684,0.8409,0.8684,0.8272,0.0411999999999999,4.9807,24394.89,12239.102
600614.SH,20060628,0.8203,0.8272,0.8203,0.8272,0.7877,0.03950000000000009,5.0146,4223.73,2029.442
600614.SH,20060627,0.7517,0.7877,0.7294,0.7877,0.75,0.037699999999999956,5.0267,10686.31,4853.724
600614.SH,20060626,0.738,0.7637,0.7208,0.75,0.7397,0.010299999999999976,1.3925,6535.47,2822.933
600614.SH,20060623,0.6951,0.7517,0.6933,0.7397,0.7294,0.010299999999999976,1.4121,11728.48,4934.025
600614.SH,20060622,0.7294,0.7431,0.7294,0.7294,0.7671,-0.037699999999999956,-4.9146,2984.0,1268.274
600614.SH,20060621,0.7843,0.786,0.7671,0.7671,0.8083,-0.041200000000000014,-5.0971,2955.0,1324.426
600614.SH,20060620,0.774,0.8907,0.7551,0.8083,1.2717,-0.46340000000000003,-36.4394,20013.81,9698.359
600614.SH,20060515,0.7481,0.7481,0.7319,0.7481,0.7127,0.03539999999999999,4.967,8314.23,6131.042
600614.SH,20060512,0.7067,0.7127,0.6966,0.7127,0.6784,0.0343,5.056,4894.98,3440.004
600614.SH,20060511,0.6411,0.6784,0.6411,0.6784,0.6461,0.032299999999999995,4.9992,7044.58,4702.52
600614.SH,20060510,0.6532,0.6532,0.636,0.6461,0.6562,-0.010099999999999998,-1.5392,4665.65,2983.242
600614.SH,20060509,0.6572,0.6572,0.5946,0.6562,0.6259,0.030299999999999994,4.841,13209.94,8386.9
600614.SH,20060317,0.6168,0.6411,0.6168,0.6259,0.6178,0.008099999999999996,1.3111,2211.21,1373.285
600614.SH,20060316,0.6188,0.6279,0.6057,0.6178,0.6198,-0.0020000000000000018,-0.3227,1209.62,742.256
600614.SH,20060315,0.5997,0.635,0.5956,0.6198,0.6007,0.019100000000000006,3.1796,1503.39,922.058
600614.SH,20060314,0.6007,0.6057,0.5886,0.6007,0.6037,-0.0030000000000000027,-0.4969,398.0,235.138
600614.SH,20060313,0.5976,0.6057,0.5976,0.6037,0.6037,0.0,0.0,383.53,228.066
600614.SH,20060310,0.6118,0.6118,0.5986,0.6037,0.6057,-0.0020000000000000018,-0.3302,401.0,238.963
600614.SH,20060309,0.6027,0.6168,0.6007,0.6057,0.6037,0.0020000000000000018,0.3313,499.71,299.877
600614.SH,20060308,0.5936,0.6037,0.5936,0.6037,0.5976,0.006099999999999994,1.0207,915.89,542.529
600614.SH,20060307,0.6259,0.6259,0.5956,0.5976,0.6259,-0.028299999999999992,-4.5215,1493.09,903.373
600614.SH,20060306,0.638,0.6421,0.6219,0.6259,0.638,-0.0121,-1.8966,957.0,599.329
600614.SH,20060303,0.64,0.6431,0.6279,0.638,0.64,-0.0020000000000000018,-0.3125,919.0,577.889
600614.SH,20060302,0.6562,0.6582,0.638,0.64,0.6592,-0.019199999999999995,-2.9126,1281.0,820.646
600614.SH,20060301,0.6461,0.6663,0.637,0.6592,0.6461,0.0131,2.0275,1964.81,1270.814
600614.SH,20060228,0.6471,0.6552,0.639,0.6461,0.6491,-0.0030000000000000027,-0.4622,888.46,566.184
600614.SH,20060227,0.6542,0.6562,0.6451,0.6491,0.6471,0.0020000000000000018,0.3091,1220.7,787.26
600614.SH,20060224,0.6542,0.6572,0.6431,0.6471,0.6552,-0.008099999999999996,-1.2363,1086.34,696.586
600614.SH,20060223,0.6501,0.6612,0.636,0.6552,0.6511,0.0040999999999999925,0.6297,1809.0,1155.427
600614.SH,20060222,0.6562,0.6693,0.6441,0.6511,0.6592,-0.008099999999999996,-1.2288,2430.66,1579.083
600614.SH,20060221,0.6592,0.6764,0.6511,0.6592,0.6633,-0.0040999999999999925,-0.6181,1913.89,1249.923
600614.SH,20060220,0.6592,0.6865,0.6441,0.6633,0.6612,0.0020999999999999908,0.3176,1959.29,1298.547
600614.SH,20060217,0.6542,0.6885,0.6451,0.6612,0.6542,0.007000000000000006,1.07,4100.03,2705.731
600614.SH,20060216,0.6491,0.6663,0.6421,0.6542,0.6491,0.005099999999999993,0.7857,2365.38,1529.876
600614.SH,20060215,0.6461,0.6612,0.6421,0.6491,0.6552,-0.006099999999999994,-0.931,897.57,579.387
600614.SH,20060214,0.6441,0.6713,0.6421,0.6552,0.6421,0.0131,2.0402,1426.99,924.475
600614.SH,20060213,0.6552,0.6562,0.636,0.6421,0.6501,-0.008000000000000007,-1.2306,1956.41,1246.269
600614.SH,20060210,0.6491,0.6643,0.6411,0.6501,0.6663,-0.016199999999999992,-2.4313,2002.35,1291.317
600614.SH,20060209,0.6855,0.6865,0.6491,0.6663,0.6885,-0.022199999999999998,-3.2244,4894.16,3213.609
600614.SH,20060208,0.6279,0.6905,0.6219,0.6885,0.6279,0.06059999999999999,9.6512,5485.05,3582.098
600614.SH,20060207,0.6178,0.6299,0.6158,0.6279,0.6178,0.010099999999999998,1.6348,3077.06,1895.277
600614.SH,20060206,0.6108,0.6209,0.6057,0.6178,0.6067,0.011099999999999999,1.8296,2445.96,1483.844
600614.SH,20060125,0.6138,0.6148,0.6007,0.6067,0.6138,-0.007099999999999995,-1.1567,3506.42,2110.286
600614.SH,20060124,0.6178,0.6299,0.5855,0.6138,0.6501,-0.0363,-5.5838,8648.79,5163.765
600614.SH,20060123,0.6501,0.6986,0.6501,0.6501,0.7228,-0.07269999999999999,-10.0581,4286.26,2787.215
600614.SH,20060120,0.742,0.742,0.7208,0.7228,0.742,-0.019199999999999995,-2.5876,2184.14,1568.808
600614.SH,20060119,0.7349,0.746,0.7279,0.742,0.738,0.0040000000000000036,0.542,2214.11,1616.446
600614.SH,20060118,0.7329,0.744,0.7248,0.738,0.7299,0.008099999999999996,1.1097,2088.61,1521.919
600614.SH,20060117,0.7218,0.7319,0.7198,0.7299,0.7349,-0.0050000000000000044,-0.6804,1828.3,1312.019
600614.SH,20060116,0.738,0.7662,0.7299,0.7349,0.7319,0.0030000000000000027,0.4099,3913.8,2881.781
600614.SH,20060113,0.742,0.746,0.7198,0.7319,0.742,-0.010099999999999998,-1.3612,4751.0,3443.661
600614.SH,20060112,0.7471,0.7582,0.7208,0.742,0.7471,-0.005099999999999993,-0.6826,5859.35,4259.543
600614.SH,20060111,0.7773,0.7814,0.742,0.7471,0.7683,-0.021199999999999997,-2.7593,7020.54,5302.828
600614.SH,20060110,0.6986,0.7683,0.6925,0.7683,0.6986,0.06969999999999998,9.9771,13660.84,10292.007
600614.SH,20060109,0.6855,0.7006,0.6835,0.6986,0.6895,0.009099999999999997,1.3198,2757.47,1894.714
600614.SH,20060106,0.6865,0.6966,0.6784,0.6895,0.6855,0.0040000000000000036,0.5835,3068.29,2094.874
600614.SH,20060105,0.6814,0.6925,0.6754,0.6855,0.6824,0.0030999999999999917,0.4543,2272.79,1541.344
600614.SH,20060104,0.6703,0.6855,0.6663,0.6824,0.6754,0.007000000000000006,1.0364,1771.26,1184.202
600614.SH,20051230,0.6855,0.6865,0.6683,0.6754,0.6865,-0.011099999999999999,-1.6169,1932.5,1290.867
600614.SH,20051229,0.6885,0.6895,0.6784,0.6865,0.6905,-0.0040000000000000036,-0.5793,2535.88,1718.576
600614.SH,20051228,0.6683,0.7036,0.6673,0.6905,0.6744,0.016100000000000003,2.3873,2976.51,2026.11
600614.SH,20051227,0.6845,0.6845,0.6673,0.6744,0.6865,-0.0121,-1.7626,1302.11,868.533
600614.SH,20051226,0.6885,0.6996,0.6804,0.6865,0.6875,-0.0010000000000000009,-0.1455,1818.24,1236.384
600614.SH,20051223,0.6764,0.6966,0.6713,0.6875,0.6875,0.0,0.0,2876.06,1955.363
600614.SH,20051222,0.6663,0.7158,0.6572,0.6875,0.6663,0.021199999999999997,3.1817,3842.13,2623.508
600614.SH,20051221,0.6612,0.6723,0.6552,0.6663,0.6703,-0.0040000000000000036,-0.5967,1074.0,708.675
600614.SH,20051220,0.6511,0.6703,0.6491,0.6703,0.6643,0.006000000000000005,0.9032,1446.3,943.728
600614.SH,20051219,0.6471,0.6734,0.6471,0.6643,0.6784,-0.014100000000000001,-2.0784,1340.33,882.024
600614.SH,20051216,0.6804,0.6804,0.6713,0.6784,0.6845,-0.006099999999999994,-0.8912,1545.03,1034.721
600614.SH,20051215,0.6814,0.6935,0.6683,0.6845,0.6723,0.012199999999999989,1.8147,4036.8,2736.082
600614.SH,20051214,0.6744,0.6794,0.6542,0.6723,0.6673,0.0050000000000000044,0.7493,1743.0,1155.938
600614.SH,20051213,0.6713,0.6734,0.6481,0.6673,0.6814,-0.014100000000000001,-2.0693,2367.64,1550.805
600614.SH,20051212,0.6764,0.7026,0.6764,0.6814,0.6915,-0.010099999999999998,-1.4606,2642.2,1793.708
600614.SH,20051209,0.6572,0.6946,0.6471,0.6915,0.6511,0.04039999999999999,6.2049,4107.87,2730.986
600614.SH,20051208,0.6441,0.6653,0.6441,0.6511,0.6471,0.0040000000000000036,0.6181,1966.0,1275.048
600614.SH,20051207,0.6481,0.6612,0.6411,0.6471,0.6552,-0.008099999999999996,-1.2363,1266.51,812.425
600614.SH,20051206,0.6542,0.6582,0.6239,0.6552,0.6592,-0.0040000000000000036,-0.6068,1828.65,1163.216
600614.SH,20051205,0.6744,0.6946,0.6572,0.6592,0.7047,-0.045499999999999985,-6.4566,2012.01,1334.862
600614.SH,20051201,0.7269,0.7299,0.6966,0.7047,0.7329,-0.028200000000000003,-3.8477,2872.28,2016.902
600614.SH,20051130,0.6845,0.7339,0.6744,0.7329,0.6946,0.0383,5.514,5431.82,3800.744
600614.SH,20051129,0.7339,0.7339,0.6946,0.6946,0.7309,-0.0363,-4.9665,3259.4,2270.725
600614.SH,20051128,0.7279,0.7521,0.7198,0.7309,0.7471,-0.016199999999999992,-2.1684,2696.4,1951.61
600614.SH,20051125,0.7531,0.7531,0.738,0.7471,0.7521,-0.0050000000000000044,-0.6648,1305.58,963.922
600614.SH,20051124,0.7471,0.7632,0.7471,0.7521,0.7491,0.0030000000000000027,0.4005,1500.0,1118.597
600614.SH,20051123,0.7531,0.7652,0.744,0.7491,0.7471,0.0020000000000000018,0.2677,1414.0,1058.211
600614.SH,20051122,0.7864,0.7864,0.7471,0.7471,0.7864,-0.0393,-4.9975,2904.0,2187.817
600614.SH,20051121,0.7884,0.7975,0.7773,0.7864,0.7905,-0.0040999999999999925,-0.5187,2889.39,2242.042
600614.SH,20051118,0.7703,0.7915,0.7703,0.7905,0.7834,0.007099999999999995,0.9063,3145.25,2440.914
600614.SH,20051117,0.7874,0.7945,0.7783,0.7834,0.7874,-0.0040000000000000036,-0.508,1613.31,1255.942
600614.SH,20051116,0.7844,0.7895,0.7683,0.7874,0.7925,-0.005099999999999993,-0.6435,1936.16,1489.785
600614.SH,20051115,0.7975,0.8137,0.7834,0.7925,0.8006,-0.008099999999999996,-1.0117,2891.6,2285.097
600614.SH,20051114,0.7763,0.8117,0.7683,0.8006,0.7955,0.005099999999999993,0.6411,3033.7,2379.599
600614.SH,20051111,0.7874,0.8167,0.7672,0.7955,0.7925,0.0030000000000000027,0.3785,5731.08,4545.666
600614.SH,20051110,0.7874,0.8177,0.7481,0.7925,0.8036,-0.011099999999999999,-1.3813,3827.17,2983.704
600614.SH,20051109,0.8722,0.8722,0.7955,0.8036,0.7925,0.011099999999999999,1.4006,9842.34,8114.852
600614.SH,20051108,0.7471,0.8076,0.742,0.7925,0.7561,0.03639999999999999,4.8142,7380.44,5723.072
600614.SH,20051107,0.737,0.7622,0.7319,0.7561,0.7531,0.0030000000000000027,0.3984,3313.14,2429.78
600614.SH,20051104,0.7824,0.7824,0.739,0.7531,0.7794,-0.02629999999999999,-3.3744,3581.74,2675.881
600614.SH,20051103,0.8026,0.8066,0.7733,0.7794,0.7985,-0.019100000000000006,-2.392,4214.42,3295.058
600614.SH,20051102,0.7874,0.8016,0.7571,0.7985,0.7854,0.0131,1.6679,6411.04,4996.403
600614.SH,20051101,0.7773,0.7975,0.7602,0.7854,0.7824,0.0030000000000000027,0.3834,3556.76,2742.157
600614.SH,20051031,0.7662,0.7854,0.739,0.7824,0.7662,0.016199999999999992,2.1143,6546.09,4988.162
600614.SH,20051028,0.7804,0.7995,0.7491,0.7662,0.7733,-0.007099999999999995,-0.9181,7130.18,5519.815
600614.SH,20051027,0.7773,0.8006,0.7289,0.7733,0.8096,-0.0363,-4.4837,7574.85,5709.672
600614.SH,20051026,0.85,0.8722,0.7895,0.8096,0.8531,-0.04349999999999998,-5.0991,6157.33,5029.392
600614.SH,20051025,0.8278,0.9116,0.8177,0.8531,0.8419,0.011199999999999988,1.3303,10438.14,9091.127
600614.SH,20051024,0.8763,0.8833,0.8268,0.8419,0.8904,-0.04849999999999999,-5.447,8694.04,7367.008
600614.SH,20051021,0.8177,0.9076,0.8076,0.8904,0.8813,0.009099999999999997,1.0326,18250.02,15807.0
600614.SH,20051020,0.8076,0.9167,0.7571,0.8813,0.8329,0.0484,5.811,27048.73,23168.814
600614.SH,20051019,0.8066,0.8329,0.7905,0.8329,0.7571,0.07579999999999998,10.0119,25763.3,21064.867
600614.SH,20051018,0.7168,0.7571,0.7168,0.7571,0.6885,0.0686,9.9637,6676.98,4942.27
600614.SH,20051017,0.6885,0.6885,0.6885,0.6885,0.6259,0.06259999999999999,10.0016,3230.44,2203.16
600614.SH,20051014,0.637,0.6411,0.6158,0.6259,0.638,-0.0121,-1.8966,2323.0,1434.097
600614.SH,20051013,0.636,0.6633,0.634,0.638,0.6411,-0.0030999999999999917,-0.4835,2287.91,1464.073
600614.SH,20051012,0.636,0.6532,0.636,0.6411,0.638,0.0030999999999999917,0.4859,1688.88,1074.305
600614.SH,20051011,0.6108,0.6461,0.6108,0.638,0.635,0.0030000000000000027,0.4724,2865.82,1804.663
600614.SH,20051010,0.6865,0.6865,0.6299,0.635,0.6996,-0.06459999999999999,-9.2338,4741.8,3024.197
600614.SH,20050929,0.6542,0.6996,0.639,0.6996,0.636,0.06359999999999999,10.0,11270.22,7729.192
600614.SH,20050928,0.6229,0.6511,0.6178,0.636,0.6239,0.0121,1.9394,2598.27,1646.295
600614.SH,20050927,0.6471,0.6633,0.6239,0.6239,0.6471,-0.0232,-3.5852,1784.0,1131.684
600614.SH,20050926,0.6198,0.6501,0.6057,0.6471,0.6209,0.0262,4.2197,2261.55,1418.013
600614.SH,20050923,0.6259,0.6431,0.6168,0.6209,0.635,-0.014100000000000001,-2.2205,1321.04,821.285
600614.SH,20050922,0.6562,0.6814,0.631,0.635,0.6784,-0.043399999999999994,-6.3974,2923.02,1885.126
600614.SH,20050921,0.6996,0.6996,0.6663,0.6784,0.6935,-0.015100000000000002,-2.1774,1937.18,1314.945
600614.SH,20050920,0.7067,0.7097,0.6835,0.6935,0.7016,-0.008099999999999996,-1.1545,2865.03,1958.27
600614.SH,20050919,0.6946,0.7067,0.6905,0.7016,0.6956,0.006000000000000005,0.8626,1515.51,1045.203
600614.SH,20050916,0.7127,0.7127,0.6925,0.6956,0.7147,-0.019100000000000006,-2.6724,2055.0,1421.689
600614.SH,20050915,0.6986,0.7269,0.6986,0.7147,0.6966,0.018100000000000005,2.5983,5155.98,3662.478
600614.SH,20050914,0.6905,0.6976,0.6845,0.6966,0.6875,0.009099999999999997,1.3236,2763.0,1892.957
600614.SH,20050913,0.6754,0.6915,0.6673,0.6875,0.6814,0.006099999999999994,0.8952,2984.22,2012.682
600614.SH,20050912,0.6754,0.6986,0.6673,0.6814,0.6905,-0.009099999999999997,-1.3179,1344.15,908.415
600614.SH,20050909,0.6865,0.7158,0.6865,0.6905,0.6925,-0.0020000000000000018,-0.2888,2229.9,1552.881
600614.SH,20050908,0.7077,0.7137,0.6865,0.6925,0.7067,-0.01419999999999999,-2.0093,2486.19,1718.638
600614.SH,20050907,0.6865,0.7077,0.6774,0.7067,0.6976,0.009099999999999997,1.3045,4402.29,3021.701
600614.SH,20050906,0.7178,0.7289,0.6915,0.6976,0.7319,-0.0343,-4.6864,8625.76,6030.874
600614.SH,20050905,0.6946,0.7521,0.6723,0.7319,0.6855,0.0464,6.7688,12144.15,8488.559
600614.SH,20050902,0.6198,0.6855,0.6158,0.6855,0.6229,0.06259999999999999,10.0498,9568.71,6340.598
600614.SH,20050901,0.6057,0.632,0.6017,0.6229,0.6168,0.006099999999999994,0.989,3317.83,2033.596
600614.SH,20050831,0.6259,0.6259,0.5744,0.6168,0.6168,0.0,0.0,3642.22,2169.358
600614.SH,20050830,0.6289,0.6542,0.6148,0.6168,0.6491,-0.032299999999999995,-4.9761,3044.36,1891.127
600614.SH,20050829,0.634,0.6663,0.6077,0.6491,0.6461,0.0030000000000000027,0.4643,4745.24,3010.334
600614.SH,20050826,0.6946,0.7238,0.6198,0.6461,0.6744,-0.028299999999999992,-4.1963,10648.96,7116.499
600614.SH,20050825,0.6128,0.6744,0.6128,0.6744,0.6128,0.06159999999999999,10.0522,11746.84,7653.632
600614.SH,20050824,0.5633,0.6158,0.5552,0.6128,0.5653,0.04749999999999999,8.4026,7843.74,4656.496
600614.SH,20050823,0.5855,0.5855,0.5562,0.5653,0.5916,-0.02629999999999999,-4.4456,3364.94,1899.448
600614.SH,20050822,0.5805,0.5997,0.5805,0.5916,0.5845,0.007099999999999995,1.2147,3299.14,1922.114
600614.SH,20050819,0.6057,0.631,0.5653,0.5845,0.6249,-0.04039999999999999,-6.465,6631.5,3864.402
600614.SH,20050818,0.6744,0.7168,0.6239,0.6249,0.6804,-0.055499999999999994,-8.157,9182.49,6240.154
600614.SH,20050817,0.6289,0.7168,0.6289,0.6804,0.6633,0.017100000000000004,2.578,10762.34,7204.457
600614.SH,20050816,0.6562,0.6865,0.638,0.6633,0.6562,0.007099999999999995,1.082,8355.5,5504.189
600614.SH,20050815,0.6663,0.6804,0.6198,0.6562,0.6612,-0.0050000000000000044,-0.7562,5084.71,3246.408
600614.SH,20050812,0.6299,0.6865,0.6259,0.6612,0.639,0.022199999999999998,3.4742,10764.66,7081.442
600614.SH,20050811,0.5966,0.6623,0.5886,0.639,0.6017,0.0373,6.1991,11266.6,7006.897
600614.SH,20050810,0.5936,0.631,0.5754,0.6017,0.6017,0.0,0.0,8069.6,4824.558
600614.SH,20050809,0.5936,0.6269,0.5552,0.6017,0.5744,0.02729999999999999,4.7528,13765.31,8025.08
600614.SH,20050808,0.531,0.5744,0.5229,0.5744,0.5219,0.05249999999999999,10.0594,8775.99,4886.08
600614.SH,20050805,0.4725,0.5219,0.4563,0.5219,0.4745,0.04740000000000005,9.9895,8498.79,4250.07
600614.SH,20050804,0.4563,0.4745,0.4422,0.4745,0.4563,0.018199999999999994,3.9886,3003.66,1370.007
600614.SH,20050803,0.4482,0.4714,0.4402,0.4563,0.4482,0.008099999999999996,1.8072,2462.44,1117.984
600614.SH,20050802,0.4341,0.4482,0.4301,0.4482,0.4402,0.008000000000000007,1.8174,1810.27,790.457
600614.SH,20050801,0.4432,0.4492,0.428,0.4402,0.4432,-0.0030000000000000027,-0.6769,1695.16,734.126
600614.SH,20050729,0.4422,0.4553,0.4341,0.4432,0.4513,-0.008099999999999996,-1.7948,2213.63,972.245
600614.SH,20050728,0.4391,0.4593,0.426,0.4513,0.4361,0.015199999999999991,3.4854,4914.27,2164.269
600614.SH,20050727,0.429,0.4391,0.4169,0.4361,0.4361,0.0,0.0,2603.38,1107.692
600614.SH,20050726,0.4139,0.4422,0.4109,0.4361,0.4129,0.0232,5.6188,2918.98,1228.133
600614.SH,20050725,0.4089,0.4301,0.4089,0.4129,0.4058,0.007099999999999995,1.7496,1927.93,791.834
600614.SH,20050722,0.3877,0.4068,0.3856,0.4058,0.3897,0.016100000000000003,4.1314,1682.09,671.987
600614.SH,20050721,0.3937,0.3998,0.3826,0.3897,0.3937,-0.0040000000000000036,-1.016,749.52,289.508
600614.SH,20050720,0.4018,0.4038,0.3887,0.3937,0.3967,-0.0030000000000000027,-0.7562,934.14,366.927
600614.SH,20050719,0.423,0.423,0.3887,0.3967,0.3856,0.011099999999999999,2.8786,1205.7,474.264
600614.SH,20050718,0.419,0.419,0.3806,0.3856,0.4169,-0.031299999999999994,-7.5078,1768.99,684.521
600614.SH,20050715,0.4391,0.4533,0.4149,0.4169,0.4412,-0.02429999999999999,-5.5077,1492.17,628.71
600614.SH,20050714,0.4361,0.4553,0.4341,0.4412,0.4381,0.0030999999999999917,0.7076,1231.83,543.169
600614.SH,20050713,0.4634,0.4644,0.4341,0.4381,0.4644,-0.02629999999999999,-5.6632,1412.61,621.698
600614.SH,20050712,0.4563,0.4694,0.429,0.4644,0.4543,0.010099999999999998,2.2232,1580.65,712.467
600614.SH,20050711,0.4694,0.4977,0.4502,0.4543,0.4906,-0.0363,-7.3991,1821.42,857.965
600614.SH,20050708,0.5108,0.5108,0.4896,0.4906,0.5189,-0.028300000000000047,-5.4538,786.0,385.268
600614.SH,20050707,0.5179,0.5219,0.5098,0.5189,0.5179,0.0010000000000000009,0.1931,647.16,331.073
600614.SH,20050706,0.5108,0.5219,0.4967,0.5179,0.4987,0.01920000000000005,3.85,1024.56,522.074
600614.SH,20050705,0.5027,0.5128,0.4886,0.4987,0.5038,-0.005100000000000049,-1.0123,347.01,172.813
600614.SH,20050704,0.5199,0.535,0.4856,0.5038,0.5391,-0.0353,-6.548,1727.69,856.529
600614.SH,20050701,0.5754,0.5754,0.535,0.5391,0.5754,-0.0363,-6.3087,1866.69,1019.157
600614.SH,20050630,0.5966,0.5986,0.5724,0.5754,0.6057,-0.030299999999999994,-5.0025,598.0,347.911
600614.SH,20050628,0.6209,0.6209,0.6057,0.6057,0.6209,-0.015199999999999991,-2.4481,716.1,433.726
600614.SH,20050627,0.6077,0.6249,0.6077,0.6209,0.6108,0.010099999999999998,1.6536,1225.42,752.563
600614.SH,20050624,0.5916,0.6108,0.5623,0.6108,0.6118,-0.0010000000000000009,-0.1635,944.01,560.673
600614.SH,20050623,0.6239,0.6239,0.6108,0.6118,0.6128,-0.0010000000000000009,-0.1632,675.47,411.635
600614.SH,20050622,0.6158,0.6249,0.6057,0.6128,0.6249,-0.0121,-1.9363,2285.05,1382.169
600614.SH,20050621,0.6259,0.638,0.6209,0.6249,0.6168,0.008099999999999996,1.3132,1443.98,903.491
600614.SH,20050620,0.6209,0.631,0.6077,0.6168,0.6178,-0.0010000000000000009,-0.1619,1562.5,956.73
600614.SH,20050617,0.631,0.635,0.6108,0.6178,0.6289,-0.011099999999999999,-1.765,1171.81,718.298
600614.SH,20050616,0.6209,0.631,0.6067,0.6289,0.6229,0.006000000000000005,0.9632,1050.9,643.97
600614.SH,20050615,0.6239,0.64,0.6168,0.6229,0.631,-0.008099999999999996,-1.2837,1543.5,954.646
600614.SH,20050614,0.636,0.6511,0.6057,0.631,0.6461,-0.015100000000000002,-2.3371,1633.01,1025.881
600614.SH,20050613,0.631,0.6582,0.631,0.6461,0.6259,0.020199999999999996,3.2274,5343.18,3427.132
600614.SH,20050610,0.6168,0.631,0.6087,0.6259,0.631,-0.005099999999999993,-0.8082,3729.33,2279.303
600614.SH,20050609,0.636,0.636,0.6067,0.631,0.634,-0.0030000000000000027,-0.4732,3602.55,2230.058
600614.SH,20050608,0.5906,0.6441,0.5875,0.634,0.6017,0.032299999999999995,5.3681,4871.16,3015.547
600614.SH,20050607,0.6017,0.6138,0.5956,0.6017,0.6138,-0.0121,-1.9713,2521.29,1514.485
600614.SH,20050606,0.6007,0.6158,0.5785,0.6138,0.5835,0.030299999999999994,5.1928,2323.17,1379.172
600614.SH,20050603,0.5684,0.5916,0.5684,0.5835,0.5835,0.0,0.0,627.23,363.314
600614.SH,20050602,0.5805,0.5855,0.5653,0.5835,0.5805,0.0030000000000000027,0.5168,1014.5,580.574
600614.SH,20050601,0.5875,0.6027,0.5805,0.5805,0.5936,-0.0131,-2.2069,1049.99,607.538
600614.SH,20050531,0.6108,0.6158,0.5896,0.5936,0.6178,-0.0242,-3.9171,2835.04,1690.36
600614.SH,20050530,0.5906,0.631,0.5805,0.6178,0.5916,0.0262,4.4287,2957.21,1795.206
600614.SH,20050527,0.5613,0.6037,0.5613,0.5916,0.5603,0.031299999999999994,5.5863,3400.97,1983.309
600614.SH,20050526,0.533,0.5805,0.533,0.5603,0.5764,-0.016100000000000003,-2.7932,1251.52,693.777
600614.SH,20050525,0.5603,0.5785,0.5199,0.5764,0.5704,0.006000000000000005,1.0519,1304.2,734.676
600614.SH,20050524,0.5441,0.5724,0.5421,0.5704,0.5623,0.008099999999999996,1.4405,694.0,388.315
600614.SH,20050523,0.5704,0.5724,0.5613,0.5623,0.5744,-0.0121,-2.1065,1145.58,643.428
600614.SH,20050520,0.5734,0.5845,0.5734,0.5744,0.5805,-0.006099999999999994,-1.0508,1175.0,671.814
600614.SH,20050519,0.5704,0.5805,0.5653,0.5805,0.5805,0.0,0.0,995.8,565.76
600614.SH,20050518,0.5886,0.5886,0.5663,0.5805,0.5633,0.017199999999999993,3.0534,2196.71,1254.914
600614.SH,20050517,0.5532,0.5724,0.5371,0.5633,0.5633,0.0,0.0,1314.28,729.088
600614.SH,20050516,0.5966,0.5966,0.5431,0.5633,0.6017,-0.03839999999999999,-6.3819,3636.1,2002.071
600614.SH,20050513,0.6158,0.6249,0.5956,0.6017,0.6098,-0.008099999999999996,-1.3283,1667.6,992.715
600614.SH,20050512,0.6168,0.633,0.5956,0.6098,0.6249,-0.015100000000000002,-2.4164,1589.16,959.181
600614.SH,20050511,0.6138,0.6451,0.6138,0.6249,0.6188,0.006099999999999994,0.9858,1505.11,935.216
600614.SH,20050510,0.6209,0.6259,0.6067,0.6188,0.6249,-0.006099999999999994,-0.9762,1750.79,1063.852
600614.SH,20050509,0.6612,0.6612,0.6158,0.6249,0.6562,-0.031299999999999994,-4.7699,1488.36,929.062
600614.SH,20050429,0.6673,0.6915,0.6491,0.6562,0.6804,-0.0242,-3.5567,2521.22,1665.473
600614.SH,20050428,0.6774,0.6966,0.6441,0.6804,0.6885,-0.008099999999999996,-1.1765,3299.01,2222.649
600614.SH,20050427,0.6663,0.7057,0.631,0.6885,0.6764,0.0121,1.7889,4871.79,3266.67
600614.SH,20050426,0.6663,0.6875,0.6259,0.6764,0.6774,-0.0010000000000000009,-0.1476,4875.02,3139.516
600614.SH,20050425,0.7168,0.7168,0.6592,0.6774,0.7329,-0.055499999999999994,-7.5727,5400.43,3575.022
600614.SH,20050422,0.8147,0.8147,0.7329,0.7329,0.8147,-0.08179999999999998,-10.0405,5750.91,4300.164
600614.SH,20050421,0.8571,0.8571,0.7864,0.8147,0.8581,-0.043399999999999994,-5.0577,7720.78,6186.651
600614.SH,20050420,0.7975,0.8581,0.7824,0.8581,0.7804,0.07769999999999999,9.9564,15215.88,12497.042
600614.SH,20050419,0.8046,0.8046,0.741,0.7804,0.7763,0.0040999999999999925,0.5281,4009.93,3040.611
600614.SH,20050418,0.744,0.7773,0.744,0.7763,0.7168,0.0595,8.3008,9049.46,6839.495
600614.SH,20050415,0.7349,0.7349,0.6633,0.7168,0.737,-0.020199999999999996,-2.7408,4707.45,3292.991
600614.SH,20050414,0.741,0.7662,0.7218,0.737,0.7471,-0.010099999999999998,-1.3519,2463.52,1809.455
600614.SH,20050413,0.7309,0.7652,0.7309,0.7471,0.7319,0.015199999999999991,2.0768,2129.51,1580.491
600614.SH,20050412,0.7571,0.7642,0.7238,0.7319,0.7683,-0.03639999999999999,-4.7377,2756.95,2010.223
600614.SH,20050411,0.7561,0.7723,0.7511,0.7683,0.7561,0.012199999999999989,1.6135,3214.04,2433.867
600614.SH,20050408,0.7571,0.7844,0.7501,0.7561,0.7723,-0.016199999999999992,-2.0976,4645.34,3496.802
600614.SH,20050407,0.7652,0.8066,0.7481,0.7723,0.7672,0.005099999999999993,0.6648,5957.27,4624.465
600614.SH,20050406,0.7672,0.7824,0.7471,0.7672,0.7895,-0.022299999999999986,-2.8246,3984.01,3017.197
600614.SH,20050405,0.7471,0.8036,0.7359,0.7895,0.7642,0.02529999999999999,3.3107,7298.51,5534.563
600614.SH,20050404,0.7935,0.8228,0.7571,0.7642,0.8329,-0.06869999999999998,-8.2483,6539.59,5077.049
600614.SH,20050401,0.8137,0.8531,0.8066,0.8329,0.7753,0.057599999999999985,7.4294,15012.7,12432.557
600614.SH,20050331,0.7753,0.7753,0.7753,0.7753,0.7047,0.0706,10.0184,4727.11,3630.42
600614.SH,20050330,0.6946,0.7218,0.6794,0.7047,0.6986,0.006099999999999994,0.8732,2017.3,1401.813
600614.SH,20050329,0.6814,0.7238,0.6653,0.6986,0.6734,0.0252,3.7422,2321.15,1599.282
600614.SH,20050328,0.6511,0.7047,0.6511,0.6734,0.6723,0.0010999999999999899,0.1636,571.1,389.945
600614.SH,20050325,0.6643,0.6814,0.6592,0.6723,0.6693,0.0030000000000000027,0.4482,555.5,365.227
600614.SH,20050324,0.6744,0.6744,0.6532,0.6693,0.6663,0.0030000000000000027,0.4502,323.51,212.189
600614.SH,20050323,0.6774,0.7036,0.6612,0.6663,0.6784,-0.0121,-1.7836,506.0,337.355
600614.SH,20050322,0.6875,0.6875,0.6663,0.6784,0.6905,-0.0121,-1.7524,591.0,394.871
600614.SH,20050321,0.7087,0.7087,0.6835,0.6905,0.7107,-0.020199999999999996,-2.8423,169.5,115.806
600614.SH,20050318,0.7127,0.7188,0.6905,0.7107,0.7259,-0.015199999999999991,-2.094,1054.01,731.83
600614.SH,20050317,0.7279,0.74,0.7238,0.7259,0.7218,0.0040999999999999925,0.568,1969.0,1427.278
600614.SH,20050316,0.7218,0.7652,0.7127,0.7218,0.7117,0.010099999999999998,1.4191,1193.01,859.78
600614.SH,20050315,0.7238,0.7238,0.7067,0.7117,0.7218,-0.010099999999999998,-1.3993,390.0,276.753
600614.SH,20050314,0.7168,0.7269,0.7016,0.7218,0.7218,0.0,0.0,797.06,563.782
600614.SH,20050311,0.7047,0.7259,0.6976,0.7218,0.6905,0.031299999999999994,4.5329,655.5,464.37
600614.SH,20050310,0.7248,0.7319,0.6592,0.6905,0.7279,-0.03739999999999999,-5.1381,1090.0,774.963
600614.SH,20050309,0.7238,0.742,0.7228,0.7279,0.743,-0.015100000000000002,-2.0323,1012.99,731.651
600614.SH,20050308,0.7168,0.7511,0.7168,0.743,0.7188,0.0242,3.3667,667.3,481.71
600614.SH,20050307,0.7238,0.7299,0.7168,0.7188,0.7238,-0.0050000000000000044,-0.6908,497.0,355.9
600614.SH,20050304,0.7087,0.7309,0.7087,0.7238,0.7077,0.016100000000000003,2.275,715.6,511.25
600614.SH,20050303,0.7087,0.7137,0.7036,0.7077,0.7077,0.0,0.0,517.6,363.012
600614.SH,20050302,0.7259,0.7269,0.7077,0.7077,0.7259,-0.018199999999999994,-2.5072,683.06,484.878
600614.SH,20050301,0.7208,0.7269,0.7137,0.7259,0.7208,0.005099999999999993,0.7075,729.0,519.552
600614.SH,20050228,0.7359,0.742,0.7208,0.7208,0.7359,-0.015100000000000002,-2.0519,1035.0,749.199
600614.SH,20050225,0.7319,0.739,0.7299,0.7359,0.7309,0.0050000000000000044,0.6841,1049.7,762.587
600614.SH,20050224,0.7289,0.742,0.7259,0.7309,0.744,-0.0131,-1.7608,1091.4,790.313
600614.SH,20050223,0.7895,0.7905,0.7269,0.744,0.7188,0.0252,3.5058,2794.74,2109.211
600614.SH,20050222,0.7006,0.7248,0.6865,0.7188,0.7006,0.018199999999999994,2.5978,1203.39,844.752
600614.SH,20050221,0.6835,0.7047,0.6764,0.7006,0.6835,0.017100000000000004,2.5018,427.0,292.982
600614.SH,20050218,0.6845,0.6865,0.6754,0.6835,0.6814,0.0020999999999999908,0.3082,532.0,359.837
600614.SH,20050217,0.6673,0.6865,0.6673,0.6814,0.6784,0.0030000000000000027,0.4422,410.0,273.649
600614.SH,20050216,0.6764,0.6935,0.6663,0.6784,0.6693,0.009099999999999997,1.3596,535.53,362.162
600614.SH,20050204,0.6542,0.6723,0.6542,0.6693,0.6532,0.016100000000000003,2.4648,731.62,482.041
600614.SH,20050203,0.6734,0.6885,0.6461,0.6532,0.6693,-0.016100000000000003,-2.4055,1445.04,960.493
600614.SH,20050202,0.639,0.6885,0.639,0.6693,0.638,0.031299999999999994,4.906,1522.19,1011.384
600614.SH,20050201,0.6653,0.6744,0.6067,0.638,0.6643,-0.02629999999999999,-3.9591,1610.49,1019.972
600614.SH,20050131,0.7087,0.7168,0.6602,0.6643,0.7208,-0.056499999999999995,-7.8385,1704.4,1159.506
600614.SH,20050128,0.7481,0.7592,0.7178,0.7208,0.7582,-0.03739999999999999,-4.9327,1454.45,1052.547
600614.SH,20050127,0.7571,0.7804,0.7471,0.7582,0.7622,-0.0040000000000000036,-0.5248,911.0,687.505
600614.SH,20050126,0.7985,0.7985,0.745,0.7622,0.8006,-0.03839999999999999,-4.7964,2394.18,1811.97
600614.SH,20050125,0.7693,0.8329,0.7551,0.8006,0.7753,0.02529999999999999,3.2633,3868.87,3066.289
600614.SH,20050124,0.7652,0.7773,0.7501,0.7753,0.7491,0.0262,3.4975,1828.03,1386.722
600614.SH,20050121,0.7814,0.7844,0.7087,0.7491,0.7733,-0.0242,-3.1294,2212.79,1658.868
600614.SH,20050120,0.7874,0.7925,0.7683,0.7733,0.7955,-0.022199999999999998,-2.7907,2300.8,1767.034
600614.SH,20050119,0.8127,0.8127,0.7874,0.7955,0.8177,-0.022199999999999998,-2.7149,1585.84,1252.547
600614.SH,20050118,0.8056,0.8218,0.7895,0.8177,0.8218,-0.0040999999999999925,-0.4989,4140.38,3279.869
600614.SH,20050117,0.7985,0.8531,0.7864,0.8218,0.7884,0.033399999999999985,4.2364,9190.87,7424.948
600614.SH,20050114,0.7248,0.7884,0.7178,0.7884,0.7168,0.0716,9.9888,4105.04,3106.522
600614.SH,20050113,0.7188,0.7289,0.7067,0.7168,0.7178,-0.0010000000000000009,-0.1393,797.11,566.93
600614.SH,20050112,0.7218,0.745,0.7117,0.7178,0.7359,-0.018100000000000005,-2.4596,938.0,678.95
600614.SH,20050111,0.742,0.7551,0.6915,0.7359,0.742,-0.006099999999999994,-0.8221,1265.07,907.859
600614.SH,20050110,0.742,0.743,0.7269,0.742,0.745,-0.0030000000000000027,-0.4027,341.64,248.241
600614.SH,20050107,0.737,0.7521,0.7269,0.745,0.746,-0.0010000000000000009,-0.134,940.04,689.018
600614.SH,20050106,0.741,0.7511,0.7319,0.746,0.744,0.0020000000000000018,0.2688,924.0,678.156
600614.SH,20050105,0.7168,0.7571,0.6915,0.744,0.7269,0.017100000000000004,2.3525,504.77,367.301
600614.SH,20050104,0.737,0.7662,0.7117,0.7269,0.7359,-0.009000000000000008,-1.223,135.0,97.502
600614.SH,20041231,0.7248,0.743,0.7077,0.7359,0.7571,-0.021199999999999997,-2.8002,1246.0,898.802
600614.SH,20041230,0.6986,0.7672,0.6804,0.7571,0.6976,0.0595,8.5292,1056.37,748.961
600614.SH,20041229,0.7208,0.7208,0.6895,0.6976,0.7198,-0.022199999999999998,-3.0842,886.2,616.691
600614.SH,20041228,0.7147,0.7309,0.7097,0.7198,0.7198,0.0,0.0,204.02,145.775
600614.SH,20041227,0.7269,0.7269,0.7188,0.7198,0.7259,-0.006099999999999994,-0.8403,194.7,139.123
600614.SH,20041224,0.7248,0.742,0.7248,0.7259,0.7248,0.0010999999999999899,0.1518,185.21,134.041
600614.SH,20041223,0.74,0.743,0.7248,0.7248,0.744,-0.019199999999999995,-2.5806,363.0,263.697
600614.SH,20041222,0.7188,0.745,0.7097,0.744,0.7168,0.027200000000000002,3.7946,564.77,410.079
600614.SH,20041221,0.7147,0.7238,0.7077,0.7168,0.7147,0.0020999999999999908,0.2938,234.5,166.774
600614.SH,20041220,0.7178,0.7339,0.6784,0.7147,0.7178,-0.0030999999999999917,-0.4319,524.14,366.373
600614.SH,20041217,0.7147,0.7723,0.7147,0.7178,0.7137,0.0040999999999999925,0.5745,564.71,405.523
600614.SH,20041216,0.7289,0.7289,0.7097,0.7137,0.7319,-0.018199999999999994,-2.4867,671.0,477.953
600614.SH,20041215,0.7471,0.7521,0.7188,0.7319,0.746,-0.014100000000000001,-1.8901,569.0,411.847
600614.SH,20041214,0.7571,0.7571,0.738,0.746,0.7481,-0.0020999999999999908,-0.2807,640.0,474.946
600614.SH,20041213,0.7743,0.7965,0.745,0.7481,0.7733,-0.0252,-3.2588,913.0,684.013
600614.SH,20041210,0.7905,0.8036,0.7592,0.7733,0.7895,-0.016199999999999992,-2.0519,580.41,447.634
600614.SH,20041209,0.7935,0.8016,0.7884,0.7895,0.7925,-0.0030000000000000027,-0.3785,896.35,706.28
600614.SH,20041208,0.7864,0.8006,0.7854,0.7925,0.7864,0.006099999999999994,0.7757,646.02,506.072
600614.SH,20041207,0.8207,0.8329,0.7773,0.7864,0.8187,-0.032299999999999995,-3.9453,1334.54,1053.413
600614.SH,20041206,0.8319,0.8399,0.8177,0.8187,0.8319,-0.01319999999999999,-1.5867,2027.82,1668.575
600614.SH,20041203,0.8278,0.8561,0.8026,0.8319,0.8046,0.02729999999999999,3.393,3468.93,2858.776
600614.SH,20041202,0.8006,0.8117,0.7864,0.8046,0.8006,0.0040000000000000036,0.4996,1253.0,991.072
600614.SH,20041201,0.8228,0.8228,0.7925,0.8006,0.8197,-0.019100000000000006,-2.3301,2596.13,2065.625
600614.SH,20041130,0.8278,0.8329,0.8107,0.8197,0.8258,-0.006099999999999994,-0.7387,1808.83,1472.158
600614.SH,20041129,0.8248,0.8359,0.8127,0.8258,0.8238,0.0020000000000000018,0.2428,1880.86,1532.973
600614.SH,20041125,0.8531,0.8581,0.8107,0.8238,0.8672,-0.043399999999999994,-5.0046,4867.12,3988.329
600614.SH,20041124,0.9086,0.9086,0.8652,0.8672,0.9187,-0.05149999999999999,-5.6057,4118.3,3611.419
600614.SH,20041123,0.8965,0.949,0.8682,0.9187,0.8995,0.019199999999999995,2.1345,8108.05,7294.263
600614.SH,20041122,0.843,0.8995,0.8258,0.8995,0.8177,0.08179999999999998,10.0037,10925.71,9432.241
600614.SH,20041119,0.7521,0.8177,0.7521,0.8177,0.743,0.07469999999999999,10.0538,8115.56,6467.401
600614.SH,20041118,0.737,0.7511,0.7248,0.743,0.737,0.006000000000000005,0.8141,683.94,502.908
600614.SH,20041117,0.7349,0.74,0.7248,0.737,0.7359,0.0010999999999999899,0.1495,895.94,649.444
600614.SH,20041116,0.7491,0.7511,0.7289,0.7359,0.7471,-0.011199999999999988,-1.4991,656.0,480.236
600614.SH,20041115,0.7269,0.7561,0.7198,0.7471,0.7269,0.020199999999999996,2.7789,1819.71,1341.91
600614.SH,20041112,0.737,0.7491,0.7067,0.7269,0.745,-0.018100000000000005,-2.4295,1245.91,895.873
600614.SH,20041111,0.7531,0.7672,0.742,0.745,0.7531,-0.008099999999999996,-1.0756,2584.61,1921.679
600614.SH,20041110,0.7349,0.7571,0.7188,0.7531,0.7349,0.018199999999999994,2.4765,3206.29,2340.582
600614.SH,20041109,0.7067,0.7763,0.6784,0.7349,0.7057,0.029200000000000004,4.1377,3569.31,2617.337
600614.SH,20041108,0.6885,0.7158,0.6764,0.7057,0.6956,0.010099999999999998,1.452,1295.89,883.226
600614.SH,20041105,0.7107,0.7117,0.6562,0.6956,0.7006,-0.0050000000000000044,-0.7137,1228.23,825.502
600614.SH,20041104,0.6966,0.7158,0.6865,0.7006,0.6946,0.006000000000000005,0.8638,1235.18,854.798
600614.SH,20041103,0.6956,0.7036,0.6814,0.6946,0.6915,0.0030999999999999917,0.4483,408.99,281.378
600614.SH,20041102,0.6946,0.6946,0.6764,0.6915,0.6865,0.0050000000000000044,0.7283,383.35,258.784
600614.SH,20041101,0.7127,0.7127,0.6865,0.6865,0.7026,-0.016100000000000003,-2.2915,345.0,237.389
600614.SH,20041029,0.7168,0.7168,0.6885,0.7026,0.7248,-0.022199999999999998,-3.0629,973.05,675.516
600614.SH,20041028,0.7218,0.7773,0.6794,0.7248,0.7218,0.0030000000000000027,0.4156,2510.58,1837.387
600614.SH,20041027,0.6925,0.7319,0.6673,0.7218,0.7006,0.021199999999999997,3.026,2080.57,1427.772
600614.SH,20041026,0.6845,0.7057,0.6754,0.7006,0.6845,0.016100000000000003,2.3521,1760.51,1217.947
600614.SH,20041025,0.6966,0.7107,0.6824,0.6845,0.6925,-0.008000000000000007,-1.1552,1073.0,736.451
600614.SH,20041022,0.6562,0.7036,0.6522,0.6925,0.6602,0.032299999999999995,4.8925,2308.29,1568.513
600614.SH,20041021,0.7168,0.7228,0.6522,0.6602,0.7228,-0.06259999999999999,-8.6608,2135.0,1444.378
600614.SH,20041020,0.7571,0.7632,0.7097,0.7228,0.7622,-0.03939999999999999,-5.1692,1117.15,813.268
600614.SH,20041019,0.7561,0.7753,0.744,0.7622,0.7551,0.007099999999999995,0.9403,2321.46,1754.003
600614.SH,20041018,0.8066,0.8066,0.7491,0.7551,0.8218,-0.06669999999999998,-8.1163,3195.62,2400.498
600614.SH,20041015,0.8298,0.8662,0.8218,0.8218,0.9126,-0.09079999999999999,-9.9496,1809.0,1478.038
600614.SH,20041014,0.9409,0.9833,0.9116,0.9126,0.9601,-0.04749999999999999,-4.9474,758.0,721.741
600614.SH,20041013,0.949,0.9661,0.9146,0.9601,0.9611,-0.0010000000000000009,-0.104,718.55,659.541
600614.SH,20041012,0.957,0.9611,0.9429,0.9611,0.9641,-0.0030000000000000027,-0.3112,521.55,493.942
600614.SH,20041011,0.9591,0.9843,0.958,0.9641,0.9661,-0.0020000000000000018,-0.207,450.22,432.038
600614.SH,20041008,0.9399,0.9671,0.9207,0.9661,0.9389,0.027200000000000002,2.897,339.52,315.854
600614.SH,20040930,0.953,0.9782,0.9328,0.9389,0.953,-0.014100000000000001,-1.4795,348.19,327.582
600614.SH,20040929,0.9661,0.9661,0.949,0.953,0.9641,-0.011099999999999999,-1.1513,272.75,258.43
600614.SH,20040928,0.9702,0.9742,0.9479,0.9641,0.9691,-0.0050000000000000044,-0.5159,356.32,339.334
600614.SH,20040927,1.0015,1.0025,0.9601,0.9691,0.9903,-0.021199999999999997,-2.1408,582.6,568.038
600614.SH,20040924,1.0105,1.0237,0.9853,0.9903,1.0055,-0.015200000000000102,-1.5117,1550.89,1553.102
600614.SH,20040923,0.9903,1.0055,0.9722,1.0055,0.9914,0.014100000000000112,1.4222,1544.54,1518.039
600614.SH,20040922,1.0095,1.0095,0.9843,0.9914,1.0095,-0.018100000000000116,-1.793,1860.79,1828.247
600614.SH,20040921,1.0287,1.0368,0.9994,1.0095,1.0267,-0.017199999999999882,-1.6753,1330.5,1328.807
600614.SH,20040920,1.0095,1.0297,0.9853,1.0267,0.9813,0.045399999999999996,4.6265,1664.31,1668.88
600614.SH,20040917,0.9611,0.9843,0.949,0.9813,0.951,0.030299999999999994,3.1861,1376.27,1317.25
600614.SH,20040916,0.9449,0.9641,0.9389,0.951,0.9429,0.008099999999999996,0.8591,727.0,682.591
600614.SH,20040915,0.8944,0.949,0.8944,0.9429,0.8985,0.044399999999999995,4.9416,920.31,854.215
600614.SH,20040914,0.8682,0.9066,0.8682,0.8985,0.8702,0.028299999999999992,3.2521,656.87,579.631
600614.SH,20040913,0.8944,0.8955,0.8702,0.8702,0.9045,-0.0343,-3.7922,299.0,261.81
600614.SH,20040910,0.9136,0.9136,0.8914,0.9045,0.9126,-0.008099999999999996,-0.8876,176.93,158.261
600614.SH,20040909,0.9348,0.9348,0.9106,0.9126,0.9389,-0.02629999999999999,-2.8012,407.0,369.948
600614.SH,20040908,0.9318,0.9681,0.9267,0.9389,0.9318,0.007099999999999995,0.762,402.0,377.29
600614.SH,20040907,0.9187,0.9318,0.9187,0.9318,0.9288,0.0030000000000000027,0.323,117.0,106.934
600614.SH,20040906,0.9187,0.9288,0.9086,0.9288,0.9278,0.0010000000000000009,0.1078,261.0,237.39
600614.SH,20040903,0.9439,0.949,0.9237,0.9278,0.9379,-0.010099999999999998,-1.0769,213.0,196.288
600614.SH,20040902,0.9389,0.957,0.9207,0.9379,0.9278,0.010099999999999998,1.0886,858.0,802.849
600614.SH,20040901,0.9298,0.9298,0.9187,0.9278,0.9399,-0.0121,-1.2874,76.0,69.583
600614.SH,20040831,0.954,0.954,0.9288,0.9399,0.9146,0.02529999999999999,2.7662,525.08,486.502
600614.SH,20040830,0.9086,0.9288,0.9086,0.9146,0.9136,0.0010000000000000009,0.1095,493.0,447.102
600614.SH,20040827,0.9591,0.9591,0.9136,0.9136,0.9469,-0.033299999999999996,-3.5167,225.0,206.027
600614.SH,20040826,0.9671,0.9671,0.9328,0.9469,0.9298,0.017100000000000004,1.8391,192.9,181.497
600614.SH,20040825,0.9419,0.9742,0.9288,0.9298,0.9419,-0.0121,-1.2846,775.0,740.526
600614.SH,20040824,0.9288,0.949,0.9217,0.9419,0.9217,0.020199999999999996,2.1916,184.73,171.872
600614.SH,20040823,0.9136,0.9227,0.9096,0.9217,0.9308,-0.009099999999999997,-0.9777,154.4,140.217
600614.SH,20040820,0.9237,0.9389,0.9066,0.9308,0.9318,-0.0010000000000000009,-0.1073,1009.17,914.881
600614.SH,20040819,0.9358,0.9691,0.9298,0.9318,0.9762,-0.044399999999999995,-4.5482,412.0,382.718
600614.SH,20040818,0.9722,0.9873,0.9712,0.9762,0.9792,-0.0030000000000000027,-0.3064,194.0,187.899
600614.SH,20040817,0.9843,0.9843,0.9691,0.9792,0.9843,-0.005099999999999993,-0.5181,253.0,244.821
600614.SH,20040816,1.0196,1.0196,0.9691,0.9843,1.0196,-0.03530000000000011,-3.4621,467.51,459.273
600614.SH,20040813,1.0297,1.0307,1.0166,1.0196,1.0146,0.0050000000000001155,0.4928,142.0,143.548
600614.SH,20040812,1.0358,1.0378,1.0146,1.0146,1.0348,-0.020199999999999996,-1.9521,428.0,431.871
600614.SH,20040811,1.0247,1.058,1.0247,1.0348,1.0509,-0.016100000000000003,-1.532,561.19,582.887
600614.SH,20040810,1.0499,1.0681,0.9611,1.0509,1.0499,0.0009999999999998899,0.0952,1232.09,1219.729
600614.SH,20040809,1.0479,1.064,1.0449,1.0499,1.0489,0.001000000000000112,0.0953,183.8,192.009
600614.SH,20040806,1.061,1.0762,1.0398,1.0489,1.0762,-0.027300000000000102,-2.5367,727.5,758.596
600614.SH,20040805,1.0852,1.0974,1.061,1.0762,1.0974,-0.021199999999999886,-1.9318,795.94,846.418
600614.SH,20040804,1.055,1.1256,1.055,1.0974,1.0529,0.044499999999999984,4.2264,1638.35,1783.087
600614.SH,20040803,1.057,1.057,1.0398,1.0529,1.0489,0.0040000000000000036,0.3814,173.0,178.924
600614.SH,20040802,1.0408,1.055,1.0358,1.0489,1.059,-0.010099999999999998,-0.9537,105.82,109.055
600614.SH,20040730,1.0378,1.0802,1.0378,1.059,1.0701,-0.01110000000000011,-1.0373,98.91,103.136
600614.SH,20040729,1.059,1.0762,1.0489,1.0701,1.056,0.014100000000000001,1.3352,296.1,312.62
600614.SH,20040728,1.0358,1.057,1.0317,1.056,1.0398,0.016199999999999992,1.558,307.56,317.204
600614.SH,20040727,1.0317,1.0499,1.0317,1.0398,1.0398,0.0,0.0,214.1,219.317
600614.SH,20040726,1.0449,1.055,1.0348,1.0398,1.0449,-0.005099999999999882,-0.4881,391.0,403.087
600614.SH,20040723,1.0509,1.0509,1.0398,1.0449,1.0509,-0.006000000000000005,-0.5709,156.0,161.002
600614.SH,20040722,1.0893,1.0953,1.0499,1.0509,1.0731,-0.022199999999999998,-2.0688,400.0,427.354
600614.SH,20040721,1.0953,1.1367,1.061,1.0731,1.0812,-0.008099999999999996,-0.7492,957.98,1060.78
600614.SH,20040720,1.0852,1.0903,1.0661,1.0812,1.0852,-0.0040000000000000036,-0.3686,376.0,399.387
600614.SH,20040719,1.0822,1.0953,1.058,1.0852,1.0822,0.0029999999999998916,0.2772,348.5,373.278
600614.SH,20040716,1.056,1.0822,1.056,1.0822,1.055,0.027200000000000113,2.5782,1247.71,1317.49
600614.SH,20040715,1.055,1.0994,1.0388,1.055,1.0388,0.016199999999999992,1.5595,953.0,1025.376
600614.SH,20040714,1.061,1.0691,1.0257,1.0388,1.0651,-0.02629999999999999,-2.4693,169.5,173.854
600614.SH,20040713,1.0479,1.0681,1.0479,1.0651,1.058,0.007099999999999884,0.6711,106.0,110.462
600614.SH,20040712,1.0893,1.0893,1.0398,1.058,1.0762,-0.018199999999999994,-1.6911,842.18,871.362
600614.SH,20040709,1.1105,1.1105,1.0711,1.0762,1.0721,0.0040999999999999925,0.3824,122.0,131.196
600614.SH,20040708,1.0903,1.1004,1.0721,1.0721,1.0984,-0.02629999999999999,-2.3944,223.0,239.617
600614.SH,20040707,1.0883,1.163,1.0822,1.0984,1.0802,0.018199999999999994,1.6849,1225.59,1361.419
600614.SH,20040706,1.0762,1.0852,1.055,1.0802,1.0701,0.010099999999999998,0.9438,323.39,342.442
600614.SH,20040705,1.0297,1.0974,1.0297,1.0701,1.0681,0.0020000000000000018,0.1872,625.01,647.088
600614.SH,20040702,1.0782,1.0903,1.0661,1.0681,1.0751,-0.006999999999999895,-0.6511,144.0,153.37
600614.SH,20040701,1.055,1.0963,1.0499,1.0751,1.0489,0.0262,2.4979,408.06,433.377
600614.SH,20040630,1.0418,1.06,1.0408,1.0489,1.0408,0.008099999999999996,0.7782,274.0,286.138
600614.SH,20040629,1.0469,1.0489,1.0297,1.0408,1.0479,-0.007100000000000106,-0.6775,309.0,318.152
600614.SH,20040628,1.0479,1.0701,1.0307,1.0479,1.0499,-0.0020000000000000018,-0.1905,413.0,425.579
600614.SH,20040625,1.1307,1.1327,1.0479,1.0499,1.1347,-0.08479999999999999,-7.4733,667.09,719.917
600614.SH,20040624,1.0913,1.1468,1.0883,1.1347,1.0863,0.0484,4.4555,1225.0,1368.821
600614.SH,20040623,1.1064,1.1064,1.0701,1.0863,1.1085,-0.022199999999999998,-2.0027,340.4,364.423
600614.SH,20040622,1.0792,1.1186,1.0701,1.1085,1.0832,0.0253000000000001,2.3357,855.43,934.958
600614.SH,20040621,1.0439,1.0852,1.0358,1.0832,1.0428,0.04039999999999999,3.8742,431.01,449.542
600614.SH,20040618,1.0348,1.0499,1.0348,1.0428,1.055,-0.012199999999999989,-1.1564,220.41,226.785
600614.SH,20040617,1.0651,1.0802,1.0499,1.055,1.061,-0.006000000000000005,-0.5655,172.68,181.353
600614.SH,20040616,1.06,1.0883,1.0509,1.061,1.059,0.0020000000000000018,0.1889,275.0,289.206
600614.SH,20040615,1.0469,1.0772,1.0247,1.059,1.0449,0.014100000000000001,1.3494,373.79,385.729
600614.SH,20040614,1.1105,1.1105,1.0449,1.0449,1.0943,-0.04940000000000011,-4.5143,704.0,741.729
600614.SH,20040610,1.1085,1.1105,1.0852,1.0943,1.0963,-0.0020000000000000018,-0.1824,302.5,328.497
600614.SH,20040609,1.1266,1.1297,1.0953,1.0963,1.1307,-0.034399999999999986,-3.0424,344.0,378.787
600614.SH,20040608,1.1327,1.1408,1.1105,1.1307,1.1317,-0.0009999999999998899,-0.0884,307.0,341.825
600614.SH,20040607,1.163,1.163,1.1206,1.1317,1.169,-0.03730000000000011,-3.1908,386.55,436.835
600614.SH,20040604,1.162,1.1751,1.1569,1.169,1.1721,-0.0030999999999998806,-0.2645,268.0,309.442
600614.SH,20040603,1.1993,1.1993,1.162,1.1721,1.2074,-0.03530000000000011,-2.9236,828.64,966.195
600614.SH,20040602,1.1559,1.2276,1.1559,1.2074,1.1589,0.04849999999999999,4.185,2327.76,2763.333
600614.SH,20040601,1.1357,1.1589,1.1357,1.1589,1.1357,0.02320000000000011,2.0428,612.02,697.671
600614.SH,20040531,1.1408,1.1408,1.1266,1.1357,1.1357,0.0,0.0,165.13,185.389
600614.SH,20040528,1.1458,1.1509,1.1175,1.1357,1.1307,0.004999999999999893,0.4422,502.7,564.394
600614.SH,20040527,1.1014,1.1398,1.1004,1.1307,1.0984,0.032299999999999995,2.9406,421.93,472.29
600614.SH,20040526,1.0822,1.1095,1.0822,1.0984,1.0953,0.0031000000000001027,0.283,269.28,294.365
600614.SH,20040525,1.1206,1.1398,1.0903,1.0953,1.1196,-0.02429999999999999,-2.1704,455.85,501.932
600614.SH,20040524,1.1408,1.1468,1.1186,1.1196,1.1226,-0.0030000000000001137,-0.2672,264.7,296.645
600614.SH,20040521,1.1256,1.1287,1.1105,1.1226,1.1287,-0.006099999999999994,-0.5404,319.31,353.151
600614.SH,20040520,1.1488,1.1559,1.0751,1.1287,1.1408,-0.0121,-1.0607,620.04,676.212
600614.SH,20040519,1.1276,1.1559,1.1276,1.1408,1.1327,0.008099999999999996,0.7151,438.14,497.477
600614.SH,20040518,1.1115,1.1337,1.1115,1.1327,1.1044,0.028299999999999992,2.5625,429.35,479.262
600614.SH,20040517,1.1488,1.1488,1.1014,1.1044,1.1579,-0.05349999999999988,-4.6204,661.69,733.172
600614.SH,20040514,1.1509,1.167,1.1317,1.1579,1.1488,0.009099999999999886,0.7921,554.21,633.676
600614.SH,20040513,1.169,1.169,1.1408,1.1488,1.1731,-0.02429999999999999,-2.0714,449.0,511.787
600614.SH,20040512,1.1256,1.1741,1.0277,1.1731,1.1256,0.0475000000000001,4.22,1044.35,1111.922
600614.SH,20040511,1.1105,1.1327,1.1105,1.1256,1.1196,0.006000000000000005,0.5359,187.0,207.782
600614.SH,20040510,1.169,1.1741,1.1125,1.1196,1.1549,-0.03530000000000011,-3.0565,353.05,395.454
600614.SH,20040430,1.2094,1.2094,1.1186,1.1549,1.1155,0.0394000000000001,3.532,1205.56,1411.144
600614.SH,20040429,1.1297,1.1589,1.1125,1.1155,1.1357,-0.020199999999999996,-1.7786,431.03,478.824
600614.SH,20040428,1.0651,1.1801,1.0651,1.1357,1.1801,-0.044399999999999995,-3.7624,1485.05,1620.588
600614.SH,20040427,1.2135,1.2165,1.1711,1.1801,1.2114,-0.031300000000000106,-2.5838,657.0,774.015
600614.SH,20040426,1.2427,1.2629,1.2074,1.2114,1.2417,-0.030299999999999994,-2.4402,568.41,686.972
600614.SH,20040423,1.267,1.272,1.2377,1.2417,1.267,-0.025299999999999878,-1.9968,602.0,742.473
600614.SH,20040422,1.2437,1.27,1.2336,1.267,1.2417,0.025299999999999878,2.0375,393.02,487.718
600614.SH,20040421,1.2528,1.2801,1.2316,1.2417,1.2619,-0.020199999999999996,-1.6008,336.01,414.938
600614.SH,20040420,1.27,1.27,1.2417,1.2619,1.2569,0.0050000000000001155,0.3978,297.16,369.616
600614.SH,20040419,1.2518,1.3336,1.2518,1.2569,1.2508,0.006099999999999994,0.4877,622.7,786.483
600614.SH,20040416,1.272,1.273,1.2185,1.2508,1.272,-0.021200000000000108,-1.6667,887.67,1097.366
600614.SH,20040415,1.272,1.3124,1.272,1.272,1.3003,-0.028299999999999992,-2.1764,700.0,889.849
600614.SH,20040414,1.3407,1.3608,1.2993,1.3003,1.3427,-0.04239999999999999,-3.1578,1033.1,1346.853
600614.SH,20040413,1.3548,1.3578,1.3417,1.3427,1.3608,-0.018100000000000005,-1.3301,790.0,1055.123
600614.SH,20040412,1.3558,1.3629,1.3467,1.3608,1.3548,0.006000000000000005,0.4429,491.0,657.907
600614.SH,20040409,1.3911,1.4032,1.3548,1.3548,1.3901,-0.03529999999999989,-2.5394,1245.0,1693.542
600614.SH,20040408,1.4073,1.4133,1.3841,1.3901,1.4063,-0.016200000000000214,-1.152,982.39,1355.121
600614.SH,20040407,1.4255,1.4386,1.4032,1.4063,1.4376,-0.031299999999999883,-2.1772,1112.0,1566.399
600614.SH,20040406,1.4164,1.4668,1.4164,1.4376,1.4416,-0.0040000000000000036,-0.2775,1186.4,1684.036
600614.SH,20040405,1.3931,1.4436,1.3931,1.4416,1.3881,0.0535000000000001,3.8542,2309.13,3256.859
600614.SH,20040402,1.379,1.4113,1.374,1.3881,1.3831,0.004999999999999893,0.3615,1076.09,1483.938
600614.SH,20040401,1.4073,1.4083,1.379,1.3831,1.4012,-0.018100000000000005,-1.2917,1018.0,1403.58
600614.SH,20040331,1.3629,1.4022,1.3629,1.4012,1.3548,0.0464,3.4249,1979.22,2714.685
600614.SH,20040330,1.3346,1.3548,1.3285,1.3548,1.3356,0.019200000000000106,1.4376,878.49,1169.732
600614.SH,20040329,1.3608,1.3608,1.3326,1.3356,1.3467,-0.01110000000000011,-0.8242,489.3,652.38
600614.SH,20040326,1.3336,1.3497,1.3255,1.3467,1.3326,0.014100000000000001,1.0581,774.16,1026.11
600614.SH,20040325,1.3518,1.3518,1.3235,1.3326,1.3366,-0.0040000000000000036,-0.2993,294.8,390.431
600614.SH,20040324,1.3285,1.3407,1.3245,1.3366,1.3285,0.008099999999999996,0.6097,338.2,445.897
600614.SH,20040323,1.3346,1.3346,1.3225,1.3285,1.3336,-0.005099999999999882,-0.3824,349.23,459.967
600614.SH,20040322,1.3356,1.3437,1.3285,1.3336,1.3346,-0.001000000000000112,-0.0749,736.91,973.748
600614.SH,20040319,1.3144,1.3467,1.3124,1.3346,1.3326,0.0020000000000000018,0.1501,752.36,990.7
600614.SH,20040318,1.3679,1.3679,1.3255,1.3326,1.3649,-0.032299999999999995,-2.3665,840.99,1118.4
600614.SH,20040317,1.3548,1.377,1.3507,1.3649,1.3548,0.010099999999999998,0.7455,771.43,1043.767
600614.SH,20040316,1.3518,1.3619,1.3447,1.3548,1.3507,0.0040999999999999925,0.3035,665.87,892.677
600614.SH,20040315,1.3407,1.3528,1.3225,1.3507,1.3407,0.010000000000000009,0.7459,829.48,1098.471
600614.SH,20040312,1.3124,1.3679,1.3124,1.3407,1.3639,-0.023199999999999887,-1.701,891.0,1177.56
600614.SH,20040311,1.378,1.379,1.3376,1.3639,1.3659,-0.0020000000000000018,-0.1464,654.1,884.125
600614.SH,20040310,1.3366,1.3709,1.3366,1.3659,1.3407,0.02519999999999989,1.8796,790.73,1064.269
600614.SH,20040309,1.3427,1.3608,1.3275,1.3407,1.3417,-0.0009999999999998899,-0.0745,707.29,936.795
600614.SH,20040308,1.378,1.3911,1.3336,1.3417,1.3629,-0.021200000000000108,-1.5555,859.8,1149.113
600614.SH,20040305,1.3407,1.382,1.3407,1.3629,1.3407,0.022199999999999998,1.6559,1404.68,1897.006
600614.SH,20040304,1.3205,1.3477,1.3174,1.3407,1.3225,0.018199999999999994,1.3762,684.52,903.494
600614.SH,20040303,1.373,1.373,1.3205,1.3225,1.3588,-0.0363,-2.6715,911.03,1204.056
600614.SH,20040302,1.3649,1.381,1.3245,1.3588,1.3831,-0.02429999999999999,-1.7569,860.2,1157.776
600614.SH,20040301,1.3437,1.3861,1.3437,1.3831,1.3568,0.02629999999999999,1.9384,949.03,1281.638
600614.SH,20040227,1.3306,1.3629,1.3124,1.3568,1.3225,0.0343,2.5936,1316.26,1749.866
600614.SH,20040226,1.3831,1.4032,1.2902,1.3225,1.4083,-0.0858000000000001,-6.0925,2758.57,3682.067
600614.SH,20040225,1.4739,1.479,1.4032,1.4083,1.481,-0.07269999999999999,-4.9088,2390.06,3412.482
600614.SH,20040224,1.4032,1.4971,1.4032,1.481,1.4083,0.07269999999999999,5.1623,4904.46,7059.224
600614.SH,20040223,1.4234,1.4719,1.4043,1.4083,1.4113,-0.0029999999999998916,-0.2126,3368.53,4833.539
600614.SH,20040220,1.3982,1.4386,1.378,1.4113,1.4022,0.009100000000000108,0.649,1757.27,2455.023
600614.SH,20040219,1.374,1.4588,1.3679,1.4022,1.373,0.029199999999999893,2.1267,3816.44,5369.39
600614.SH,20040218,1.3326,1.382,1.3326,1.373,1.3629,0.010099999999999998,0.7411,1951.06,2629.053
600614.SH,20040217,1.3487,1.382,1.3205,1.3629,1.3497,0.0132000000000001,0.978,2477.0,3330.328
600614.SH,20040216,1.2882,1.3528,1.2882,1.3497,1.2882,0.06149999999999989,4.7741,1917.13,2535.793
600614.SH,20040213,1.3124,1.3124,1.2821,1.2882,1.3124,-0.0242,-1.844,1146.0,1469.458
600614.SH,20040212,1.3215,1.3316,1.3023,1.3124,1.3215,-0.009099999999999886,-0.6886,1271.0,1657.051
600614.SH,20040211,1.3507,1.3538,1.3134,1.3215,1.3507,-0.029200000000000115,-2.1618,1184.09,1555.35
600614.SH,20040210,1.3306,1.3891,1.3164,1.3507,1.3285,0.022199999999999998,1.6711,1820.34,2447.127
600614.SH,20040209,1.2922,1.3507,1.2922,1.3285,1.3205,0.008000000000000007,0.6058,1388.3,1818.31
600614.SH,20040206,1.3063,1.3427,1.2922,1.3205,1.3053,0.015200000000000102,1.1645,1933.83,2527.181
600614.SH,20040205,1.3124,1.3275,1.2983,1.3053,1.3326,-0.027300000000000102,-2.0486,1512.04,1961.327
600614.SH,20040204,1.2972,1.3427,1.2225,1.3326,1.2972,0.0354000000000001,2.729,3041.77,3924.842
600614.SH,20040203,1.2821,1.2972,1.2538,1.2972,1.2851,0.0121,0.9416,1697.8,2147.693
600614.SH,20040202,1.2367,1.2922,1.1912,1.2851,1.2417,0.04339999999999988,3.4952,3141.31,3941.653
600614.SH,20040130,1.2003,1.2498,1.1933,1.2417,1.2013,0.04039999999999999,3.363,2433.18,2963.132
600614.SH,20040129,1.1801,1.2013,1.161,1.2013,1.1811,0.020199999999999996,1.7103,1589.3,1863.193
600614.SH,20040116,1.1882,1.2094,1.1791,1.1811,1.1771,0.0040000000000000036,0.3398,834.45,985.599
600614.SH,20040115,1.1852,1.2569,1.1509,1.1771,1.1761,0.001000000000000112,0.085,1152.0,1360.27
600614.SH,20040114,1.1811,1.1912,1.1559,1.1761,1.1811,-0.0050000000000001155,-0.4233,963.35,1112.964
600614.SH,20040113,1.169,1.1862,1.169,1.1811,1.1852,-0.0040999999999999925,-0.3459,751.47,875.697
600614.SH,20040112,1.1711,1.272,1.1589,1.1852,1.1599,0.0253000000000001,2.1812,1396.62,1667.198
600614.SH,20040109,1.167,1.1862,1.1488,1.1599,1.167,-0.007100000000000106,-0.6084,1280.64,1482.249
600614.SH,20040108,1.1599,1.1711,1.1408,1.167,1.1478,0.019200000000000106,1.6728,1656.73,1897.055
600614.SH,20040107,1.1488,1.164,1.1367,1.1478,1.1731,-0.0253000000000001,-2.1567,690.9,784.056
600614.SH,20040106,1.1751,1.1751,1.1287,1.1731,1.1993,-0.0262,-2.1846,1251.44,1425.416
600614.SH,20040105,1.1105,1.2094,1.0802,1.1993,1.1004,0.09889999999999999,8.9876,1042.02,1160.972
600614.SH,20040102,1.0883,1.1155,1.0883,1.1004,1.0822,0.018199999999999994,1.6818,218.5,238.049
600614.SH,20031231,1.0701,1.0984,1.0701,1.0822,1.0883,-0.006099999999999994,-0.5605,179.0,192.853
600614.SH,20031230,1.1054,1.1105,1.0751,1.0883,1.1054,-0.017099999999999893,-1.547,385.0,414.666
600614.SH,20031229,1.1206,1.1408,1.1054,1.1054,1.1226,-0.017200000000000104,-1.5322,451.52,500.699
600614.SH,20031226,1.1206,1.1387,1.1206,1.1226,1.1357,-0.01309999999999989,-1.1535,232.97,259.581
600614.SH,20031225,1.1135,1.1357,1.1105,1.1357,1.1206,0.015099999999999891,1.3475,472.0,526.46
600614.SH,20031224,1.1105,1.1216,1.1034,1.1206,1.1135,0.007100000000000106,0.6376,473.1,521.277
600614.SH,20031223,1.1064,1.1408,1.1004,1.1135,1.1054,0.008099999999999996,0.7328,467.85,519.23
600614.SH,20031222,1.1105,1.1155,1.0701,1.1054,1.1105,-0.0051000000000001044,-0.4593,1190.74,1282.817
600614.SH,20031219,1.1973,1.2074,1.0923,1.1105,1.2023,-0.09179999999999988,-7.6354,2262.29,2538.003
600614.SH,20031218,1.2377,1.2437,1.1923,1.2023,1.2397,-0.0374000000000001,-3.0169,1484.06,1789.364
600614.SH,20031217,1.1902,1.3003,1.1791,1.2397,1.1993,0.04039999999999999,3.3686,4779.35,5930.091
600614.SH,20031216,1.1509,1.2084,1.1155,1.1993,1.1599,0.0394000000000001,3.3968,2686.12,3126.869
600614.SH,20031215,1.164,1.1791,1.1428,1.1599,1.168,-0.008099999999999996,-0.6935,741.11,850.996
600614.SH,20031212,1.1115,1.1761,1.1115,1.168,1.1135,0.05449999999999999,4.8945,2225.25,2554.287
600614.SH,20031211,1.1317,1.1448,1.1105,1.1135,1.1357,-0.022199999999999998,-1.9547,357.0,397.336
600614.SH,20031210,1.1206,1.1408,1.1085,1.1357,1.1206,0.015099999999999891,1.3475,307.0,342.122
600614.SH,20031209,1.1317,1.1458,1.1105,1.1206,1.1317,-0.011099999999999888,-0.9808,403.24,446.968
600614.SH,20031208,1.1337,1.1539,1.1317,1.1317,1.1317,0.0,0.0,291.5,328.472
600614.SH,20031205,1.1408,1.1761,1.1307,1.1317,1.1287,0.0029999999999998916,0.2658,510.0,576.479
600614.SH,20031204,1.1529,1.1529,1.1216,1.1287,1.1519,-0.023199999999999887,-2.0141,796.29,892.244
600614.SH,20031203,1.1741,1.1741,1.1509,1.1519,1.1741,-0.022199999999999998,-1.8908,697.96,804.914
600614.SH,20031202,1.1599,1.1842,1.1468,1.1741,1.1307,0.04339999999999988,3.8383,1383.07,1601.544
600614.SH,20031128,1.1054,1.1408,1.1054,1.1307,1.1226,0.008099999999999996,0.7215,682.6,763.836
600614.SH,20031127,1.1731,1.1872,1.1125,1.1226,1.1731,-0.05049999999999999,-4.3048,1327.78,1504.471
600614.SH,20031126,1.1307,1.2013,1.1004,1.1731,1.1398,0.03330000000000011,2.9216,2490.83,2859.864
600614.SH,20031125,1.1064,1.167,1.0822,1.1398,1.0802,0.059599999999999875,5.5175,1979.16,2217.976
600614.SH,20031124,1.0348,1.0863,1.0348,1.0802,1.0277,0.05249999999999999,5.1085,1094.81,1156.841
600614.SH,20031121,1.059,1.0731,1.0166,1.0277,1.0539,-0.0262,-2.486,832.0,867.609
600614.SH,20031120,1.0085,1.06,1.0085,1.0539,1.0105,0.043400000000000105,4.2949,966.01,1002.147
600614.SH,20031119,0.9833,1.0196,0.9762,1.0105,0.9843,0.0262,2.6618,463.7,458.965
600614.SH,20031118,0.9641,0.9903,0.9601,0.9843,0.9944,-0.010099999999999998,-1.0157,260.01,249.969
600614.SH,20031117,1.0075,1.0075,0.9813,0.9944,0.9984,-0.0040000000000000036,-0.4006,146.0,143.668
600614.SH,20031114,0.9893,0.9994,0.9671,0.9984,0.9893,0.009099999999999997,0.9198,284.0,278.549
600614.SH,20031113,1.0085,1.0095,0.9742,0.9893,1.0095,-0.020200000000000107,-2.001,482.5,472.072
600614.SH,20031112,1.0196,1.0216,1.0095,1.0095,1.0196,-0.010099999999999998,-0.9906,227.0,228.108
600614.SH,20031111,1.0105,1.0297,1.0105,1.0196,1.0358,-0.016199999999999992,-1.564,99.1,100.29
600614.SH,20031110,1.0156,1.0358,1.0095,1.0358,1.0418,-0.006000000000000005,-0.5759,431.0,434.173
600614.SH,20031107,1.0852,1.0852,1.0095,1.0418,1.0731,-0.031299999999999883,-2.9168,638.33,648.199
600614.SH,20031106,1.1165,1.1196,1.0711,1.0731,1.1337,-0.06059999999999999,-5.3453,503.21,541.258
600614.SH,20031105,1.1307,1.1488,1.1155,1.1337,1.1387,-0.0050000000000001155,-0.4391,860.99,969.821
600614.SH,20031104,1.1105,1.1408,1.0701,1.1387,1.1085,0.030200000000000005,2.7244,971.74,1066.19
600614.SH,20031103,1.0994,1.1478,1.0953,1.1085,1.1014,0.007100000000000106,0.6446,460.48,510.038
600614.SH,20031031,1.1579,1.1579,1.0711,1.1014,1.1175,-0.016100000000000003,-1.4407,372.21,404.954
600614.SH,20031030,1.1539,1.2013,1.1115,1.1175,1.1539,-0.03639999999999999,-3.1545,496.18,551.034
600614.SH,20031029,1.1832,1.2114,1.1488,1.1539,1.2064,-0.05249999999999999,-4.3518,452.0,521.349
600614.SH,20031028,1.2316,1.2316,1.1811,1.2064,1.2266,-0.020199999999999996,-1.6468,325.3,384.453
600614.SH,20031027,1.2266,1.3275,1.1448,1.2266,1.2064,0.020199999999999996,1.6744,611.27,758.507
600614.SH,20031024,1.2084,1.2508,1.1923,1.2064,1.2246,-0.018199999999999994,-1.4862,341.0,406.88
600614.SH,20031023,1.2468,1.2619,1.2225,1.2246,1.2478,-0.02320000000000011,-1.8593,117.0,143.316
600614.SH,20031022,1.2064,1.2599,1.2064,1.2478,1.2256,0.022199999999999998,1.8114,350.1,430.616
600614.SH,20031021,1.2417,1.2649,1.2114,1.2256,1.2447,-0.019099999999999895,-1.5345,249.0,301.272
600614.SH,20031020,1.2417,1.2447,1.2387,1.2447,1.2417,0.0029999999999998916,0.2416,178.0,218.872
600614.SH,20031017,1.2397,1.2518,1.2397,1.2417,1.2518,-0.010099999999999998,-0.8068,126.0,155.159
600614.SH,20031016,1.268,1.2801,1.2468,1.2518,1.2821,-0.030299999999999994,-2.3633,158.0,197.707
600614.SH,20031015,1.2821,1.3083,1.2781,1.2821,1.2801,0.0020000000000000018,0.1562,411.41,524.685
600614.SH,20031014,1.2841,1.2861,1.272,1.2801,1.2771,0.0030000000000001137,0.2349,118.0,149.69
600614.SH,20031013,1.2791,1.2851,1.2629,1.2771,1.272,0.005099999999999882,0.4009,274.0,347.0
600614.SH,20031010,1.2336,1.2771,1.2336,1.272,1.2619,0.010099999999999998,0.8004,302.5,378.818
600614.SH,20031009,1.2528,1.272,1.2417,1.2619,1.2498,0.0121,0.9682,120.0,148.461
600614.SH,20031008,1.272,1.272,1.2387,1.2498,1.2659,-0.016100000000000003,-1.2718,136.0,168.551
600614.SH,20030930,1.2922,1.3063,1.2468,1.2659,1.275,-0.009099999999999886,-0.7137,268.0,337.613
600614.SH,20030929,1.2023,1.3336,1.2023,1.275,1.3356,-0.06059999999999999,-4.5373,325.0,403.367
600614.SH,20030926,1.3417,1.381,1.3306,1.3356,1.3417,-0.006099999999999994,-0.4546,257.0,345.192
600614.SH,20030925,1.2569,1.3931,1.2569,1.3417,1.379,-0.03730000000000011,-2.7049,509.0,671.194
600614.SH,20030924,1.3931,1.3931,1.375,1.379,1.3931,-0.014100000000000001,-1.0121,131.6,179.87
600614.SH,20030923,1.375,1.3931,1.3679,1.3931,1.3659,0.027200000000000113,1.9914,486.96,668.291
600614.SH,20030922,1.38,1.38,1.3457,1.3659,1.3487,0.017199999999999882,1.2753,119.2,160.557
600614.SH,20030919,1.3427,1.3699,1.3386,1.3487,1.3386,0.010099999999999998,0.7545,125.0,166.605
600614.SH,20030918,1.3467,1.3477,1.3376,1.3386,1.3467,-0.008099999999999996,-0.6015,247.0,328.445
600614.SH,20030917,1.3629,1.3629,1.3447,1.3467,1.373,-0.02629999999999999,-1.9155,65.5,87.804
600614.SH,20030916,1.3639,1.377,1.3427,1.373,1.3639,0.009100000000000108,0.6672,152.71,205.44
600614.SH,20030915,1.3588,1.381,1.3578,1.3639,1.3629,0.0009999999999998899,0.0734,90.0,121.567
600614.SH,20030912,1.3528,1.4032,1.3528,1.3629,1.3881,-0.02519999999999989,-1.8154,127.0,172.505
600614.SH,20030911,1.3699,1.3911,1.3689,1.3881,1.381,0.007099999999999884,0.5141,53.0,72.382
600614.SH,20030910,1.3931,1.3931,1.3689,1.381,1.3689,0.0121,0.8839,124.0,168.815
600614.SH,20030909,1.374,1.3921,1.3649,1.3689,1.38,-0.011099999999999888,-0.8043,55.0,74.646
600614.SH,20030908,1.3649,1.38,1.3649,1.38,1.38,0.0,0.0,92.0,125.051
600614.SH,20030905,1.3952,1.3952,1.374,1.38,1.4063,-0.026300000000000212,-1.8702,328.0,448.116
600614.SH,20030904,1.4143,1.4426,1.4032,1.4063,1.4123,-0.006000000000000005,-0.4248,627.7,882.631
600614.SH,20030903,1.3881,1.4143,1.3881,1.4123,1.4032,0.009100000000000108,0.6485,279.83,389.098
600614.SH,20030902,1.4123,1.4133,1.3831,1.4032,1.4022,0.001000000000000112,0.0713,190.0,264.244
600614.SH,20030901,1.3689,1.4032,1.3689,1.4022,1.377,0.02519999999999989,1.8301,189.5,261.284
600614.SH,20030829,1.3629,1.377,1.3629,1.377,1.375,0.0020000000000000018,0.1455,129.7,175.537
600614.SH,20030828,1.3841,1.4032,1.375,1.375,1.4032,-0.028200000000000003,-2.0097,274.0,377.167
600614.SH,20030827,1.3719,1.4214,1.3639,1.4032,1.3719,0.031300000000000106,2.2815,451.2,624.439
600614.SH,20030826,1.3467,1.3719,1.3447,1.3719,1.3699,0.0020000000000000018,0.146,214.65,288.328
600614.SH,20030825,1.3831,1.3931,1.3629,1.3699,1.4022,-0.032299999999999995,-2.3035,362.0,492.786
600614.SH,20030822,1.376,1.4234,1.376,1.4022,1.3831,0.019099999999999895,1.381,393.0,545.222
600614.SH,20030821,1.3831,1.3831,1.374,1.3831,1.3911,-0.008000000000000007,-0.5751,48.0,65.671
600614.SH,20030820,1.3861,1.4073,1.373,1.3911,1.3861,0.004999999999999893,0.3607,180.0,246.101
600614.SH,20030819,1.4073,1.4073,1.3851,1.3861,1.3881,-0.0019999999999997797,-0.1441,34.0,46.848
600614.SH,20030818,1.3831,1.3881,1.373,1.3881,1.3972,-0.009100000000000108,-0.6513,185.0,252.357
600614.SH,20030815,1.4234,1.4234,1.3831,1.3972,1.3942,0.0029999999999998916,0.2152,144.7,199.488
600614.SH,20030814,1.4032,1.4083,1.3881,1.3942,1.4032,-0.008999999999999897,-0.6414,53.9,74.625
600614.SH,20030813,1.4174,1.4184,1.3992,1.4032,1.3982,0.004999999999999893,0.3576,239.6,333.343
600614.SH,20030812,1.3972,1.4113,1.3972,1.3982,1.3972,0.001000000000000112,0.0716,166.0,230.861
600614.SH,20030811,1.379,1.4022,1.379,1.3972,1.4022,-0.004999999999999893,-0.3566,139.79,192.114
600614.SH,20030808,1.4739,1.4739,1.381,1.4022,1.4184,-0.016200000000000214,-1.1421,159.83,222.777
600614.SH,20030807,1.4325,1.4325,1.3931,1.4184,1.4123,0.006099999999999994,0.4319,108.0,150.228
600614.SH,20030806,1.4224,1.4224,1.3942,1.4123,1.4234,-0.011099999999999888,-0.7798,101.0,140.422
600614.SH,20030805,1.4265,1.4436,1.4234,1.4234,1.4335,-0.010099999999999998,-0.7046,294.83,417.874
600614.SH,20030804,1.3972,1.482,1.374,1.4335,1.381,0.05249999999999999,3.8016,470.92,658.802
600614.SH,20030801,1.377,1.3831,1.3528,1.381,1.377,0.0040000000000000036,0.2905,130.83,176.688
600614.SH,20030731,1.378,1.3972,1.3679,1.377,1.3719,0.0051000000000001044,0.3717,148.0,202.538
600614.SH,20030730,1.373,1.3831,1.3578,1.3719,1.374,-0.002100000000000213,-0.1528,197.01,266.398
600614.SH,20030729,1.3558,1.377,1.3558,1.374,1.3568,0.017200000000000104,1.2677,248.41,336.411
600614.SH,20030728,1.4012,1.4012,1.3548,1.3568,1.3982,-0.0414000000000001,-2.9609,486.5,660.315
600614.SH,20030725,1.4214,1.4234,1.3942,1.3982,1.4355,-0.03729999999999989,-2.5984,577.15,804.008
600614.SH,20030724,1.4699,1.4709,1.3931,1.4355,1.4638,-0.028299999999999992,-1.9333,308.0,439.695
600614.SH,20030723,1.4467,1.4689,1.4467,1.4638,1.4467,0.017099999999999893,1.182,220.75,318.124
600614.SH,20030722,1.4638,1.4891,1.4426,1.4467,1.4618,-0.015099999999999891,-1.033,346.48,498.253
600614.SH,20030721,1.5123,1.5123,1.4547,1.4618,1.5022,-0.04039999999999999,-2.6894,434.89,630.242
600614.SH,20030718,1.5244,1.5244,1.4961,1.5022,1.4971,0.005099999999999882,0.3407,285.18,425.943
600614.SH,20030717,1.5153,1.5193,1.4941,1.4971,1.5294,-0.032299999999999995,-2.1119,694.0,1036.398
600614.SH,20030716,1.5153,1.5345,1.5153,1.5294,1.5325,-0.0030999999999998806,-0.2023,104.0,156.713
600614.SH,20030715,1.5345,1.5345,1.5092,1.5325,1.5173,0.01519999999999988,1.0018,261.02,393.214
600614.SH,20030714,1.5345,1.5345,1.5143,1.5173,1.5395,-0.022199999999999998,-1.442,134.99,203.33
600614.SH,20030711,1.5395,1.5506,1.5355,1.5395,1.5365,0.0030000000000001137,0.1952,221.0,337.675
600614.SH,20030710,1.5224,1.5365,1.5143,1.5365,1.5304,0.006099999999999994,0.3986,380.79,575.511
600614.SH,20030709,1.5254,1.5325,1.5254,1.5304,1.5244,0.006000000000000005,0.3936,116.01,175.822
600614.SH,20030708,1.5436,1.5436,1.5183,1.5244,1.5244,0.0,0.0,149.66,225.935
600614.SH,20030707,1.5002,1.5304,1.5002,1.5244,1.5193,0.005099999999999882,0.3357,156.0,234.822
600614.SH,20030704,1.5244,1.5486,1.5123,1.5193,1.5244,-0.005099999999999882,-0.3346,299.83,450.689
600614.SH,20030703,1.5092,1.5294,1.5092,1.5244,1.5163,0.008099999999999996,0.5342,157.34,236.36
600614.SH,20030702,1.5143,1.5243,1.5103,1.5163,1.5163,0.0,0.0,253.4,382.78
600614.SH,20030701,1.5344,1.5434,1.5153,1.5163,1.5444,-0.028100000000000014,-1.8195,554.0,845.046
600614.SH,20030627,1.5915,1.5915,1.5444,1.5444,1.5654,-0.020999999999999908,-1.3415,331.96,514.71
600614.SH,20030626,1.5644,1.5935,1.5444,1.5654,1.5685,-0.0031000000000001027,-0.1976,417.0,647.294
600614.SH,20030625,1.5815,1.5925,1.5644,1.5685,1.5815,-0.0129999999999999,-0.822,158.0,247.772
600614.SH,20030624,1.5644,1.5815,1.5624,1.5815,1.5644,0.017099999999999893,1.0931,276.0,431.279
600614.SH,20030623,1.5745,1.5865,1.5594,1.5644,1.5795,-0.015099999999999891,-0.956,414.0,646.451
600614.SH,20030620,1.5895,1.6016,1.5795,1.5795,1.5945,-0.015000000000000124,-0.9407,619.93,980.616
600614.SH,20030619,1.6306,1.6537,1.5845,1.5945,1.6477,-0.053199999999999914,-3.2287,1488.77,2386.731
600614.SH,20030618,1.7018,1.7139,1.6046,1.6477,1.7018,-0.05410000000000004,-3.179,1728.27,2853.849
600614.SH,20030617,1.6547,1.7048,1.6397,1.7018,1.6597,0.042100000000000026,2.5366,2889.65,4846.175
600614.SH,20030616,1.6326,1.6898,1.6326,1.6597,1.6106,0.04909999999999992,3.0486,2713.19,4499.196
600614.SH,20030613,1.6206,1.6246,1.5865,1.6106,1.6076,0.0030000000000001137,0.1866,913.0,1456.794
600614.SH,20030612,1.5995,1.6547,1.5955,1.6076,1.6056,0.0020000000000000018,0.1246,1909.99,3105.478
600614.SH,20030611,1.5685,1.6697,1.5685,1.6056,1.5444,0.06119999999999992,3.9627,1586.29,2549.418
600614.SH,20030610,1.5544,1.5765,1.5394,1.5444,1.5695,-0.0250999999999999,-1.5992,279.0,432.824
600614.SH,20030609,1.5985,1.5985,1.5544,1.5695,1.5634,0.006099999999999994,0.3902,433.67,682.056
600614.SH,20030606,1.5584,1.5785,1.5544,1.5634,1.5654,-0.0020000000000000018,-0.1278,386.6,600.756
600614.SH,20030605,1.5705,1.6016,1.5544,1.5654,1.5685,-0.0031000000000001027,-0.1976,234.5,367.09
600614.SH,20030604,1.5955,1.5955,1.5544,1.5685,1.5945,-0.026000000000000023,-1.6306,403.0,629.724
600614.SH,20030603,1.6146,1.6226,1.5895,1.5945,1.6136,-0.019099999999999895,-1.1837,428.2,681.74
600614.SH,20030602,1.5965,1.6246,1.5845,1.6136,1.5915,0.02210000000000001,1.3886,902.82,1449.083
600614.SH,20030530,1.5705,1.5945,1.5705,1.5915,1.5695,0.02200000000000002,1.4017,859.88,1359.765
600614.SH,20030529,1.5735,1.5895,1.5444,1.5695,1.5735,-0.0040000000000000036,-0.2542,571.13,891.033
600614.SH,20030528,1.5584,1.5945,1.5584,1.5735,1.5594,0.014100000000000001,0.9042,915.94,1440.49
600614.SH,20030527,1.5544,1.5634,1.5394,1.5594,1.5414,0.017999999999999794,1.1678,617.91,954.6
600614.SH,20030526,1.5654,1.5654,1.5344,1.5414,1.5484,-0.006999999999999895,-0.4521,695.0,1070.042
600614.SH,20030523,1.5604,1.5644,1.5444,1.5484,1.5604,-0.01200000000000001,-0.769,533.0,825.874
600614.SH,20030522,1.5344,1.5755,1.5344,1.5604,1.5484,0.01200000000000001,0.775,442.79,688.948
600614.SH,20030521,1.5494,1.5705,1.5314,1.5484,1.5354,0.0129999999999999,0.8467,205.93,317.449
600614.SH,20030520,1.5755,1.5755,1.5293,1.5354,1.5755,-0.0400999999999998,-2.5452,342.0,528.393
600614.SH,20030519,1.5925,1.5925,1.5544,1.5755,1.5725,0.0029999999999998916,0.1908,472.06,738.336
600614.SH,20030516,1.5394,1.5995,1.5293,1.5725,1.5394,0.03309999999999991,2.1502,941.71,1469.738
600614.SH,20030515,1.5133,1.5494,1.4752,1.5394,1.5193,0.020100000000000007,1.323,1066.55,1612.271
600614.SH,20030514,1.4832,1.5524,1.4832,1.5193,1.4892,0.030100000000000016,2.0212,768.79,1160.748
600614.SH,20030513,1.6196,1.6226,1.4742,1.4892,1.6256,-0.13639999999999985,-8.3907,1436.8,2164.54
600614.SH,20030430,1.6627,1.6697,1.6146,1.6256,1.6617,-0.03610000000000002,-2.1725,704.9,1149.98
600614.SH,20030429,1.6948,1.6968,1.6587,1.6617,1.6948,-0.03310000000000013,-1.953,835.13,1388.884
600614.SH,20030428,1.6748,1.744,1.6748,1.6948,1.6748,0.020000000000000018,1.1942,593.96,1004.672
600614.SH,20030425,1.6647,1.7048,1.6647,1.6748,1.6948,-0.020000000000000018,-1.1801,793.0,1325.366
600614.SH,20030424,1.7149,1.755,1.6918,1.6948,1.7099,-0.015099999999999891,-0.8831,1350.0,2321.712
600614.SH,20030423,1.7399,1.7399,1.7048,1.7099,1.7289,-0.019000000000000128,-1.099,861.0,1469.615
600614.SH,20030422,1.7058,1.773,1.7058,1.7289,1.7219,0.007000000000000117,0.4065,1213.84,2118.12
600614.SH,20030421,1.743,1.743,1.7079,1.7219,1.7299,-0.008000000000000007,-0.4625,608.0,1045.428
600614.SH,20030418,1.7389,1.7389,1.7249,1.7299,1.7389,-0.008999999999999897,-0.5176,802.54,1383.221
600614.SH,20030417,1.7299,1.755,1.7249,1.7389,1.7239,0.014999999999999902,0.8701,753.44,1305.526
600614.SH,20030416,1.7851,1.7851,1.7239,1.7239,1.768,-0.04410000000000003,-2.4943,1834.0,3195.224
600614.SH,20030415,1.748,1.7881,1.7349,1.768,1.744,0.02400000000000002,1.3761,2080.8,3666.273
600614.SH,20030414,1.7038,1.749,1.6848,1.744,1.7229,0.021099999999999897,1.2247,1483.93,2554.203
600614.SH,20030411,1.7038,1.7379,1.7038,1.7229,1.7028,0.020100000000000007,1.1804,942.18,1611.308
600614.SH,20030410,1.6898,1.7048,1.6567,1.7028,1.6888,0.014000000000000012,0.829,1487.18,2486.008
600614.SH,20030409,1.7129,1.7179,1.6748,1.6888,1.7099,-0.021099999999999897,-1.234,1108.88,1867.116
600614.SH,20030408,1.7129,1.7199,1.6998,1.7099,1.7129,-0.0030000000000001137,-0.1751,952.12,1622.099
600614.SH,20030407,1.7269,1.755,1.7048,1.7129,1.7369,-0.02400000000000002,-1.3818,719.49,1239.067
600614.SH,20030404,1.7339,1.748,1.7249,1.7369,1.7339,0.0030000000000001137,0.173,630.3,1088.828
600614.SH,20030403,1.748,1.751,1.7309,1.7339,1.76,-0.026100000000000012,-1.483,551.24,955.555
600614.SH,20030402,1.776,1.776,1.757,1.76,1.772,-0.01200000000000001,-0.6772,455.0,802.059
600614.SH,20030401,1.754,1.774,1.753,1.772,1.754,0.018000000000000016,1.0262,863.84,1518.628
600614.SH,20030331,1.7349,1.7851,1.7269,1.754,1.7379,0.016100000000000003,0.9264,536.61,938.061
600614.SH,20030328,1.753,1.753,1.7349,1.7379,1.754,-0.016100000000000003,-0.9179,676.8,1174.376
600614.SH,20030327,1.7259,1.76,1.7149,1.754,1.7199,0.03410000000000002,1.9827,685.45,1185.762
600614.SH,20030326,1.7199,1.7329,1.7149,1.7199,1.7189,0.0009999999999998899,0.0582,270.84,464.751
600614.SH,20030325,1.7409,1.7409,1.7159,1.7189,1.748,-0.029099999999999904,-1.6648,296.0,509.766
600614.SH,20030324,1.7149,1.748,1.7149,1.748,1.7249,0.0230999999999999,1.3392,562.86,975.058
600614.SH,20030321,1.7028,1.7329,1.7028,1.7249,1.7048,0.020100000000000007,1.179,517.0,886.725
600614.SH,20030320,1.7249,1.7349,1.6998,1.7048,1.7229,-0.018100000000000005,-1.0506,978.0,1670.181
600614.SH,20030319,1.7299,1.745,1.7159,1.7229,1.7409,-0.017999999999999794,-1.0339,717.34,1233.713
600614.SH,20030318,1.745,1.755,1.7359,1.7409,1.75,-0.009100000000000108,-0.52,470.22,818.341
600614.SH,20030317,1.765,1.77,1.7299,1.75,1.7791,-0.029099999999999904,-1.6357,1439.17,2502.228
600614.SH,20030314,1.7921,1.7921,1.769,1.7791,1.7921,-0.013000000000000123,-0.7254,664.96,1177.445
600614.SH,20030313,1.8021,1.8302,1.7771,1.7921,1.7911,0.001000000000000112,0.0558,826.96,1487.697
600614.SH,20030312,1.8412,1.8553,1.765,1.7911,1.8312,-0.040100000000000025,-2.1898,1385.14,2476.54
600614.SH,20030311,1.8633,1.8653,1.8051,1.8312,1.8633,-0.03210000000000002,-1.7227,1747.76,3187.201
600614.SH,20030310,1.8172,1.8733,1.8172,1.8633,1.8142,0.04909999999999992,2.7064,5775.12,10672.536
600614.SH,20030307,1.7851,1.8442,1.7801,1.8142,1.7971,0.017100000000000115,0.9515,2997.28,5452.508
600614.SH,20030306,1.754,1.8653,1.754,1.7971,1.775,0.02210000000000001,1.2451,3113.13,5654.875
600614.SH,20030305,1.7851,1.8051,1.764,1.775,1.8142,-0.039200000000000124,-2.1607,1839.91,3262.861
600614.SH,20030304,1.76,1.9034,1.76,1.8142,1.764,0.05020000000000002,2.8458,6831.69,12533.646
600614.SH,20030303,1.755,1.776,1.755,1.764,1.762,0.0020000000000000018,0.1135,415.01,729.935
600614.SH,20030228,1.757,1.7791,1.745,1.762,1.766,-0.0040000000000000036,-0.2265,361.0,633.003
600614.SH,20030227,1.773,1.774,1.753,1.766,1.775,-0.008999999999999897,-0.507,345.0,606.876
600614.SH,20030226,1.765,1.7831,1.745,1.775,1.755,0.020000000000000018,1.1396,1024.98,1803.694
600614.SH,20030225,1.7299,1.755,1.7259,1.755,1.7249,0.030099999999999794,1.745,474.88,826.111
600614.SH,20030224,1.7199,1.7349,1.7199,1.7249,1.7239,0.001000000000000112,0.058,315.5,543.094
600614.SH,20030221,1.75,1.755,1.7199,1.7239,1.757,-0.03309999999999991,-1.8839,560.68,968.091
600614.SH,20030220,1.754,1.7831,1.754,1.757,1.752,0.004999999999999893,0.2854,428.01,753.514
600614.SH,20030219,1.7399,1.755,1.7399,1.752,1.745,0.006999999999999895,0.4011,378.28,658.41
600614.SH,20030218,1.755,1.756,1.7349,1.745,1.759,-0.01399999999999979,-0.7959,175.02,304.924
600614.SH,20030217,1.775,1.7811,1.755,1.759,1.755,0.0040000000000000036,0.2279,545.6,961.204
600614.SH,20030214,1.765,1.765,1.748,1.755,1.762,-0.007000000000000117,-0.3973,312.0,547.222
600614.SH,20030213,1.755,1.7961,1.753,1.762,1.75,0.01200000000000001,0.6857,1243.11,2200.602
600614.SH,20030212,1.7409,1.753,1.7339,1.75,1.743,0.006999999999999895,0.4016,466.0,809.784
600614.SH,20030211,1.7269,1.75,1.7269,1.743,1.7269,0.016100000000000003,0.9323,232.44,401.342
600614.SH,20030210,1.745,1.753,1.7149,1.7269,1.745,-0.018100000000000005,-1.0372,417.02,721.452
600614.SH,20030129,1.774,1.7851,1.743,1.745,1.743,0.0020000000000000018,0.1147,621.01,1083.306
600614.SH,20030128,1.753,1.762,1.7359,1.743,1.753,-0.009999999999999787,-0.5705,544.25,948.494
600614.SH,20030127,1.5845,1.7931,1.5845,1.753,1.743,0.009999999999999787,0.5737,873.9,1519.255
600614.SH,20030124,1.7099,1.744,1.7058,1.743,1.7129,0.030100000000000016,1.7573,726.52,1253.511
600614.SH,20030123,1.7329,1.745,1.7048,1.7129,1.745,-0.03210000000000002,-1.8395,752.0,1292.56
600614.SH,20030122,1.76,1.76,1.7249,1.745,1.77,-0.02499999999999991,-1.4124,1066.45,1846.61
600614.SH,20030121,1.765,1.8493,1.765,1.77,1.745,0.02499999999999991,1.4327,3984.33,7174.423
600614.SH,20030120,1.759,1.76,1.7229,1.745,1.759,-0.01399999999999979,-0.7959,820.18,1417.643
600614.SH,20030117,1.8001,1.8001,1.746,1.759,1.763,-0.0040000000000000036,-0.2269,1199.99,2121.349
600614.SH,20030116,1.7409,1.765,1.7249,1.763,1.7379,0.0250999999999999,1.4443,1284.14,2239.037
600614.SH,20030115,1.753,1.8031,1.7239,1.7379,1.7339,0.0040000000000000036,0.2307,1904.52,3347.768
600614.SH,20030114,1.6848,1.755,1.6457,1.7339,1.6778,0.05610000000000004,3.3437,1487.41,2560.636
600614.SH,20030113,1.6778,1.6928,1.6748,1.6778,1.6758,0.0020000000000000018,0.1193,442.01,740.331
600614.SH,20030110,1.7048,1.7048,1.6647,1.6758,1.7018,-0.026000000000000023,-1.5278,817.82,1381.233
600614.SH,20030109,1.6667,1.7219,1.6557,1.7018,1.6667,0.03509999999999991,2.106,886.4,1495.399
600614.SH,20030108,1.6266,1.6707,1.6246,1.6667,1.6346,0.03210000000000002,1.9638,940.62,1556.454
600614.SH,20030107,1.6447,1.6547,1.6246,1.6346,1.6367,-0.0020999999999999908,-0.1283,224.73,368.513
600614.SH,20030106,1.6156,1.6417,1.6136,1.6367,1.6116,0.025100000000000122,1.5575,262.5,425.462
600614.SH,20030103,1.6046,1.6296,1.6046,1.6116,1.6056,0.006000000000000005,0.3737,268.0,431.939
600614.SH,20030102,1.6146,1.6427,1.6026,1.6056,1.6156,-0.010000000000000009,-0.619,587.9,943.414
600614.SH,20021231,1.6146,1.6447,1.6146,1.6156,1.6477,-0.03210000000000002,-1.9482,504.53,817.122
600614.SH,20021227,1.6056,1.6748,1.6056,1.6477,1.6547,-0.007000000000000117,-0.423,402.0,655.855
600614.SH,20021226,1.6878,1.7028,1.6447,1.6547,1.7028,-0.04810000000000003,-2.8248,768.7,1279.835
600614.SH,20021225,1.7109,1.7259,1.7018,1.7028,1.7259,-0.0230999999999999,-1.3384,424.1,723.453
600614.SH,20021224,1.6768,1.7359,1.6758,1.7259,1.7028,0.0230999999999999,1.3566,833.15,1424.348
600614.SH,20021223,1.6948,1.7249,1.6948,1.7028,1.7038,-0.0009999999999998899,-0.0587,541.1,921.76
600614.SH,20021220,1.6948,1.7038,1.6748,1.7038,1.6858,0.018000000000000016,1.0677,466.5,785.037
600614.SH,20021219,1.7048,1.7319,1.6697,1.6858,1.7129,-0.027100000000000124,-1.5821,1048.66,1766.743
600614.SH,20021218,1.6928,1.8051,1.6808,1.7129,1.6697,0.04320000000000013,2.5873,2681.07,4651.69
600614.SH,20021217,1.6597,1.6697,1.6547,1.6697,1.6577,0.01200000000000001,0.7239,377.09,626.312
600614.SH,20021216,1.6156,1.6647,1.6156,1.6577,1.6547,0.0029999999999998916,0.1813,301.1,496.749
600614.SH,20021213,1.6256,1.6547,1.6226,1.6547,1.6326,0.02210000000000001,1.3537,248.6,406.241
600614.SH,20021212,1.6427,1.6567,1.6296,1.6326,1.6226,0.010000000000000009,0.6163,319.31,524.666
600614.SH,20021211,1.6256,1.6256,1.6026,1.6226,1.6306,-0.008000000000000007,-0.4906,400.25,642.578
600614.SH,20021210,1.6427,1.6547,1.6306,1.6306,1.6567,-0.026100000000000012,-1.5754,310.0,508.295
600614.SH,20021209,1.6547,1.6657,1.6547,1.6567,1.6647,-0.008000000000000007,-0.4806,102.0,168.927
600614.SH,20021206,1.6547,1.6948,1.6547,1.6647,1.6567,0.008000000000000007,0.4829,175.77,292.973
600614.SH,20021205,1.6738,1.6738,1.6507,1.6567,1.6848,-0.028100000000000014,-1.6679,217.84,360.251
600614.SH,20021204,1.6838,1.7018,1.6687,1.6848,1.6687,0.016100000000000003,0.9648,674.66,1135.268
600614.SH,20021203,1.6517,1.6728,1.6517,1.6687,1.6527,0.016000000000000014,0.9681,494.8,819.961
600614.SH,20021202,1.7028,1.7048,1.6497,1.6527,1.7048,-0.052100000000000035,-3.0561,694.0,1155.73
600614.SH,20021129,1.6597,1.7329,1.6547,1.7048,1.6597,0.04510000000000014,2.7174,2113.97,3596.639
600614.SH,20021128,1.6146,1.6607,1.6046,1.6597,1.6016,0.05810000000000004,3.6276,742.52,1211.024
600614.SH,20021127,1.6136,1.6206,1.5845,1.6016,1.6166,-0.015000000000000124,-0.9279,499.0,795.546
600614.SH,20021126,1.6647,1.6677,1.6146,1.6166,1.6447,-0.028100000000000014,-1.7085,366.42,596.681
600614.SH,20021125,1.6346,1.6677,1.6176,1.6447,1.6467,-0.0020000000000000018,-0.1215,466.09,767.383
600614.SH,20021122,1.6346,1.6848,1.6186,1.6467,1.6186,0.028100000000000014,1.7361,1105.0,1824.399
600614.SH,20021121,1.7109,1.7109,1.6146,1.6186,1.7279,-0.10929999999999995,-6.3256,1345.5,2222.706
600614.SH,20021120,1.7931,1.7931,1.7159,1.7279,1.7971,-0.06919999999999993,-3.8506,774.29,1350.742
600614.SH,20021119,1.755,1.8352,1.755,1.7971,1.755,0.042100000000000026,2.3989,467.5,835.373
600614.SH,20021118,1.7871,1.7881,1.755,1.755,1.7881,-0.03310000000000013,-1.8511,626.48,1102.566
600614.SH,20021115,1.755,1.8051,1.755,1.7881,1.775,0.013100000000000112,0.738,716.13,1277.473
600614.SH,20021114,1.8152,1.8232,1.771,1.775,1.8282,-0.053200000000000136,-2.91,1154.2,2067.722
600614.SH,20021113,1.8553,1.8653,1.758,1.8282,1.8563,-0.028100000000000014,-1.5138,1634.8,2948.607
600614.SH,20021112,1.9084,1.9255,1.8553,1.8563,1.9174,-0.06109999999999993,-3.1866,1356.0,2543.398
600614.SH,20021111,1.9104,1.9335,1.9074,1.9174,1.9265,-0.009100000000000108,-0.4724,756.0,1446.257
600614.SH,20021108,2.0037,2.0057,1.9255,1.9265,1.9736,-0.04709999999999992,-2.3865,1023.16,1986.803
600614.SH,20021107,1.9746,1.9957,1.9676,1.9736,1.9766,-0.0029999999999998916,-0.1518,522.0,1027.738
600614.SH,20021106,1.9756,2.0197,1.9756,1.9766,1.9746,0.0020000000000000018,0.1013,1129.0,2241.477
600614.SH,20021105,1.9556,1.9887,1.9475,1.9746,1.9556,0.018999999999999906,0.9716,1185.43,2334.616
600614.SH,20021104,1.9556,1.9646,1.9235,1.9556,1.9345,0.021099999999999897,1.0907,555.1,1072.401
600614.SH,20021101,1.9556,1.9556,1.9235,1.9345,1.9255,0.009000000000000119,0.4674,304.0,583.793
600614.SH,20021031,1.9215,1.9495,1.9205,1.9255,1.9415,-0.016000000000000014,-0.8241,426.25,820.576
600614.SH,20021030,1.9706,1.9706,1.9084,1.9415,1.9546,-0.01309999999999989,-0.6702,342.45,660.75
600614.SH,20021029,1.9315,1.9556,1.9084,1.9546,1.9355,0.019099999999999895,0.9868,669.04,1287.165
600614.SH,20021028,1.9836,1.9836,1.9355,1.9355,1.9876,-0.052100000000000035,-2.6213,958.98,1861.254
600614.SH,20021025,1.9947,2.0107,1.9656,1.9876,2.0037,-0.01609999999999978,-0.8035,1472.4,2911.583
600614.SH,20021024,1.9546,2.0448,1.9546,2.0037,1.9505,0.053199999999999914,2.7275,4632.81,9307.42
600614.SH,20021023,1.9556,1.9556,1.9425,1.9505,1.9556,-0.0051000000000001044,-0.2608,435.1,845.559
600614.SH,20021022,1.9275,1.9606,1.9275,1.9556,1.9164,0.0391999999999999,2.0455,745.86,1450.913
600614.SH,20021021,1.9415,1.9415,1.8954,1.9164,1.9154,0.001000000000000112,0.0522,321.05,609.772
600614.SH,20021018,1.9215,1.9546,1.8954,1.9154,1.9215,-0.006099999999999994,-0.3175,625.11,1190.194
600614.SH,20021017,1.9656,1.9656,1.9205,1.9215,1.9435,-0.02200000000000002,-1.132,292.23,561.836
600614.SH,20021016,1.9265,1.9656,1.9265,1.9435,1.9255,0.018000000000000016,0.9348,438.5,851.57
600614.SH,20021015,1.9355,1.9435,1.9114,1.9255,1.9205,0.004999999999999893,0.2603,234.6,450.267
600614.SH,20021014,1.9235,1.9405,1.9074,1.9205,1.9355,-0.014999999999999902,-0.775,845.15,1613.35
600614.SH,20021011,1.9355,1.9736,1.9315,1.9355,1.9345,0.0009999999999998899,0.0517,360.81,699.064
600614.SH,20021010,1.9656,1.9997,1.9265,1.9345,1.9235,0.01100000000000012,0.5719,477.1,923.437
600614.SH,20021009,1.9616,1.9626,1.9084,1.9235,1.9656,-0.042100000000000026,-2.1418,722.23,1392.903
600614.SH,20021008,1.9706,1.9746,1.9566,1.9656,1.9666,-0.0009999999999998899,-0.0508,352.03,690.134
600614.SH,20020927,1.9856,1.9866,1.9556,1.9666,1.9766,-0.010000000000000009,-0.5059,819.99,1609.409
600614.SH,20020926,2.0137,2.0448,1.9656,1.9766,2.0278,-0.051200000000000134,-2.5249,1363.3,2700.592
600614.SH,20020925,2.0238,2.0558,2.0107,2.0278,2.0278,0.0,0.0,779.45,1579.576
600614.SH,20020924,2.0418,2.0699,2.0258,2.0278,2.0398,-0.01200000000000001,-0.5883,1368.35,2800.009
600614.SH,20020923,2.0308,2.0759,2.0207,2.0398,2.0358,0.0040000000000000036,0.1965,1509.7,3085.136
600614.SH,20020920,2.0107,2.095,1.9866,2.0358,2.0137,0.02210000000000001,1.0975,3655.43,7516.093
600614.SH,20020919,1.9566,2.0308,1.9435,2.0137,1.9636,0.05010000000000003,2.5514,1751.5,3485.959
600614.SH,20020918,1.9455,1.9957,1.9445,1.9636,1.9586,0.0050000000000001155,0.2553,514.58,1015.701
600614.SH,20020917,1.9706,1.9856,1.9455,1.9586,1.9646,-0.006000000000000005,-0.3054,462.63,905.845
600614.SH,20020916,2.0117,2.0127,1.9606,1.9646,2.0097,-0.04510000000000014,-2.2441,512.88,1009.328
600614.SH,20020913,1.9706,2.0157,1.9706,2.0097,1.9786,0.031100000000000128,1.5718,958.27,1902.795
600614.SH,20020912,1.9556,1.9836,1.9355,1.9786,1.9515,0.027099999999999902,1.3887,560.58,1100.358
600614.SH,20020911,1.9556,1.9556,1.9215,1.9515,1.9536,-0.0020999999999999908,-0.1075,770.91,1486.756
600614.SH,20020910,1.9666,1.9776,1.9475,1.9536,1.9666,-0.0129999999999999,-0.661,343.0,671.033
600614.SH,20020909,1.9596,1.9806,1.9415,1.9666,1.9596,0.006999999999999895,0.3572,386.34,755.459
600614.SH,20020906,1.9596,1.9816,1.9556,1.9596,1.9656,-0.006000000000000005,-0.3053,581.0,1138.772
600614.SH,20020905,2.0057,2.0067,1.9586,1.9656,2.0107,-0.04509999999999992,-2.243,1331.99,2625.321
600614.SH,20020904,2.0207,2.0558,2.0027,2.0107,2.0248,-0.014100000000000001,-0.6964,747.97,1513.151
600614.SH,20020903,2.0067,2.0438,1.9907,2.0248,2.0057,0.019099999999999895,0.9523,1153.59,2317.95
600614.SH,20020902,2.0007,2.0207,1.9856,2.0057,2.0157,-0.009999999999999787,-0.4961,670.32,1337.052
600614.SH,20020830,2.0157,2.0328,1.9967,2.0157,1.9967,0.018999999999999906,0.9516,666.83,1340.3
600614.SH,20020829,2.0498,2.0498,1.9897,1.9967,2.0498,-0.053099999999999925,-2.5905,2075.26,4158.471
600614.SH,20020828,2.121,2.121,2.0358,2.0498,2.115,-0.06520000000000037,-3.0827,2687.96,5526.667
600614.SH,20020827,2.0899,2.1561,2.0669,2.115,2.0869,0.028100000000000236,1.3465,7063.39,14944.074
600614.SH,20020826,1.9766,2.1561,1.9716,2.0869,1.9766,0.11030000000000006,5.5803,8012.46,16721.017
600614.SH,20020823,1.9756,2.0027,1.9666,1.9766,2.0227,-0.04610000000000003,-2.2791,1038.51,2055.017
600614.SH,20020822,1.9295,2.0839,1.9255,2.0227,1.9205,0.10219999999999985,5.3215,5358.33,10848.75
600614.SH,20020821,1.9235,1.9335,1.9054,1.9205,1.9114,0.009100000000000108,0.4761,202.65,386.781
600614.SH,20020820,1.8533,1.9154,1.8533,1.9114,1.8984,0.0129999999999999,0.6848,395.11,750.744
600614.SH,20020819,1.8954,1.9195,1.8954,1.8984,1.9074,-0.008999999999999897,-0.4718,125.85,238.487
600614.SH,20020816,1.9335,1.9335,1.8854,1.9074,1.8924,0.014999999999999902,0.7926,188.51,356.035
600614.SH,20020815,1.8954,1.9225,1.8894,1.8924,1.8944,-0.0020000000000000018,-0.1056,200.18,378.743
600614.SH,20020814,1.9556,1.9556,1.8884,1.8944,1.8864,0.008000000000000007,0.4241,514.75,972.529
600614.SH,20020813,1.8854,1.9034,1.8834,1.8864,1.8874,-0.0009999999999998899,-0.053,134.66,253.649
600614.SH,20020812,1.9054,1.9054,1.8854,1.8874,1.9134,-0.026000000000000023,-1.3588,400.0,754.538
600614.SH,20020809,1.9315,1.9315,1.9104,1.9134,1.9315,-0.018100000000000005,-0.9371,391.5,747.363
600614.SH,20020808,1.9515,1.9515,1.9305,1.9315,1.9415,-0.010000000000000009,-0.5151,230.0,444.724
600614.SH,20020807,1.9405,1.9556,1.9405,1.9415,1.9495,-0.008000000000000007,-0.4104,142.0,275.664
600614.SH,20020806,1.9164,1.9556,1.9164,1.9495,1.9375,0.01200000000000001,0.6194,336.13,651.572
600614.SH,20020805,1.9706,1.9706,1.9305,1.9375,1.9536,-0.016100000000000003,-0.8241,234.2,454.051
600614.SH,20020802,1.9556,1.9626,1.9415,1.9536,1.9586,-0.004999999999999893,-0.2553,187.0,363.407
600614.SH,20020801,1.9265,1.9846,1.9064,1.9586,1.9435,0.015099999999999891,0.7769,751.49,1459.38
600614.SH,20020731,1.9556,1.9656,1.9435,1.9435,1.9556,-0.0121,-0.6187,174.99,340.346
600614.SH,20020730,1.9515,1.9556,1.9435,1.9556,1.9455,0.010099999999999998,0.5191,280.27,545.378
600614.SH,20020729,1.9566,1.9656,1.9375,1.9455,1.9656,-0.020100000000000007,-1.0226,318.0,617.326
600614.SH,20020726,1.9866,1.9937,1.9656,1.9656,1.9856,-0.020000000000000018,-1.0073,365.46,719.87
600614.SH,20020725,2.0137,2.0137,1.9806,1.9856,1.9957,-0.010099999999999998,-0.5061,207.0,410.307
600614.SH,20020724,1.9866,2.0057,1.9756,1.9957,1.9856,0.010099999999999998,0.5087,275.5,545.552
600614.SH,20020723,1.9766,2.0007,1.9756,1.9856,1.9876,-0.0020000000000000018,-0.1006,257.4,510.714
600614.SH,20020722,2.0508,2.0508,1.9836,1.9876,2.0428,-0.05520000000000014,-2.7022,644.2,1293.516
600614.SH,20020719,2.0338,2.0609,2.0087,2.0428,2.0007,0.042100000000000026,2.1043,827.5,1682.056
600614.SH,20020718,1.9866,2.0157,1.9866,2.0007,1.9957,0.0050000000000001155,0.2505,232.15,463.862
600614.SH,20020717,1.9957,1.9957,1.9706,1.9957,2.0057,-0.010000000000000009,-0.4986,390.1,769.943
600614.SH,20020716,1.9856,2.0067,1.9836,2.0057,1.9897,0.016000000000000014,0.8041,182.2,362.812
600614.SH,20020715,2.0207,2.0358,1.9846,1.9897,1.9997,-0.010000000000000009,-0.5001,306.4,612.368
600614.SH,20020712,1.9836,2.0248,1.9836,1.9997,1.9957,0.0040000000000000036,0.2004,216.4,432.297
600614.SH,20020711,1.9856,2.0057,1.9856,1.9957,1.9927,0.0030000000000001137,0.1505,465.28,924.555
600614.SH,20020710,2.0238,2.0358,1.9907,1.9927,2.0238,-0.031100000000000128,-1.5367,685.0,1369.818
600614.SH,20020709,2.0508,2.0508,2.0157,2.0238,2.0508,-0.027000000000000135,-1.3166,408.0,825.566
600614.SH,20020708,2.0739,2.104,2.0388,2.0508,2.0378,0.013000000000000345,0.6379,1527.41,3152.038
600614.SH,20020705,2.0117,2.0859,2.0117,2.0378,2.0097,0.028099999999999792,1.3982,1470.56,3012.849
600614.SH,20020704,2.0037,2.0538,2.0017,2.0097,2.0017,0.008000000000000007,0.3997,1330.03,2684.691
600614.SH,20020703,2.0057,2.0358,1.9957,2.0017,2.0057,-0.0040000000000000036,-0.1994,508.4,1016.976
600614.SH,20020702,1.9866,2.0187,1.9866,2.0057,2.0037,0.002000000000000224,0.0998,566.01,1132.996
600614.SH,20020701,2.0258,2.0558,1.9957,2.0037,2.0278,-0.024100000000000232,-1.1885,789.18,1580.097
600614.SH,20020627,2.0408,2.0619,2.0207,2.0278,2.0408,-0.0129999999999999,-0.637,726.24,1476.892
600614.SH,20020626,2.0268,2.0759,1.9957,2.0408,2.0258,0.015000000000000124,0.7404,1901.44,3845.806
600614.SH,20020625,2.104,2.116,2.0157,2.0258,2.117,-0.09120000000000017,-4.308,3797.72,7823.14
600614.SH,20020624,2.117,2.117,2.0057,2.117,1.9245,0.1924999999999999,10.0026,6933.05,14434.138
600614.SH,20020621,1.8563,1.9255,1.8553,1.9245,1.8543,0.07020000000000004,3.7858,2290.74,4367.106
600614.SH,20020620,1.8452,1.8934,1.8452,1.8543,1.8472,0.007100000000000106,0.3844,254.6,473.531
600614.SH,20020619,1.8844,1.8844,1.8422,1.8472,1.8803,-0.03310000000000013,-1.7604,269.5,500.17
600614.SH,20020618,1.8613,1.9034,1.8613,1.8803,1.8412,0.039100000000000135,2.1236,706.67,1328.016
600614.SH,20020617,1.7951,1.8553,1.7901,1.8412,1.8382,0.0029999999999998916,0.1632,253.86,463.814
600614.SH,20020614,1.8432,1.8553,1.8352,1.8382,1.8573,-0.019099999999999895,-1.0284,498.64,915.694
600614.SH,20020613,1.8854,1.8984,1.8553,1.8573,1.9004,-0.04310000000000014,-2.2679,458.89,856.554
600614.SH,20020612,1.9024,1.9054,1.8432,1.9004,1.9054,-0.004999999999999893,-0.2624,1204.7,2236.784
600614.SH,20020611,1.8553,1.9255,1.8483,1.9054,1.8483,0.05709999999999993,3.0893,1412.19,2691.162
600614.SH,20020610,1.8753,1.8753,1.8402,1.8483,1.8803,-0.03200000000000003,-1.7019,661.0,1222.116
600614.SH,20020607,1.8703,1.9154,1.8352,1.8803,1.8723,0.008000000000000007,0.4273,1428.01,2687.203
600614.SH,20020606,1.77,1.8934,1.748,1.8723,1.776,0.09630000000000005,5.4223,1717.11,3134.818
600614.SH,20020605,1.8402,1.8402,1.775,1.776,1.8382,-0.06220000000000003,-3.3837,977.91,1743.937
600614.SH,20020604,1.8382,1.8823,1.7771,1.8382,1.8362,0.0020000000000000018,0.1089,1049.0,1898.981
600614.SH,20020603,1.9054,1.9054,1.8252,1.8362,1.9144,-0.07820000000000005,-4.0848,1377.41,2539.969
600614.SH,20020531,1.9856,1.9856,1.8954,1.9144,1.9746,-0.06019999999999981,-3.0487,1954.81,3735.255
600614.SH,20020530,1.9907,2.0057,1.9355,1.9746,1.9887,-0.014100000000000001,-0.709,660.0,1296.69
600614.SH,20020529,2.0358,2.0358,1.9666,1.9887,2.0458,-0.05709999999999993,-2.7911,873.12,1725.725
600614.SH,20020528,2.0378,2.0609,2.0368,2.0458,2.0368,0.008999999999999897,0.4419,456.0,931.239
600614.SH,20020527,2.0067,2.0458,2.0067,2.0368,1.9997,0.03709999999999991,1.8553,1202.1,2440.486
600614.SH,20020524,2.0187,2.0187,1.9816,1.9997,2.0187,-0.018999999999999906,-0.9412,484.79,964.073
600614.SH,20020523,2.0047,2.0458,1.9866,2.0187,1.9856,0.03309999999999991,1.667,791.36,1590.036
600614.SH,20020522,2.0508,2.0508,1.9656,1.9856,2.0468,-0.06120000000000014,-2.99,1193.4,2375.334
600614.SH,20020521,1.9937,2.0859,1.9876,2.0468,1.9475,0.09930000000000017,5.0988,2169.98,4390.405
600614.SH,20020520,2.0067,2.0157,1.9355,1.9475,2.0077,-0.06019999999999981,-2.9985,1076.51,2094.871
600614.SH,20020517,1.9836,2.0278,1.9656,2.0077,1.9876,0.020099999999999785,1.0113,1282.37,2544.901
600614.SH,20020516,2.0508,2.0659,1.9686,1.9876,2.0689,-0.08130000000000015,-3.9296,1792.26,3604.55
600614.SH,20020515,2.0859,2.0859,2.0318,2.0689,2.0839,-0.01499999999999968,-0.7198,1412.57,2904.594
600614.SH,20020514,2.125,2.128,2.0759,2.0839,2.1371,-0.05320000000000036,-2.4894,1640.33,3426.206
600614.SH,20020513,2.0659,2.1561,2.0639,2.1371,2.0809,0.05620000000000003,2.7008,2289.46,4822.46
600614.SH,20020510,2.1511,2.1561,2.0729,2.0809,2.1411,-0.06019999999999959,-2.8116,2203.29,4606.786
600614.SH,20020509,2.1441,2.1912,2.126,2.1411,2.1441,-0.0030000000000001137,-0.1399,1975.89,4239.925
600614.SH,20020508,2.1872,2.2464,2.1441,2.1441,2.1952,-0.05109999999999992,-2.3278,3437.49,7486.156
600614.SH,20020430,2.3186,2.3547,2.1672,2.1952,2.2925,-0.09730000000000016,-4.2443,11886.24,26760.272
600614.SH,20020429,2.0859,2.2925,2.0859,2.2925,2.0839,0.20860000000000012,10.0101,13240.34,29335.291
600614.SH,20020426,1.9656,2.1581,1.9656,2.0839,1.9636,0.12029999999999985,6.1265,9753.85,20214.006
600614.SH,20020425,1.9074,1.9706,1.9074,1.9636,1.9154,0.04820000000000002,2.5164,1443.69,2804.28
600614.SH,20020424,1.9124,1.9646,1.8783,1.9154,1.9164,-0.001000000000000112,-0.0522,498.5,946.409
600614.SH,20020423,1.9315,1.9405,1.9104,1.9164,1.9315,-0.015099999999999891,-0.7818,337.0,647.74
600614.SH,20020422,1.9205,1.9405,1.9205,1.9315,1.9235,0.008000000000000007,0.4159,482.0,928.94
600614.SH,20020419,1.9084,1.9265,1.8954,1.9235,1.9255,-0.0020000000000000018,-0.1039,696.88,1323.755
600614.SH,20020418,1.9215,1.9515,1.9215,1.9255,1.9355,-0.010000000000000009,-0.5167,372.47,717.396
600614.SH,20020417,1.9255,1.9515,1.9124,1.9355,1.9215,0.014000000000000012,0.7286,422.35,810.671
600614.SH,20020416,1.9074,1.9355,1.9074,1.9215,1.9335,-0.01200000000000001,-0.6206,545.49,1048.63
600614.SH,20020415,1.9696,1.9696,1.9225,1.9335,1.9606,-0.027099999999999902,-1.3822,925.26,1790.071
600614.SH,20020412,1.9656,1.9856,1.9556,1.9606,1.9907,-0.030100000000000016,-1.512,988.62,1943.543
600614.SH,20020411,2.0358,2.0378,1.9706,1.9907,2.0217,-0.03100000000000014,-1.5334,1402.51,2784.117
600614.SH,20020410,1.9505,2.0408,1.9505,2.0217,1.9967,0.025000000000000133,1.2521,2704.75,5451.408
600614.SH,20020409,1.9656,2.0127,1.9405,1.9967,1.9706,0.026100000000000012,1.3245,2020.34,4013.933
600614.SH,20020408,1.9556,1.9997,1.9556,1.9706,1.9505,0.020100000000000007,1.0305,1079.72,2132.86
600614.SH,20020405,1.9907,1.9957,1.9355,1.9505,1.9736,-0.02310000000000012,-1.1704,839.46,1646.589
600614.SH,20020404,1.9425,1.9736,1.9245,1.9736,1.9405,0.03310000000000013,1.7057,1180.77,2305.132
600614.SH,20020403,1.9215,1.9435,1.8954,1.9405,1.9205,0.019999999999999796,1.0414,821.8,1573.816
600614.SH,20020402,1.8964,2.0157,1.8964,1.9205,1.9024,0.018100000000000005,0.9514,2870.47,5632.983
600614.SH,20020401,1.8673,1.9134,1.8653,1.9024,1.8944,0.008000000000000007,0.4223,984.94,1856.437
600614.SH,20020329,1.9495,1.9756,1.8854,1.8944,1.9515,-0.05709999999999993,-2.926,1353.43,2572.483
600614.SH,20020328,1.8984,1.9897,1.8984,1.9515,1.8924,0.05909999999999993,3.123,2202.95,4317.791
600614.SH,20020327,1.9034,1.9034,1.8673,1.8924,1.9044,-0.01200000000000001,-0.6301,1248.26,2345.624
600614.SH,20020326,1.9556,1.9656,1.8864,1.9044,1.9556,-0.05119999999999991,-2.6181,1331.87,2540.193
600614.SH,20020325,1.9656,1.9656,1.9355,1.9556,1.9556,0.0,0.0,876.45,1703.759
600614.SH,20020322,1.9756,1.9756,1.9405,1.9556,1.9786,-0.02299999999999991,-1.1624,1312.83,2558.157
600614.SH,20020321,2.0077,2.0077,1.9606,1.9786,1.9876,-0.009000000000000119,-0.4528,1744.13,3437.034
600614.SH,20020320,1.9656,2.0438,1.9515,1.9876,1.9515,0.03610000000000002,1.8499,2753.1,5456.952
600614.SH,20020319,1.8954,1.9806,1.8934,1.9515,1.9185,0.03299999999999992,1.7201,1450.95,2807.71
600614.SH,20020318,1.9556,1.9656,1.9054,1.9185,1.8944,0.02410000000000001,1.2722,2664.71,5112.444
600614.SH,20020315,2.0438,2.0659,1.8854,1.8944,2.0258,-0.13139999999999974,-6.4863,6608.42,13151.097
600614.SH,20020314,1.8252,2.0258,1.8232,2.0258,1.8412,0.18459999999999988,10.0261,7980.56,15497.7
600614.SH,20020313,1.8442,1.8834,1.8332,1.8412,1.8553,-0.014100000000000001,-0.76,1336.36,2472.613
600614.SH,20020312,1.8954,1.9255,1.8412,1.8553,1.8954,-0.040100000000000025,-2.1156,2809.46,5256.653
600614.SH,20020311,1.8854,1.9054,1.8573,1.8954,1.8854,0.010000000000000009,0.5304,2559.23,4803.594
600614.SH,20020308,1.8593,1.9235,1.8172,1.8854,1.8372,0.04820000000000002,2.6236,4557.94,8524.857
600614.SH,20020307,1.7901,1.8402,1.775,1.8372,1.8051,0.03210000000000002,1.7783,2265.09,4102.737
600614.SH,20020306,1.7781,1.8553,1.765,1.8051,1.77,0.03509999999999991,1.9831,4112.8,7478.678
600614.SH,20020305,1.7349,1.8061,1.7349,1.77,1.7169,0.053099999999999925,3.0928,1835.14,3249.063
600614.SH,20020304,1.6848,1.7169,1.6798,1.7169,1.6838,0.03310000000000013,1.9658,691.5,1172.367
600614.SH,20020301,1.7349,1.7389,1.6808,1.6838,1.7399,-0.05610000000000004,-3.2243,1293.0,2194.165
600614.SH,20020228,1.755,1.763,1.7369,1.7399,1.755,-0.015099999999999891,-0.8604,734.97,1279.153
600614.SH,20020227,1.7359,1.7801,1.7359,1.755,1.769,-0.014000000000000012,-0.7914,1212.78,2119.769
600614.SH,20020226,1.7129,1.8633,1.7079,1.769,1.7008,0.06819999999999982,4.0099,4104.42,7329.307
600614.SH,20020208,1.7229,1.7229,1.6828,1.7008,1.7038,-0.0029999999999998916,-0.1761,923.49,1567.595
600614.SH,20020207,1.6697,1.7199,1.6647,1.7038,1.6748,0.028999999999999915,1.7316,1017.18,1724.641
600614.SH,20020206,1.7069,1.7289,1.6697,1.6748,1.6938,-0.018999999999999906,-1.1217,1437.9,2441.624
600614.SH,20020205,1.7048,1.7079,1.6838,1.6938,1.7079,-0.014100000000000001,-0.8256,1066.96,1802.379
600614.SH,20020204,1.6848,1.7159,1.6697,1.7079,1.6918,0.016100000000000003,0.9516,1074.92,1815.835
600614.SH,20020201,1.7018,1.7249,1.6697,1.6918,1.7139,-0.02210000000000001,-1.2895,2540.82,4309.578
600614.SH,20020131,1.6246,1.7349,1.6246,1.7139,1.6246,0.08929999999999993,5.4967,4031.78,6833.063
600614.SH,20020130,1.6046,1.6447,1.6046,1.6246,1.6246,0.0,0.0,1255.54,2030.057
600614.SH,20020129,1.5544,1.6547,1.5093,1.6246,1.6096,0.015000000000000124,0.9319,2221.65,3535.178
600614.SH,20020128,1.6647,1.745,1.5945,1.6096,1.6116,-0.0020000000000000018,-0.1241,4667.02,7734.885
600614.SH,20020125,1.6146,1.6417,1.5935,1.6116,1.6377,-0.026100000000000012,-1.5937,2454.88,3958.533
600614.SH,20020124,1.5594,1.6808,1.4842,1.6377,1.5414,0.09629999999999983,6.2476,5216.41,8409.37
600614.SH,20020123,1.404,1.5414,1.3739,1.5414,1.401,0.14040000000000008,10.0214,2698.8,3949.265
600614.SH,20020122,1.3538,1.4521,1.3408,1.401,1.3839,0.017100000000000115,1.2356,1682.11,2349.726
600614.SH,20020121,1.4942,1.5033,1.3689,1.3839,1.5193,-0.1354000000000002,-8.912,1766.5,2523.453
600614.SH,20020118,1.5314,1.5644,1.4732,1.5193,1.5314,-0.0121,-0.7901,1375.78,2078.894
600614.SH,20020117,1.5845,1.6046,1.5143,1.5314,1.6718,-0.14039999999999986,-8.3981,1659.78,2559.345
600614.SH,20020116,1.6597,1.7028,1.6056,1.6718,1.6597,0.0121,0.729,1239.0,2052.096
600614.SH,20020115,1.7289,1.746,1.6527,1.6597,1.7389,-0.07919999999999994,-4.5546,1717.97,2910.133
600614.SH,20020114,1.8051,1.8051,1.7249,1.7389,1.8232,-0.08430000000000004,-4.6237,1222.7,2136.783
600614.SH,20020111,1.9225,1.9235,1.8212,1.8232,1.9024,-0.07920000000000016,-4.1632,1593.94,2933.002
600614.SH,20020110,1.8743,1.9084,1.8452,1.9024,1.8553,0.04710000000000014,2.5387,720.43,1344.086
600614.SH,20020109,1.8302,1.8753,1.8302,1.8553,1.8533,0.0020000000000000018,0.1079,498.7,922.553
600614.SH,20020108,1.8242,1.9505,1.8202,1.8533,1.8242,0.029099999999999904,1.5952,1278.0,2395.648
600614.SH,20020107,1.8553,1.8553,1.8152,1.8242,1.8623,-0.03810000000000002,-2.0459,466.0,848.592
600614.SH,20020104,1.9004,1.9044,1.8553,1.8623,1.9054,-0.043099999999999916,-2.262,352.0,654.715
600614.SH,20011231,1.8703,1.9074,1.8583,1.9054,1.8703,0.03509999999999991,1.8767,456.71,861.317
600614.SH,20011228,1.8964,1.9325,1.8051,1.8703,1.9134,-0.043099999999999916,-2.2525,1068.72,1995.838
600614.SH,20011227,1.9455,1.9505,1.9044,1.9134,1.9586,-0.04519999999999991,-2.3078,1030.2,1969.998
600614.SH,20011226,1.9305,1.9656,1.8753,1.9586,1.9485,0.010099999999999998,0.5183,1363.12,2608.506
600614.SH,20011225,1.9556,1.9656,1.9335,1.9485,1.9325,0.015999999999999792,0.8279,259.37,503.331
600614.SH,20011224,1.9305,1.9756,1.9255,1.9325,1.9756,-0.043099999999999916,-2.1816,329.1,635.432
600614.SH,20011221,1.9656,1.9856,1.9355,1.9756,1.9706,0.0050000000000001155,0.2537,464.4,909.604
600614.SH,20011220,2.0057,2.0057,1.9546,1.9706,2.0308,-0.06020000000000025,-2.9643,717.9,1411.954
600614.SH,20011219,2.0458,2.0739,2.0308,2.0308,2.0418,-0.010999999999999677,-0.5387,400.0,816.813
600614.SH,20011218,1.9967,2.0458,1.9967,2.0418,2.0067,0.03509999999999991,1.7491,405.9,816.926
600614.SH,20011217,2.0177,2.0358,1.9957,2.0067,2.0187,-0.01200000000000001,-0.5944,464.26,930.35
600614.SH,20011214,2.0458,2.0659,2.0057,2.0187,2.0548,-0.03610000000000024,-1.7569,754.55,1525.786
600614.SH,20011213,2.101,2.116,2.0458,2.0548,2.106,-0.05119999999999969,-2.4311,624.0,1291.196
600614.SH,20011212,2.126,2.126,2.094,2.106,2.1321,-0.026100000000000012,-1.2241,582.1,1219.843
600614.SH,20011211,2.1662,2.1762,2.126,2.1321,2.1561,-0.02400000000000002,-1.1131,578.34,1233.363
600614.SH,20011210,2.1662,2.1712,2.127,2.1561,2.1752,-0.019099999999999895,-0.8781,554.76,1184.12
600614.SH,20011207,2.1842,2.1982,2.1662,2.1752,2.1822,-0.007000000000000117,-0.3208,499.3,1083.591
600614.SH,20011206,2.1662,2.1872,2.1561,2.1822,2.1762,0.005999999999999783,0.2757,782.43,1692.836
600614.SH,20011205,2.2263,2.2323,2.1621,2.1762,2.2253,-0.0490999999999997,-2.2064,1857.37,4086.726
600614.SH,20011204,2.1842,2.2364,2.1561,2.2253,2.1782,0.04709999999999992,2.1623,3500.9,7722.862
600614.SH,20011203,2.1712,2.2033,2.1712,2.1782,2.1712,0.007000000000000117,0.3224,1350.07,2946.163
600614.SH,20011130,2.1712,2.2013,2.1561,2.1712,2.1672,0.0040000000000000036,0.1846,1399.4,3040.64
600614.SH,20011129,2.1311,2.2073,2.115,2.1672,2.1361,0.031099999999999905,1.4559,3344.61,7256.301
600614.SH,20011128,2.104,2.1762,2.0859,2.1361,2.0889,0.04719999999999969,2.2596,2444.97,5208.146
600614.SH,20011127,2.0729,2.0909,2.0599,2.0889,2.0719,0.017000000000000348,0.8205,478.1,990.773
600614.SH,20011126,2.0609,2.0859,2.0558,2.0719,2.0669,0.004999999999999893,0.2419,440.5,907.464
600614.SH,20011123,2.101,2.106,2.0568,2.0669,2.103,-0.03610000000000024,-1.7166,1091.0,2255.352
600614.SH,20011122,2.101,2.116,2.0909,2.103,2.101,0.002000000000000224,0.0952,1314.4,2758.162
600614.SH,20011121,2.126,2.1321,2.0759,2.101,2.118,-0.016999999999999904,-0.8026,1473.29,3077.12
600614.SH,20011120,2.0558,2.1361,2.0558,2.118,2.0759,0.042100000000000026,2.028,2684.42,5623.903
600614.SH,20011119,2.0358,2.0759,2.0358,2.0759,2.0318,0.044099999999999806,2.1705,1109.82,2282.108
600614.SH,20011116,2.1561,2.1862,2.0308,2.0318,2.0157,0.016100000000000225,0.7987,2563.0,5332.698
600614.SH,20011115,2.0057,2.0298,1.9856,2.0157,2.0057,0.009999999999999787,0.4986,826.0,1659.212
600614.SH,20011114,1.9255,2.0759,1.9255,2.0057,1.9365,0.06919999999999993,3.5735,2145.4,4338.04
600614.SH,20011113,1.9546,1.9576,1.9174,1.9365,1.9636,-0.027099999999999902,-1.3801,422.5,816.513
600614.SH,20011112,1.9756,2.0157,1.9536,1.9636,1.9566,0.007000000000000117,0.3578,792.22,1569.608
600614.SH,20011109,1.9405,1.9776,1.9084,1.9566,1.9405,0.016100000000000003,0.8297,785.31,1524.95
600614.SH,20011108,1.8553,2.0057,1.7249,1.9405,1.8864,0.054099999999999815,2.8679,2341.61,4452.153
600614.SH,20011107,2.0207,2.0338,1.8753,1.8864,2.0187,-0.13229999999999986,-6.5537,1537.0,2952.298
600614.SH,20011106,2.0157,2.0659,1.9957,2.0187,2.0157,0.0030000000000001137,0.1488,842.39,1705.216
600614.SH,20011105,2.0659,2.0859,2.0067,2.0157,2.0659,-0.050200000000000244,-2.4299,1164.94,2352.964
600614.SH,20011102,2.0558,2.106,2.0348,2.0659,2.0558,0.010099999999999998,0.4913,1744.83,3613.738
600614.SH,20011101,2.0609,2.116,2.0258,2.0558,2.0538,0.002000000000000224,0.0974,1675.02,3454.867
600614.SH,20011031,2.0438,2.0538,1.9957,2.0538,2.0538,0.0,0.0,1469.12,2957.6
600614.SH,20011030,2.0137,2.0739,1.9887,2.0538,2.0107,0.043099999999999916,2.1435,3095.97,6304.363
600614.SH,20011029,1.9154,2.0558,1.9134,2.0107,1.9215,0.08919999999999995,4.6422,4354.33,8725.143
600614.SH,20011026,1.8753,1.9445,1.8593,1.9215,1.8753,0.04620000000000002,2.4636,1718.01,3282.093
600614.SH,20011025,1.9154,1.9154,1.8553,1.8753,1.9154,-0.040100000000000025,-2.0936,1806.27,3382.496
600614.SH,20011024,1.9034,1.9445,1.8573,1.9154,1.8212,0.09420000000000006,5.1724,4519.26,8606.011
600614.SH,20011023,1.8212,1.8212,1.756,1.8212,1.6557,0.16549999999999998,9.9958,2509.92,4536.216
600614.SH,20011022,1.7048,1.755,1.6497,1.6557,1.755,-0.09929999999999994,-5.6581,889.0,1504.806
600614.SH,20011019,1.8051,1.8302,1.7249,1.755,1.8272,-0.07220000000000004,-3.9514,857.96,1514.414
600614.SH,20011018,1.8352,1.8673,1.8252,1.8272,1.8653,-0.03810000000000002,-2.0426,421.6,773.039
600614.SH,20011017,1.8613,1.9004,1.8613,1.8653,1.8954,-0.030100000000000016,-1.5881,339.94,634.618
600614.SH,20011016,1.9355,1.9556,1.8553,1.8954,1.9335,-0.03810000000000002,-1.9705,994.8,1878.093
600614.SH,20011015,1.8553,1.9556,1.8162,1.9335,1.8533,0.08020000000000005,4.3274,2625.08,5035.68
600614.SH,20011012,1.8332,1.8633,1.7349,1.8533,1.8051,0.04820000000000002,2.6702,1223.59,2208.216
600614.SH,20011011,1.8703,1.8823,1.8051,1.8051,1.8763,-0.07120000000000015,-3.7947,720.5,1311.527
600614.SH,20011010,1.8944,1.9646,1.8593,1.8763,1.8844,-0.008099999999999996,-0.4298,1206.27,2293.548
600614.SH,20011009,1.8051,1.8844,1.8051,1.8844,1.8252,0.05920000000000014,3.2435,540.71,995.995
600614.SH,20011008,1.9365,1.9556,1.8051,1.8252,1.9556,-0.13040000000000007,-6.668,819.0,1509.748
600614.SH,20010928,1.9576,1.9656,1.9556,1.9556,1.9606,-0.004999999999999893,-0.255,494.08,964.79
600614.SH,20010927,1.9947,2.0057,1.9556,1.9606,1.9947,-0.03410000000000002,-1.7095,472.0,930.741
600614.SH,20010926,2.0167,2.0278,1.9866,1.9947,2.0217,-0.027000000000000135,-1.3355,773.5,1545.221
600614.SH,20010925,2.0348,2.0348,2.0167,2.0217,2.0167,0.004999999999999893,0.2479,229.51,462.546
600614.SH,20010924,2.0308,2.0548,2.0077,2.0167,2.0458,-0.02909999999999968,-1.4224,350.6,710.925
600614.SH,20010921,2.0609,2.0929,2.0408,2.0458,2.0619,-0.016100000000000225,-0.7808,319.62,655.395
600614.SH,20010920,2.0458,2.104,2.0358,2.0619,2.0458,0.016100000000000225,0.787,1010.7,2091.013
600614.SH,20010919,2.0278,2.0609,2.0007,2.0458,2.0278,0.017999999999999794,0.8877,680.87,1369.268
600614.SH,20010918,1.9967,2.0739,1.9967,2.0278,2.0107,0.017100000000000115,0.8505,508.41,1023.076
600614.SH,20010917,2.0308,2.0659,2.0057,2.0107,2.0709,-0.06020000000000003,-2.9069,829.0,1672.237
600614.SH,20010914,2.0609,2.096,2.0558,2.0709,2.0558,0.015099999999999891,0.7345,668.01,1378.852
600614.SH,20010913,2.0909,2.11,2.0458,2.0558,2.0859,-0.030100000000000016,-1.443,1546.0,3183.362
600614.SH,20010912,2.0859,2.106,2.0258,2.0859,2.1311,-0.04519999999999991,-2.121,1355.2,2801.473
600614.SH,20010911,2.1662,2.1662,2.106,2.1311,2.1551,-0.02400000000000002,-1.1136,911.0,1933.371
600614.SH,20010910,2.0258,2.1742,1.9656,2.1551,2.0909,0.06420000000000003,3.0704,1664.06,3479.91
600614.SH,20010907,2.1662,2.1712,2.0909,2.0909,2.1812,-0.09030000000000005,-4.1399,1256.0,2659.558
600614.SH,20010906,2.2043,2.2434,2.1662,2.1812,2.1912,-0.009999999999999787,-0.4564,1121.67,2462.552
600614.SH,20010905,2.1662,2.2404,2.1631,2.1912,2.1451,0.04610000000000003,2.1491,3489.62,7692.731
600614.SH,20010904,2.0538,2.1962,2.0538,2.1451,2.0749,0.07019999999999982,3.3833,2349.08,4955.558
600614.SH,20010903,2.123,2.1762,2.0659,2.0749,2.1441,-0.06919999999999993,-3.2275,1190.0,2499.866
600614.SH,20010831,2.1862,2.2063,2.127,2.1441,2.1822,-0.03810000000000002,-1.7459,939.6,2024.478
600614.SH,20010830,2.1712,2.2243,2.1561,2.1822,2.1712,0.01100000000000012,0.5066,1222.5,2669.219
600614.SH,20010829,2.1852,2.2153,2.094,2.1712,2.2153,-0.04410000000000025,-1.9907,3029.72,6548.612
600614.SH,20010828,2.2063,2.2865,2.117,2.2153,2.3517,-0.13640000000000008,-5.8001,4296.39,9274.503
600614.SH,20010827,2.3878,2.4068,2.3386,2.3517,2.4269,-0.07519999999999971,-3.0986,737.1,1735.261
600614.SH,20010824,2.45,2.4871,2.4058,2.4269,2.4831,-0.05620000000000003,-2.2633,638.7,1548.662
600614.SH,20010823,2.469,2.4831,2.449,2.4831,2.4841,-0.001000000000000334,-0.0403,193.0,474.315
600614.SH,20010822,2.5172,2.5172,2.4419,2.4841,2.5172,-0.033099999999999685,-1.315,558.05,1373.187
600614.SH,20010821,2.5432,2.5673,2.5081,2.5172,2.4831,0.03410000000000002,1.3733,694.06,1755.081
600614.SH,20010820,2.4369,2.4921,2.4369,2.4831,2.455,0.028099999999999792,1.1446,248.8,613.977
600614.SH,20010817,2.4399,2.4941,2.4289,2.455,2.469,-0.01399999999999979,-0.567,240.0,586.407
600614.SH,20010816,2.5172,2.5172,2.469,2.469,2.5172,-0.04820000000000002,-1.9148,587.8,1459.841
600614.SH,20010815,2.4881,2.5442,2.4881,2.5172,2.4861,0.031099999999999905,1.251,697.86,1755.745
600614.SH,20010814,2.475,2.5362,2.467,2.4861,2.475,0.011099999999999888,0.4485,752.25,1877.9
600614.SH,20010813,2.4971,2.4971,2.459,2.475,2.4921,-0.017100000000000115,-0.6862,387.6,957.168
600614.SH,20010810,2.4821,2.5262,2.4821,2.4921,2.4821,0.010000000000000231,0.4029,813.0,2027.712
600614.SH,20010809,2.467,2.4911,2.447,2.4821,2.4449,0.0371999999999999,1.5215,668.09,1648.222
600614.SH,20010808,2.5061,2.5061,2.4369,2.4449,2.4409,0.0040000000000000036,0.1639,438.8,1077.836
600614.SH,20010807,2.3878,2.4429,2.3868,2.4409,2.4179,0.02300000000000013,0.9512,515.15,1240.766
600614.SH,20010806,2.4419,2.5332,2.3868,2.4179,2.4299,-0.01200000000000001,-0.4938,1291.97,3166.913
600614.SH,20010803,2.4269,2.466,2.4068,2.4299,2.4259,0.0040000000000000036,0.1649,573.46,1386.5
600614.SH,20010802,2.4871,2.4881,2.3577,2.4259,2.4871,-0.06119999999999992,-2.4607,876.78,2115.174
600614.SH,20010801,2.3968,2.5031,2.3968,2.4871,2.3868,0.10029999999999983,4.2023,777.59,1900.352
600614.SH,20010731,2.4068,2.4951,2.3467,2.3868,2.4119,-0.025100000000000122,-1.0407,766.0,1841.739
600614.SH,20010730,2.5773,2.5864,2.4068,2.4119,2.5904,-0.17849999999999966,-6.8908,1299.3,3196.018
600614.SH,20010727,2.6756,2.6766,2.5874,2.5904,2.6756,-0.08520000000000039,-3.1843,670.72,1754.146
600614.SH,20010726,2.7077,2.7177,2.6656,2.6756,2.7177,-0.04209999999999958,-1.5491,445.45,1189.259
600614.SH,20010725,2.6906,2.7829,2.6375,2.7177,2.6766,0.04109999999999969,1.5355,1102.72,2984.103
600614.SH,20010724,2.6395,2.7017,2.6395,2.6766,2.6676,0.008999999999999897,0.3374,494.08,1315.507
600614.SH,20010723,2.7177,2.7278,2.6475,2.6676,2.6896,-0.021999999999999797,-0.818,760.18,2019.451
600614.SH,20010720,2.7077,2.7077,2.6596,2.6896,2.6866,0.0030000000000001137,0.1117,1288.14,3443.62
600614.SH,20010719,2.7257,2.7257,2.6355,2.6866,2.7358,-0.04919999999999991,-1.7984,1199.61,3198.124
600614.SH,20010718,2.5573,2.7919,2.5573,2.7358,2.5573,0.17849999999999966,6.98,3620.01,9713.287
600614.SH,20010717,2.6064,2.6084,2.5071,2.5573,2.6245,-0.0671999999999997,-2.5605,2432.28,6148.527
600614.SH,20010716,2.7578,2.7689,2.6225,2.6245,2.7378,-0.11330000000000018,-4.1384,1673.0,4475.671
600614.SH,20010713,2.7237,2.813,2.7057,2.7378,2.7338,0.0040000000000000036,0.1463,1005.08,2762.352
600614.SH,20010712,2.798,2.803,2.6876,2.7338,2.803,-0.06919999999999993,-2.4688,1565.36,4249.655
600614.SH,20010711,2.8832,2.8832,2.798,2.803,2.8792,-0.07620000000000005,-2.6466,1420.0,3990.803
600614.SH,20010710,2.8742,2.8902,2.8591,2.8792,2.8712,0.008000000000000007,0.2786,810.09,2320.881
600614.SH,20010709,2.9002,2.9002,2.8611,2.8712,2.8982,-0.027000000000000135,-0.9316,759.85,2175.256
600614.SH,20010706,2.8682,2.9584,2.8682,2.8982,2.8972,0.0009999999999998899,0.0345,372.0,1076.576
600614.SH,20010705,2.9434,2.9484,2.8832,2.8972,2.9504,-0.053199999999999914,-1.8031,964.75,2786.238
600614.SH,20010704,2.9424,2.9925,2.9283,2.9504,2.9283,0.02210000000000001,0.7547,356.0,1053.253
600614.SH,20010703,2.9584,2.9584,2.8962,2.9283,2.9163,0.01200000000000001,0.4115,431.4,1253.121
600614.SH,20010702,2.9384,2.9584,2.8962,2.9163,2.9263,-0.009999999999999787,-0.3417,610.97,1775.028
600614.SH,20010629,2.9674,2.9674,2.9163,2.9263,2.9123,0.01399999999999979,0.4807,566.74,1655.446
600614.SH,20010628,2.9684,2.9684,2.9083,2.9123,2.9684,-0.05609999999999982,-1.8899,1788.19,5211.129
600614.SH,20010627,2.9584,3.0386,2.9313,2.9684,2.9484,0.020000000000000018,0.6783,962.49,2877.938
600614.SH,20010626,2.9103,2.9684,2.9103,2.9484,2.9584,-0.010000000000000231,-0.338,990.39,2895.877
600614.SH,20010625,2.9384,2.9885,2.9083,2.9584,2.9604,-0.0019999999999997797,-0.0676,988.13,2902.625
600614.SH,20010622,2.9584,3.0206,2.9333,2.9604,2.9885,-0.028100000000000236,-0.9403,1044.0,3084.79
600614.SH,20010621,3.0166,3.0176,2.8581,2.9885,3.0136,-0.025099999999999678,-0.8329,1113.08,3279.469
600614.SH,20010620,2.9384,3.0928,2.9384,3.0136,2.8932,0.12039999999999962,4.1615,2980.28,9064.715
600614.SH,20010619,2.8682,2.9083,2.8682,2.8932,2.9033,-0.010099999999999998,-0.3479,1162.74,3357.051
600614.SH,20010618,2.9885,2.9885,2.8832,2.9033,2.9704,-0.06709999999999994,-2.259,1781.61,5179.338
600614.SH,20010615,2.9885,2.9885,2.9263,2.9704,2.9935,-0.0230999999999999,-0.7717,1641.29,4823.276
600614.SH,20010614,3.0587,3.0808,2.9785,2.9935,3.0236,-0.030100000000000016,-0.9955,1890.19,5645.033
600614.SH,20010613,3.0537,3.0737,2.9885,3.0236,3.0537,-0.030100000000000016,-0.9857,3027.3,9099.313
600614.SH,20010612,3.0487,3.1269,3.0366,3.0537,3.0787,-0.02499999999999991,-0.812,1865.45,5701.377
600614.SH,20010611,3.1189,3.1961,3.0386,3.0787,3.1118,-0.03310000000000013,-1.0637,1533.6,4722.758
600614.SH,20010608,3.0888,3.1399,3.0436,3.1118,3.0988,0.0129999999999999,0.4195,1274.46,3936.565
600614.SH,20010607,3.159,3.159,3.0898,3.0988,3.159,-0.06019999999999959,-1.9057,1942.67,6026.585
600614.SH,20010606,3.2382,3.2873,3.1299,3.159,3.2191,-0.060100000000000264,-1.867,4162.58,13331.194
600614.SH,20010605,3.1379,3.2893,3.0637,3.2191,3.1078,0.11129999999999995,3.5813,8814.52,28122.316
600614.SH,20010604,3.0988,3.159,3.0888,3.1078,3.0988,0.008999999999999897,0.2904,1839.69,5705.048
600614.SH,20010601,3.159,3.2242,3.0787,3.0988,3.162,-0.0631999999999997,-1.9987,6177.23,19342.275
600614.SH,20010531,3.1289,3.3194,3.0487,3.162,3.0888,0.07319999999999993,2.3699,16381.22,52311.503
600614.SH,20010530,2.9885,3.1088,2.9885,3.0888,2.9795,0.10930000000000017,3.6684,4709.05,14373.427
600614.SH,20010529,2.8782,3.0386,2.8581,2.9795,2.8932,0.0862999999999996,2.9829,2264.94,6666.588
600614.SH,20010528,2.9634,2.9785,2.8712,2.8932,2.9584,-0.06519999999999992,-2.2039,1593.1,4617.887
600614.SH,20010525,2.9584,2.9985,2.9524,2.9584,2.9524,0.006000000000000227,0.2032,943.46,2791.579
600614.SH,20010524,2.9885,3.0236,2.9464,2.9524,2.9935,-0.041100000000000136,-1.373,1490.69,4409.467
600614.SH,20010523,3.0436,3.0436,2.9654,2.9935,3.0386,-0.04510000000000014,-1.4842,1918.04,5719.894
600614.SH,20010522,3.0637,3.0868,3.0336,3.0386,3.0617,-0.0230999999999999,-0.7545,1249.7,3786.865
600614.SH,20010521,3.0607,3.0988,3.0386,3.0617,3.0447,0.016999999999999904,0.5583,1720.48,5253.647
600614.SH,20010518,3.0436,3.1038,3.0346,3.0447,3.0436,0.001100000000000101,0.0361,1598.11,4870.855
600614.SH,20010517,3.0787,3.1088,3.0366,3.0436,3.0988,-0.05520000000000014,-1.7813,3192.43,9717.031
600614.SH,20010516,3.1389,3.158,3.0587,3.0988,3.1349,-0.0360999999999998,-1.1516,2499.51,7720.971
600614.SH,20010515,3.1289,3.2532,3.0747,3.1349,3.0677,0.06720000000000015,2.1906,2027.16,6344.534
600614.SH,20010511,3.1169,3.156,3.0517,3.0677,3.1018,-0.03410000000000002,-1.0994,1895.5,5848.462
600614.SH,20010510,3.0868,3.153,3.0767,3.1018,3.0366,0.06519999999999992,2.1471,2598.73,8087.143
600614.SH,20010509,3.0236,3.0888,3.0216,3.0366,3.0637,-0.027099999999999902,-0.8846,1875.61,5694.609
600614.SH,20010508,3.1088,3.1329,3.0246,3.0637,3.0868,-0.023100000000000342,-0.7483,2379.27,7250.008
600614.SH,20010430,3.0767,3.1991,3.0687,3.0868,3.1098,-0.022999999999999687,-0.7396,2418.41,7512.125
600614.SH,20010427,3.0868,3.2252,3.0737,3.1098,3.0687,0.04109999999999969,1.3393,9211.61,29146.034
600614.SH,20010426,3.0687,3.1991,2.9644,3.0687,3.0767,-0.008000000000000007,-0.26,6885.34,20930.65
600614.SH,20010425,3.3014,3.3014,3.0085,3.0767,3.2994,-0.22269999999999968,-6.7497,8455.01,26661.333
600614.SH,20010424,3.0186,3.3024,3.0186,3.2994,3.0025,0.29689999999999994,9.8884,21856.3,69918.947
600614.SH,20010423,2.9384,3.0577,2.9353,3.0025,2.9384,0.06409999999999982,2.1815,4074.64,12207.681
600614.SH,20010420,2.9484,3.0366,2.9384,2.9384,2.9363,0.0020999999999999908,0.0715,3044.91,9093.215
600614.SH,20010419,3.0276,3.0276,2.9233,2.9363,3.0246,-0.08829999999999982,-2.9194,2773.7,8132.387
600614.SH,20010418,2.8742,3.0757,2.8742,3.0246,2.8782,0.14639999999999986,5.0865,9372.19,28254.123
600614.SH,20010417,2.9083,2.9083,2.8581,2.8782,2.9043,-0.026100000000000012,-0.8987,2459.01,7043.508
600614.SH,20010416,2.9153,2.9283,2.8601,2.9043,2.9223,-0.017999999999999794,-0.616,3311.08,9531.668
600614.SH,20010413,2.9494,2.9584,2.9093,2.9223,2.9494,-0.027099999999999902,-0.9188,2225.3,6486.784
600614.SH,20010412,3.0487,3.0597,2.9474,2.9494,2.9865,-0.03710000000000013,-1.2423,2504.43,7478.269
600614.SH,20010411,2.9985,2.9985,2.9674,2.9865,2.9634,0.0230999999999999,0.7795,1085.12,3231.453
600614.SH,20010409,2.9985,3.0166,2.9434,2.9634,2.9945,-0.031099999999999905,-1.0386,1239.46,3676.945
600614.SH,20010406,2.9183,3.0085,2.9143,2.9945,2.9283,0.06619999999999981,2.2607,1749.98,5183.385
600614.SH,20010405,2.9083,2.9434,2.9083,2.9283,2.9263,0.002000000000000224,0.0683,989.83,2883.866
600614.SH,20010404,2.9384,2.9945,2.9193,2.9263,2.9233,0.0030000000000001137,0.1026,1412.13,4161.992
600614.SH,20010403,2.9684,2.9775,2.9093,2.9233,2.9704,-0.047100000000000364,-1.5856,2263.0,6610.684
600614.SH,20010402,3.0587,3.0587,2.9584,2.9704,2.9735,-0.0030999999999998806,-0.1043,1514.2,4489.414
600614.SH,20010330,2.9745,3.0186,2.9584,2.9735,2.9735,0.0,0.0,1373.75,4075.708
600614.SH,20010329,3.0286,3.0286,2.9684,2.9735,2.9935,-0.020000000000000018,-0.6681,1473.95,4372.959
600614.SH,20010328,2.9985,3.0477,2.9584,2.9935,2.9935,0.0,0.0,1267.24,3785.947
600614.SH,20010327,3.0406,3.0587,2.9384,2.9935,3.0376,-0.044099999999999806,-1.4518,2180.28,6525.766
600614.SH,20010326,3.0075,3.0547,2.9885,3.0376,3.0085,0.02909999999999968,0.9673,3261.41,9831.244
600614.SH,20010323,3.0286,3.0366,2.9263,3.0085,2.9935,0.015000000000000124,0.5011,2196.9,6507.209
600614.SH,20010322,2.9163,3.0667,2.9163,2.9935,2.9123,0.08119999999999994,2.7882,3621.26,10856.854
600614.SH,20010321,2.9093,2.9654,2.9083,2.9123,2.9303,-0.017999999999999794,-0.6143,2405.45,7005.9
600614.SH,20010320,2.9394,2.9865,2.9133,2.9303,2.9634,-0.03310000000000013,-1.117,2159.91,6317.967
600614.SH,20010319,2.9684,3.0286,2.9083,2.9634,2.9584,0.004999999999999893,0.169,1923.74,5697.445
600614.SH,20010316,3.0386,3.0888,2.9384,2.9584,3.0467,-0.08829999999999982,-2.8982,3127.31,9296.191
600614.SH,20010315,3.0246,3.1078,3.0096,3.0467,3.0015,0.04519999999999991,1.5059,5252.52,16058.644
600614.SH,20010314,3.0065,3.0176,2.9303,3.0015,3.0035,-0.0019999999999997797,-0.0666,2764.89,8219.461
600614.SH,20010313,2.8631,3.0517,2.8631,3.0035,2.8631,0.14039999999999964,4.9038,6435.55,19181.06
600614.SH,20010312,2.9083,2.9333,2.8481,2.8631,2.9083,-0.04519999999999991,-1.5542,1888.9,5421.842
600614.SH,20010309,2.9534,2.9835,2.8772,2.9083,2.9384,-0.030100000000000016,-1.0244,3483.22,10066.423
600614.SH,20010308,2.8892,2.9965,2.8682,2.9384,2.9063,0.03210000000000024,1.1045,2178.74,6331.485
600614.SH,20010307,2.9684,2.9684,2.8882,2.9063,2.9684,-0.062100000000000044,-2.092,3093.24,8975.284
600614.SH,20010306,2.9885,3.0687,2.9384,2.9684,2.9935,-0.025100000000000122,-0.8385,3338.05,9952.524
600614.SH,20010305,2.9183,3.0055,2.8882,2.9935,2.9935,0.0,0.0,4155.81,12115.72
600614.SH,20010302,2.9414,3.1088,2.9414,2.9935,2.9865,0.007000000000000117,0.2344,4171.04,12626.335
600614.SH,20010301,3.0467,3.0497,2.8541,2.9865,3.0567,-0.07020000000000026,-2.2966,5993.96,17635.626
600614.SH,20010228,3.177,3.1931,3.0085,3.0567,3.181,-0.12429999999999986,-3.9076,6365.11,19580.18
600614.SH,20010227,2.9795,3.182,2.9795,3.181,2.9765,0.2044999999999999,6.8705,11720.27,36449.658
600614.SH,20010226,2.8982,3.0447,2.8782,2.9765,2.9704,0.006099999999999994,0.2054,5254.68,15659.544
600614.SH,20010223,2.9073,3.1871,2.7779,2.9704,2.9223,0.048100000000000254,1.646,14921.74,44602.809
600614.SH,20010222,2.5974,2.9223,2.5894,2.9223,2.6565,0.26580000000000004,10.0056,11807.16,33860.293
600614.SH,20010221,2.7027,2.7157,2.5472,2.6565,2.7227,-0.06620000000000026,-2.4314,2779.58,7253.738
600614.SH,20010220,2.7659,2.8581,2.6586,2.7227,2.6425,0.08020000000000005,3.035,5620.96,15517.229
600614.SH,20010219,2.3928,2.6425,2.3928,2.6425,2.4018,0.24069999999999991,10.0217,1894.17,4809.604
600614.SH,20010216,2.3988,2.4058,2.3707,2.4018,2.3968,0.0050000000000003375,0.2086,664.58,1576.94
600614.SH,20010215,2.4319,2.4359,2.3768,2.3968,2.3938,0.0029999999999996696,0.1253,516.04,1235.356
600614.SH,20010214,2.3577,2.4219,2.3577,2.3938,2.3707,0.023100000000000342,0.9744,1152.33,2750.195
600614.SH,20010213,2.3547,2.457,2.3467,2.3707,2.446,-0.07530000000000037,-3.0785,2022.09,4808.335
600614.SH,20010212,2.4871,2.5162,2.3066,2.446,2.4961,-0.05010000000000003,-2.0071,1502.61,3635.671
600614.SH,20010209,2.4219,2.5071,2.4219,2.4961,2.4219,0.07420000000000027,3.0637,891.15,2201.368
600614.SH,20010208,2.6074,2.6425,2.4189,2.4219,2.6174,-0.1955,-7.4692,1632.7,4191.155
600614.SH,20010207,2.6977,2.6977,2.6074,2.6174,2.6886,-0.07120000000000015,-2.6482,804.41,2107.617
600614.SH,20010206,2.7077,2.7077,2.6375,2.6886,2.7077,-0.019099999999999895,-0.7054,574.8,1524.874
600614.SH,20010205,2.8561,2.8581,2.6596,2.7077,2.8361,-0.12840000000000007,-4.5273,705.73,1911.154
600614.SH,20010119,2.6596,2.9073,2.6565,2.8361,2.6555,0.1806000000000001,6.801,2181.9,6083.09
600614.SH,20010118,2.5763,2.6726,2.5593,2.6555,2.5723,0.08320000000000016,3.2345,1443.51,3784.223
600614.SH,20010117,2.6174,2.6876,2.5352,2.5723,2.6525,-0.08020000000000005,-3.0236,3355.83,8658.678
600614.SH,20010116,2.7508,2.813,2.5874,2.6525,2.7759,-0.12340000000000018,-4.4454,3000.21,8062.938
600614.SH,20010115,2.9183,2.9333,2.7578,2.7759,2.9343,-0.15839999999999987,-5.3982,1643.55,4645.483
600614.SH,20010112,2.818,3.0487,2.818,2.9343,2.8882,0.04610000000000003,1.5961,4523.45,13424.271
600614.SH,20010111,2.9193,2.9684,2.8732,2.8882,2.9373,-0.049100000000000144,-1.6716,1520.59,4415.967
600614.SH,20010110,2.9183,2.9654,2.8872,2.9373,2.9183,0.019000000000000128,0.6511,1878.68,5496.581
600614.SH,20010109,2.806,2.9534,2.7879,2.9183,2.826,0.09229999999999983,3.2661,1677.81,4819.662
600614.SH,20010108,2.9083,2.9283,2.808,2.826,2.9434,-0.11739999999999995,-3.9886,3082.56,8806.113
600614.SH,20010105,3.0085,3.0085,2.8792,2.9434,2.9985,-0.05509999999999993,-1.8376,2043.19,5965.581
600614.SH,20010104,2.9083,3.0286,2.8671,2.9985,2.9133,0.08519999999999994,2.9245,3079.06,9101.0
600614.SH,20010103,2.9905,2.9985,2.814,2.9133,2.9945,-0.08119999999999994,-2.7116,6591.51,19134.386
600614.SH,20010102,3.1891,3.1891,2.8882,2.9945,3.2091,-0.2145999999999999,-6.6872,10779.62,31977.442
600614.SH,20001228,3.2392,3.3275,3.176,3.2091,3.2593,-0.050200000000000244,-1.5402,3716.37,11936.275
600614.SH,20001227,3.1219,3.3595,3.0948,3.2593,3.1189,0.14040000000000008,4.5016,6120.95,19683.376
600614.SH,20001226,3.0537,3.159,3.0537,3.1189,3.0487,0.07019999999999982,2.3026,4345.42,13515.494
600614.SH,20001225,3.2091,3.2452,3.0166,3.0487,3.2191,-0.17039999999999988,-5.2934,7463.23,23060.422
600614.SH,20001222,3.3094,3.3886,3.164,3.2191,3.3224,-0.10329999999999995,-3.1092,7336.58,23951.745
600614.SH,20001221,3.4679,3.5962,3.3194,3.3224,3.3977,-0.07529999999999992,-2.2162,14600.4,50876.647
600614.SH,20001220,3.2021,3.3977,3.1199,3.3977,3.0888,0.30889999999999995,10.0006,13918.15,45338.448
600614.SH,20001219,2.8441,3.0888,2.808,3.0888,2.808,0.28080000000000016,10.0,7487.14,22676.209
600614.SH,20001218,2.7328,2.9103,2.7087,2.808,2.7157,0.09229999999999983,3.3988,6218.53,17618.561
600614.SH,20001215,2.7659,2.8752,2.7057,2.7157,2.816,-0.10029999999999983,-3.5618,5552.85,15227.78
600614.SH,20001214,2.7077,2.9584,2.7077,2.816,2.7107,0.10529999999999973,3.8846,7925.69,22561.961
600614.SH,20001213,2.6916,2.817,2.6425,2.7107,2.6957,0.015000000000000124,0.5564,6464.32,17527.95
600614.SH,20001212,2.798,2.798,2.6435,2.6957,2.816,-0.12029999999999985,-4.272,7491.56,20176.416
600614.SH,20001211,2.6876,2.827,2.6475,2.816,2.6977,0.11829999999999963,4.3852,7885.65,21675.781
600614.SH,20001208,2.9083,2.9985,2.6686,2.6977,2.9584,-0.26069999999999993,-8.8122,12885.85,35908.44
600614.SH,20001207,2.7127,3.0035,2.6776,2.9584,2.7578,0.2006000000000001,7.2739,10578.0,30074.848
600614.SH,20001206,2.5151,2.7759,2.467,2.7578,2.5232,0.23459999999999992,9.2977,14757.0,39927.489
600614.SH,20001205,2.3988,2.5272,2.3747,2.5232,2.4098,0.11339999999999995,4.7058,6726.08,16309.786
600614.SH,20001204,2.3216,2.455,2.3045,2.4098,2.3266,0.08320000000000016,3.576,9095.9,21745.758
600614.SH,20001201,2.3066,2.451,2.2664,2.3266,2.2564,0.07019999999999982,3.1112,21800.68,51099.227
600614.SH,20001130,2.0468,2.2564,1.9927,2.2564,2.0508,0.2056,10.0254,14168.9,30222.779
600614.SH,20001129,2.0318,2.1501,2.0057,2.0508,2.0057,0.04510000000000014,2.2486,13010.69,26835.454
600614.SH,20001128,1.8302,2.0057,1.8302,2.0057,1.8232,0.1825000000000001,10.0099,14290.55,27556.694
600614.SH,20001127,1.742,1.8713,1.7099,1.8232,1.7279,0.09529999999999994,5.5154,5917.78,10586.509
600614.SH,20001124,1.7951,1.8021,1.7249,1.7279,1.7861,-0.05820000000000003,-3.2585,3404.0,5985.597
600614.SH,20001123,1.7861,1.8152,1.7811,1.7861,1.7841,0.0020000000000000018,0.1121,2582.94,4624.124
600614.SH,20001122,1.7851,1.8232,1.769,1.7841,1.7931,-0.008999999999999897,-0.5019,1513.9,2703.545
600614.SH,20001121,1.757,1.8442,1.757,1.7931,1.757,0.03610000000000002,2.0546,6059.35,10925.302
600614.SH,20001120,1.7309,1.775,1.7309,1.757,1.7299,0.027099999999999902,1.5666,2204.16,3839.889
600614.SH,20001117,1.772,1.772,1.7249,1.7299,1.774,-0.04410000000000003,-2.4859,2105.0,3642.991
600614.SH,20001116,1.745,1.8011,1.745,1.774,1.743,0.030999999999999917,1.7785,3648.0,6461.948
600614.SH,20001115,1.7409,1.761,1.7159,1.743,1.7409,0.002100000000000213,0.1206,2839.0,4921.002
600614.SH,20001114,1.765,1.768,1.7149,1.7409,1.769,-0.028100000000000014,-1.5885,3904.0,6748.53
600614.SH,20001113,1.6818,1.8051,1.6748,1.769,1.6587,0.11029999999999984,6.6498,15517.0,27265.951
600614.SH,20001110,1.6377,1.6597,1.6346,1.6587,1.6346,0.02410000000000001,1.4744,2726.0,4477.365
600614.SH,20001109,1.6216,1.6457,1.6056,1.6346,1.6176,0.017000000000000126,1.0509,1952.0,3169.36
600614.SH,20001108,1.6256,1.6296,1.6026,1.6176,1.6246,-0.007000000000000117,-0.4309,1087.0,1747.451
600614.SH,20001107,1.6126,1.6296,1.6056,1.6246,1.6216,0.0030000000000001137,0.185,1281.0,2066.929
600614.SH,20001106,1.6046,1.6246,1.6046,1.6216,1.6076,0.014000000000000012,0.8709,2479.0,4003.324
600614.SH,20001103,1.5855,1.6346,1.5855,1.6076,1.5985,0.009099999999999886,0.5693,2140.0,3450.114
600614.SH,20001102,1.5875,1.6026,1.5785,1.5985,1.5865,0.01200000000000001,0.7564,1860.0,2952.686
600614.SH,20001101,1.5554,1.5915,1.5554,1.5865,1.5574,0.029100000000000126,1.8685,412.0,647.656
600614.SH,20001031,1.5805,1.5805,1.5564,1.5574,1.5805,-0.02310000000000012,-1.4616,558.0,872.295
600614.SH,20001030,1.5644,1.5905,1.5644,1.5805,1.5775,0.0030000000000001137,0.1902,494.0,777.665
600614.SH,20001027,1.5895,1.5925,1.5554,1.5775,1.5885,-0.01100000000000012,-0.6925,1052.0,1644.824
600614.SH,20001026,1.6046,1.6146,1.5845,1.5885,1.6066,-0.018100000000000005,-1.1266,1085.0,1727.069
600614.SH,20001025,1.6046,1.6246,1.6026,1.6066,1.6126,-0.006000000000000005,-0.3721,1017.0,1633.952
600614.SH,20001024,1.6848,1.6848,1.5945,1.6126,1.6026,0.010000000000000009,0.624,3503.0,5697.458
600614.SH,20001023,1.5925,1.6146,1.5745,1.6026,1.5795,0.02310000000000012,1.4625,2455.0,3904.985
600614.SH,20001020,1.5644,1.5825,1.5644,1.5795,1.5665,0.0129999999999999,0.8299,726.0,1137.376
600614.SH,20001019,1.5755,1.5795,1.5594,1.5665,1.5745,-0.008000000000000007,-0.5081,874.0,1368.46
600614.SH,20001018,1.5514,1.5845,1.5514,1.5745,1.5514,0.02310000000000012,1.489,1971.0,3084.927
600614.SH,20001017,1.5073,1.5544,1.5073,1.5514,1.5344,0.016999999999999904,1.1079,589.0,907.663
600614.SH,20001016,1.5524,1.5544,1.5243,1.5344,1.5414,-0.007000000000000117,-0.4541,583.0,890.925
600614.SH,20001013,1.5153,1.5564,1.5153,1.5414,1.5414,0.0,0.0,508.0,783.206
600614.SH,20001012,1.5344,1.5514,1.5153,1.5414,1.5324,0.009000000000000119,0.5873,403.0,615.683
600614.SH,20001011,1.5424,1.5564,1.5314,1.5324,1.5504,-0.018000000000000016,-1.161,596.0,915.139
600614.SH,20001010,1.5253,1.5524,1.5193,1.5504,1.5334,0.016999999999999904,1.1086,1082.0,1657.148
600614.SH,20001009,1.5243,1.5524,1.5023,1.5334,1.5434,-0.010000000000000009,-0.6479,965.0,1459.739
600614.SH,20000929,1.5243,1.5925,1.5043,1.5434,1.5324,0.01100000000000012,0.7178,1190.0,1841.012
600614.SH,20000928,1.6026,1.6026,1.5063,1.5324,1.5444,-0.01200000000000001,-0.777,1162.0,1790.692
600614.SH,20000927,1.4862,1.5444,1.4842,1.5444,1.4842,0.06020000000000003,4.0561,719.0,1084.313
600614.SH,20000926,1.4822,1.4892,1.4642,1.4842,1.4662,0.018000000000000016,1.2277,474.0,699.461
600614.SH,20000925,1.4732,1.5023,1.4642,1.4662,1.4942,-0.028000000000000025,-1.8739,677.0,995.91
600614.SH,20000922,1.5053,1.5143,1.4822,1.4942,1.5223,-0.028100000000000014,-1.8459,678.0,1013.4
600614.SH,20000921,1.5394,1.5404,1.5203,1.5223,1.5394,-0.017100000000000115,-1.1108,341.0,519.329
600614.SH,20000920,1.5725,1.5725,1.5043,1.5394,1.5394,0.0,0.0,800.0,1213.551
600614.SH,20000919,1.5534,1.5594,1.5243,1.5394,1.5604,-0.020999999999999908,-1.3458,730.0,1118.406
600614.SH,20000918,1.5805,1.5935,1.5544,1.5604,1.5945,-0.03410000000000002,-2.1386,611.0,957.303
600614.SH,20000915,1.5584,1.6046,1.5584,1.5945,1.5755,0.019000000000000128,1.206,386.0,607.164
600614.SH,20000914,1.5945,1.6046,1.5614,1.5755,1.6146,-0.039100000000000135,-2.4217,1204.0,1891.715
600614.SH,20000913,1.6928,1.6928,1.6036,1.6146,1.6026,0.01200000000000001,0.7488,1557.0,2556.939
600614.SH,20000912,1.5945,1.6026,1.5544,1.6026,1.5965,0.006099999999999994,0.3821,642.0,1009.05
600614.SH,20000911,1.5675,1.6036,1.5675,1.5965,1.5765,0.020000000000000018,1.2686,525.0,831.089
600614.SH,20000908,1.5745,1.6126,1.5544,1.5765,1.5644,0.0121,0.7735,648.0,1023.996
600614.SH,20000907,1.5243,1.5825,1.5243,1.5644,1.5143,0.05010000000000003,3.3085,1010.0,1561.217
600614.SH,20000906,1.5444,1.5795,1.5123,1.5143,1.5665,-0.052200000000000024,-3.3323,931.35,1429.362
600614.SH,20000905,1.6246,1.6246,1.5644,1.5665,1.6146,-0.04810000000000003,-2.9791,983.0,1564.169
600614.SH,20000904,1.6096,1.6246,1.5845,1.6146,1.6166,-0.0020000000000000018,-0.1237,1152.0,1829.775
600614.SH,20000901,1.6156,1.6497,1.6126,1.6166,1.6326,-0.016000000000000014,-0.98,903.0,1466.239
600614.SH,20000831,1.6938,1.6938,1.6296,1.6326,1.7028,-0.07020000000000004,-4.1226,1292.0,2132.46
600614.SH,20000830,1.7229,1.7339,1.6898,1.7028,1.7129,-0.010099999999999998,-0.5896,839.0,1441.041
600614.SH,20000829,1.7199,1.7349,1.6978,1.7129,1.7199,-0.006999999999999895,-0.407,810.0,1385.12
600614.SH,20000828,1.7008,1.7209,1.6898,1.7199,1.6948,0.0250999999999999,1.481,1185.0,2011.626
600614.SH,20000825,1.6848,1.7048,1.6748,1.6948,1.6948,0.0,0.0,621.0,1043.984
600614.SH,20000824,1.6848,1.7149,1.6597,1.6948,1.6848,0.010000000000000009,0.5935,1355.0,2285.613
600614.SH,20000823,1.6848,1.7048,1.6196,1.6848,1.6848,0.0,0.0,3533.0,5849.359
600614.SH,20000822,1.759,1.775,1.6848,1.6848,1.758,-0.07319999999999993,-4.1638,1775.0,3067.582
600614.SH,20000821,1.765,1.7821,1.7299,1.758,1.743,0.014999999999999902,0.8606,2887.0,5051.825
600614.SH,20000818,1.7229,1.755,1.7079,1.743,1.7099,0.03310000000000013,1.9358,3214.0,5575.947
600614.SH,20000817,1.6948,1.7389,1.6948,1.7099,1.6908,0.019099999999999895,1.1296,1323.0,2272.917
600614.SH,20000816,1.6998,1.749,1.6848,1.6908,1.7028,-0.01200000000000001,-0.7047,1290.0,2187.902
600614.SH,20000815,1.7229,1.7229,1.6166,1.7028,1.7109,-0.008099999999999996,-0.4734,1758.0,2958.836
600614.SH,20000814,1.7048,1.7319,1.7048,1.7109,1.7259,-0.014999999999999902,-0.8691,1380.0,2355.743
600614.SH,20000811,1.7339,1.755,1.7169,1.7259,1.7991,-0.07319999999999993,-4.0687,2528.0,4363.328
600614.SH,20000810,1.7119,1.7991,1.6748,1.7991,1.7119,0.08719999999999994,5.0938,3397.0,5819.873
600614.SH,20000809,1.7028,1.7199,1.6898,1.7119,1.7018,0.010099999999999998,0.5935,1199.0,2036.348
600614.SH,20000808,1.6868,1.7209,1.6848,1.7018,1.6888,0.0129999999999999,0.7698,1594.0,2709.404
600614.SH,20000807,1.6998,1.7199,1.6848,1.6888,1.6998,-0.010999999999999899,-0.6471,1563.0,2636.325
600614.SH,20000804,1.7369,1.742,1.6948,1.6998,1.7339,-0.03410000000000002,-1.9667,1484.0,2526.236
600614.SH,20000803,1.6908,1.744,1.6908,1.7339,1.6898,0.04410000000000003,2.6098,1815.0,3109.187
600614.SH,20000802,1.7048,1.7349,1.6848,1.6898,1.7109,-0.02110000000000012,-1.2333,1776.0,2998.128
600614.SH,20000801,1.753,1.761,1.7048,1.7109,1.749,-0.03810000000000002,-2.1784,1287.0,2213.416
600614.SH,20000731,1.755,1.755,1.7159,1.749,1.765,-0.015999999999999792,-0.9065,1513.0,2611.776
600614.SH,20000728,1.6858,1.765,1.6848,1.765,1.6848,0.08019999999999983,4.7602,3806.0,6526.525
600614.SH,20000727,1.7349,1.7359,1.6758,1.6848,1.7319,-0.04709999999999992,-2.7196,4591.0,7789.331
600614.SH,20000726,1.772,1.772,1.7149,1.7319,1.77,-0.03810000000000002,-2.1525,4032.0,6953.871
600614.SH,20000725,1.9325,1.9325,1.757,1.77,1.762,0.008000000000000007,0.454,8650.0,15835.311
600614.SH,20000724,1.764,1.7841,1.7149,1.762,1.7399,0.02210000000000001,1.2702,3770.0,6567.458
600614.SH,20000721,1.775,1.8031,1.7349,1.7399,1.7831,-0.043199999999999905,-2.4227,8862.0,15625.772
600614.SH,20000720,1.6226,1.7851,1.6206,1.7831,1.6226,0.16049999999999986,9.8915,20182.0,34562.268
600614.SH,20000719,1.6848,1.7179,1.6126,1.6226,1.6447,-0.02210000000000001,-1.3437,5341.0,8797.474
600614.SH,20000718,1.5444,1.6497,1.5444,1.6447,1.5444,0.10030000000000006,6.4944,9227.0,14810.313
600614.SH,20000717,1.5895,1.5895,1.5344,1.5444,1.5745,-0.030100000000000016,-1.9117,3946.0,6090.059
600614.SH,20000714,1.6046,1.6326,1.5745,1.5745,1.6146,-0.040100000000000025,-2.4836,2274.0,3616.332
600614.SH,20000713,1.6256,1.6728,1.6026,1.6146,1.6447,-0.030100000000000016,-1.8301,4814.0,7813.938
600614.SH,20000712,1.6196,1.7199,1.5845,1.6447,1.6437,0.001000000000000112,0.0608,15862.0,26316.131
600614.SH,20000711,1.5554,1.6497,1.4842,1.6437,1.5544,0.08929999999999993,5.745,14643.0,22682.761
600614.SH,20000710,1.6547,1.6948,1.5384,1.5544,1.6346,-0.08020000000000005,-4.9064,12644.0,20725.071
600614.SH,20000707,1.6036,1.6748,1.5715,1.6346,1.6246,0.010000000000000009,0.6155,9420.0,15420.697
600614.SH,20000706,1.6146,1.6246,1.5705,1.6246,1.5925,0.03210000000000002,2.0157,4773.0,7590.71
600614.SH,20000705,1.5193,1.5945,1.5143,1.5925,1.4993,0.09319999999999995,6.2162,10342.0,16203.965
600614.SH,20000704,1.5043,1.5203,1.4922,1.4993,1.5093,-0.010000000000000009,-0.6626,1093.0,1638.728
600614.SH,20000703,1.5293,1.5293,1.4842,1.5093,1.4842,0.025100000000000122,1.6911,1669.0,2513.365
600614.SH,20000630,1.5003,1.5344,1.4742,1.4842,1.5043,-0.020100000000000007,-1.3362,1858.0,2816.919
600614.SH,20000629,1.5023,1.5213,1.4842,1.5043,1.4842,0.020100000000000007,1.3543,1925.0,2888.92
600614.SH,20000628,1.5043,1.5143,1.4742,1.4842,1.5183,-0.03410000000000002,-2.2459,3530.0,5257.924
600614.SH,20000627,1.4842,1.5344,1.4742,1.5183,1.4842,0.03410000000000002,2.2975,2843.0,4260.419
600614.SH,20000626,1.5163,1.5173,1.4742,1.4842,1.5243,-0.040100000000000025,-2.6307,3488.0,5160.115
600614.SH,20000623,1.5043,1.5303,1.5043,1.5243,1.5293,-0.0050000000000001155,-0.3269,1088.0,1640.784
600614.SH,20000622,1.5374,1.5374,1.5043,1.5293,1.5293,0.0,0.0,1024.0,1548.693
600614.SH,20000621,1.5053,1.5314,1.5043,1.5293,1.5133,0.016000000000000014,1.0573,659.0,995.919
600614.SH,20000620,1.5143,1.5283,1.5043,1.5133,1.5103,0.0030000000000001137,0.1986,1634.0,2465.036
600614.SH,20000619,1.5404,1.5815,1.5063,1.5103,1.5675,-0.05719999999999992,-3.6491,2005.0,3100.096
600614.SH,20000616,1.6086,1.6146,1.5544,1.5675,1.5945,-0.027000000000000135,-1.6933,1308.0,2076.094
600614.SH,20000615,1.6026,1.6026,1.5865,1.5945,1.6036,-0.009099999999999886,-0.5675,1319.0,2096.501
600614.SH,20000614,1.5845,1.6487,1.5845,1.6036,1.6096,-0.006000000000000005,-0.3728,3755.0,6061.96
600614.SH,20000613,1.5564,1.6246,1.416,1.6096,1.5564,0.053199999999999914,3.4181,5241.0,8345.092
600614.SH,20000612,1.5845,1.5845,1.5454,1.5564,1.5675,-0.011099999999999888,-0.7081,960.0,1492.4
600614.SH,20000609,1.5644,1.6236,1.5644,1.5675,1.5685,-0.001000000000000112,-0.0638,1783.0,2828.001
600614.SH,20000608,1.5955,1.6005,1.5644,1.5685,1.5945,-0.026000000000000023,-1.6306,1857.0,2926.648
600614.SH,20000607,1.6046,1.6216,1.5915,1.5945,1.6246,-0.030100000000000016,-1.8528,1512.0,2411.821
600614.SH,20000606,1.6326,1.6326,1.5845,1.6246,1.6647,-0.040100000000000025,-2.4088,2485.0,3974.686
600614.SH,20000605,1.6397,1.6647,1.5424,1.6647,1.6346,0.030100000000000016,1.8414,5397.0,8625.057
600614.SH,20000602,1.6046,1.7079,1.5945,1.6346,1.6246,0.010000000000000009,0.6155,7792.0,12829.402
600614.SH,20000601,1.6046,1.743,1.6046,1.6246,1.5845,0.040100000000000025,2.5308,9687.0,16047.257
600614.SH,20000531,1.5544,1.6005,1.5173,1.5845,1.5544,0.030100000000000016,1.9364,4361.0,6860.213
600614.SH,20000529,1.5344,1.5644,1.5143,1.5544,1.5444,0.010000000000000009,0.6475,3250.0,4985.055
600614.SH,20000526,1.5745,1.5755,1.5344,1.5444,1.5755,-0.031099999999999905,-1.974,3224.0,4977.23
600614.SH,20000525,1.6226,1.6246,1.5594,1.5755,1.5945,-0.019000000000000128,-1.1916,3354.0,5317.289
600614.SH,20000524,1.5514,1.6005,1.5203,1.5945,1.5283,0.06620000000000004,4.3316,4207.0,6544.599
600614.SH,20000523,1.5584,1.5624,1.5193,1.5283,1.5544,-0.026100000000000012,-1.6791,2329.0,3569.069
600614.SH,20000522,1.5093,1.5594,1.5043,1.5544,1.5083,0.04610000000000003,3.0564,3396.0,5192.131
600614.SH,20000519,1.5033,1.5394,1.4642,1.5083,1.4792,0.029099999999999904,1.9673,3736.0,5626.601
600614.SH,20000518,1.4341,1.4822,1.414,1.4792,1.4351,0.04410000000000003,3.073,1321.0,1902.394
600614.SH,20000517,1.4642,1.4652,1.4341,1.4351,1.4591,-0.02400000000000002,-1.6448,1264.0,1821.573
600614.SH,20000516,1.4431,1.4692,1.4341,1.4591,1.4421,0.017000000000000126,1.1788,1350.0,1955.855
600614.SH,20000515,1.424,1.4832,1.414,1.4421,1.4361,0.006000000000000005,0.4178,1690.0,2429.664
600614.SH,20000512,1.4551,1.4922,1.424,1.4361,1.4471,-0.01100000000000012,-0.7601,2618.0,3794.362
600614.SH,20000511,1.4792,1.5093,1.4441,1.4471,1.4922,-0.04509999999999992,-3.0224,3681.0,5411.784
600614.SH,20000510,1.6046,1.6046,1.4852,1.4922,1.6236,-0.13139999999999996,-8.0931,4963.0,7647.385
600614.SH,20000509,1.6547,1.7028,1.6046,1.6236,1.6537,-0.030100000000000016,-1.8202,11290.0,18564.093
600614.SH,20000508,1.5624,1.6878,1.5624,1.6537,1.5344,0.11929999999999996,7.775,14594.0,23684.419
600614.SH,20000428,1.5023,1.5344,1.4792,1.5344,1.5023,0.03210000000000002,2.1367,2953.0,4410.81
600614.SH,20000427,1.4993,1.5223,1.4692,1.5023,1.5033,-0.001000000000000112,-0.0665,2995.0,4484.311
600614.SH,20000426,1.4942,1.5203,1.4842,1.5033,1.4952,0.008099999999999996,0.5417,2985.0,4461.5
600614.SH,20000425,1.5444,1.5444,1.4652,1.4952,1.5735,-0.07829999999999981,-4.9762,2977.0,4444.03
600614.SH,20000424,1.5424,1.6186,1.5424,1.5735,1.5303,0.043199999999999905,2.823,8403.0,13237.026
600614.SH,20000421,1.5324,1.5745,1.5243,1.5303,1.5223,0.008000000000000007,0.5255,5197.0,8034.879
600614.SH,20000420,1.4942,1.5334,1.4942,1.5223,1.4993,0.02299999999999991,1.534,2862.0,4324.674
600614.SH,20000419,1.5193,1.5243,1.4942,1.4993,1.5193,-0.020000000000000018,-1.3164,2604.0,3910.197
600614.SH,20000418,1.4702,1.5524,1.4541,1.5193,1.4742,0.04510000000000014,3.0593,5825.0,8792.316
600614.SH,20000417,1.4551,1.4822,1.404,1.4742,1.4601,0.014100000000000001,0.9657,3761.0,5386.668
600614.SH,20000414,1.4692,1.4782,1.4491,1.4601,1.4642,-0.0040999999999999925,-0.28,1939.0,2819.258
600614.SH,20000413,1.4391,1.4692,1.4391,1.4642,1.4541,0.010099999999999998,0.6946,2325.0,3369.335
600614.SH,20000412,1.4792,1.4892,1.422,1.4541,1.4742,-0.020100000000000007,-1.3635,4728.0,6819.691
600614.SH,20000411,1.5143,1.5394,1.4742,1.4742,1.5143,-0.040100000000000025,-2.6481,4188.0,6274.719
600614.SH,20000410,1.5093,1.5243,1.4752,1.5143,1.4993,0.014999999999999902,1.0005,3291.0,4914.512
600614.SH,20000407,1.5153,1.5394,1.4842,1.4993,1.5293,-0.030000000000000027,-1.9617,3394.0,5089.944
600614.SH,20000406,1.5043,1.5414,1.4642,1.5293,1.4993,0.030000000000000027,2.0009,4285.0,6430.929
600614.SH,20000405,1.4842,1.5394,1.4531,1.4993,1.4662,0.03310000000000013,2.2575,5295.0,7856.509
600614.SH,20000404,1.5644,1.5644,1.4652,1.4662,1.5745,-0.10830000000000006,-6.8784,8207.0,12289.929
600614.SH,20000403,1.5795,1.6547,1.5544,1.5745,1.5935,-0.018999999999999906,-1.1923,9012.0,14340.874
600614.SH,20000331,1.6918,1.753,1.5654,1.5935,1.6276,-0.03410000000000002,-2.0951,23357.0,38443.602
600614.SH,20000330,1.6226,1.6276,1.5564,1.6276,1.4792,0.14839999999999987,10.0324,27305.0,43876.239
600614.SH,20000329,1.3589,1.4842,1.3488,1.4792,1.3589,0.12030000000000007,8.8527,20071.0,28625.594
600614.SH,20000328,1.3839,1.3839,1.3398,1.3589,1.3739,-0.014999999999999902,-1.0918,4787.0,6481.354
600614.SH,20000327,1.3538,1.3839,1.3538,1.3739,1.3398,0.0340999999999998,2.5452,4882.0,6647.042
600614.SH,20000324,1.3538,1.3689,1.3288,1.3398,1.3579,-0.018100000000000005,-1.3329,4664.0,6241.508
600614.SH,20000323,1.3388,1.3589,1.3097,1.3579,1.3147,0.04320000000000013,3.2859,7230.0,9616.269
600614.SH,20000322,1.3117,1.3438,1.3017,1.3147,1.2957,0.018999999999999906,1.4664,2495.0,3279.505
600614.SH,20000321,1.2877,1.3208,1.2877,1.2957,1.2816,0.014100000000000001,1.1002,2090.0,2711.077
600614.SH,20000320,1.2536,1.2977,1.2536,1.2816,1.2696,0.01200000000000001,0.9452,2129.0,2710.419
600614.SH,20000317,1.2736,1.2826,1.2586,1.2696,1.2686,0.001000000000000112,0.0788,1338.0,1692.568
600614.SH,20000316,1.2255,1.2917,1.2134,1.2686,1.2786,-0.010000000000000009,-0.7821,1840.0,2308.686
600614.SH,20000315,1.2897,1.2937,1.2616,1.2786,1.3007,-0.02210000000000001,-1.6991,1351.0,1715.75
600614.SH,20000314,1.2977,1.3037,1.2425,1.3007,1.3137,-0.013000000000000123,-0.9896,3684.0,4655.841
600614.SH,20000313,1.2937,1.3238,1.2836,1.3137,1.2977,0.016000000000000014,1.233,1978.0,2567.883
600614.SH,20000310,1.3538,1.3538,1.2967,1.2977,1.3538,-0.05609999999999982,-4.1439,3172.0,4164.108
600614.SH,20000309,1.3338,1.3839,1.2937,1.3538,1.3338,0.019999999999999796,1.4995,4675.0,6226.481
600614.SH,20000308,1.3057,1.3518,1.3037,1.3338,1.2947,0.039100000000000135,3.02,3444.0,4571.853
600614.SH,20000307,1.3448,1.3709,1.2836,1.2947,1.3589,-0.06420000000000003,-4.7244,6260.0,8198.702
600614.SH,20000306,1.3839,1.4521,1.3248,1.3589,1.3438,0.015099999999999891,1.1237,17270.0,24007.847
600614.SH,20000303,1.3639,1.394,1.3037,1.3438,1.3368,0.007000000000000117,0.5236,11283.0,15085.338
600614.SH,20000302,1.2536,1.3538,1.2536,1.3368,1.2536,0.08319999999999994,6.6369,10765.0,14025.904
600614.SH,20000301,1.2636,1.2977,1.2335,1.2536,1.2636,-0.010000000000000009,-0.7914,2850.0,3587.315
600614.SH,20000229,1.2485,1.3017,1.2335,1.2636,1.2335,0.030100000000000016,2.4402,4590.0,5807.044
600614.SH,20000228,1.2235,1.2445,1.1834,1.2335,1.2114,0.02210000000000001,1.8243,3611.0,4426.883
600614.SH,20000225,1.2255,1.2616,1.2034,1.2114,1.2235,-0.0121,-0.989,3492.0,4277.402
600614.SH,20000224,1.2235,1.2526,1.1984,1.2235,1.2235,0.0,0.0,1897.0,2326.836
600614.SH,20000223,1.1533,1.2335,1.1513,1.2235,1.2335,-0.010000000000000009,-0.8107,1233.0,1487.007
600614.SH,20000222,1.3388,1.3388,1.2285,1.2335,1.3067,-0.07319999999999993,-5.6019,3377.0,4265.299
600614.SH,20000221,1.2536,1.3498,1.2145,1.3067,1.2586,0.04810000000000003,3.8217,7225.0,9281.227
600614.SH,20000218,1.2215,1.2917,1.1944,1.2586,1.2335,0.0250999999999999,2.0349,4007.0,4926.266
600614.SH,20000217,1.4541,1.4541,1.2044,1.2335,1.3238,-0.09030000000000005,-6.8213,17252.0,23341.142
600614.SH,20000216,1.2034,1.3238,1.1633,1.3238,1.2034,0.12040000000000006,10.005,11648.0,14717.941
600614.SH,20000215,1.2445,1.2606,1.1884,1.2034,1.2335,-0.030100000000000016,-2.4402,7395.0,9003.195
600614.SH,20000214,1.1834,1.2365,1.1473,1.2335,1.1453,0.08820000000000006,7.701,5100.0,6117.0
600614.SH,20000128,1.1312,1.1533,1.1282,1.1453,1.1312,0.014100000000000001,1.2465,1784.0,2022.174
600614.SH,20000127,1.1463,1.1633,1.1282,1.1312,1.1653,-0.03410000000000002,-2.9263,3264.0,3689.979
600614.SH,20000126,1.2265,1.2275,1.1382,1.1653,1.1453,0.020000000000000018,1.7463,1839.0,2159.788
600614.SH,20000125,1.1232,1.1623,1.1071,1.1453,1.1212,0.02410000000000001,2.1495,2066.0,2353.385
600614.SH,20000124,1.1483,1.1633,1.1051,1.1212,1.1432,-0.02200000000000002,-1.9244,2847.0,3173.515
600614.SH,20000121,1.1623,1.1683,1.1382,1.1432,1.1623,-0.019100000000000117,-1.6433,2030.0,2315.899
600614.SH,20000120,1.1483,1.1834,1.1412,1.1623,1.1513,0.01100000000000012,0.9554,896.0,1036.834
600614.SH,20000119,1.1453,1.1513,1.1332,1.1513,1.1513,0.0,0.0,644.0,735.864
600614.SH,20000118,1.1633,1.1633,1.1332,1.1513,1.1633,-0.01200000000000001,-1.0315,1571.0,1793.919
600614.SH,20000117,1.1523,1.1683,1.1432,1.1633,1.1583,0.004999999999999893,0.4317,657.0,755.997
600614.SH,20000114,1.1533,1.1743,1.1483,1.1583,1.1643,-0.005999999999999783,-0.5153,803.0,925.075
600614.SH,20000113,1.1783,1.1824,1.1613,1.1643,1.1603,0.0039999999999997815,0.3447,1520.0,1775.309
600614.SH,20000112,1.1643,1.2084,1.1432,1.1603,1.2034,-0.043099999999999916,-3.5815,4628.0,5362.95
600614.SH,20000111,1.2596,1.2686,1.1964,1.2034,1.2616,-0.05820000000000003,-4.6132,3001.0,3648.457
600614.SH,20000110,1.2526,1.3027,1.1934,1.2616,1.2435,0.018100000000000005,1.4556,4507.0,5600.145
600614.SH,20000107,1.2215,1.2506,1.2215,1.2435,1.2235,0.020000000000000018,1.6347,2813.0,3477.55
600614.SH,20000106,1.2004,1.2265,1.1733,1.2235,1.2054,0.018100000000000005,1.5016,1533.0,1840.34
600614.SH,20000105,1.1723,1.2285,1.1633,1.2054,1.1733,0.03210000000000002,2.7359,2227.0,2667.323
600614.SH,20000104,1.1533,1.1733,1.1332,1.1733,1.1453,0.028000000000000025,2.4448,595.0,691.232
600614.SH,19991230,1.1733,1.1733,1.1412,1.1453,1.1463,-0.001000000000000112,-0.0872,359.0,410.118
600614.SH,19991229,1.1443,1.1533,1.1332,1.1463,1.1432,0.0031000000000001027,0.2712,470.0,534.466
600614.SH,19991228,1.1483,1.1633,1.1432,1.1432,1.1483,-0.0051000000000001044,-0.4441,426.0,488.836
600614.SH,19991227,1.1483,1.1984,1.1432,1.1483,1.1432,0.0051000000000001044,0.4461,1145.0,1334.124
600614.SH,19991224,1.1723,1.1723,1.1342,1.1432,1.1633,-0.020100000000000007,-1.7278,638.0,730.869
600614.SH,19991223,1.2034,1.2034,1.1613,1.1633,1.2134,-0.05010000000000003,-4.1289,791.0,925.413
600614.SH,19991222,1.2415,1.2415,1.1242,1.2134,1.2435,-0.030100000000000016,-2.4206,1426.0,1664.287
600614.SH,19991221,1.2345,1.2736,1.2054,1.2435,1.2465,-0.0029999999999998916,-0.2407,1036.0,1275.898
600614.SH,19991217,1.2766,1.3017,1.2365,1.2465,1.2616,-0.015100000000000113,-1.1969,1115.0,1404.243
600614.SH,19991216,1.2325,1.3448,1.2185,1.2616,1.2355,0.026100000000000012,2.1125,2056.0,2619.382
600614.SH,19991215,1.2044,1.2506,1.2044,1.2355,1.2195,0.016000000000000014,1.312,489.0,599.823
600614.SH,19991214,1.2094,1.2195,1.2094,1.2195,1.2114,0.008099999999999996,0.6686,319.0,386.344
600614.SH,19991213,1.2265,1.2305,1.2034,1.2114,1.2365,-0.0250999999999999,-2.0299,956.0,1154.775
600614.SH,19991210,1.2626,1.2626,1.2345,1.2365,1.2516,-0.015100000000000113,-1.2065,770.0,952.118
600614.SH,19991209,1.2666,1.2666,1.2435,1.2516,1.2576,-0.006000000000000005,-0.4771,440.0,550.836
600614.SH,19991208,1.2636,1.2636,1.2355,1.2576,1.2345,0.02310000000000012,1.8712,589.0,732.021
600614.SH,19991207,1.2506,1.2726,1.2335,1.2345,1.2536,-0.019100000000000117,-1.5236,758.0,939.935
600614.SH,19991206,1.2676,1.2836,1.2445,1.2536,1.2676,-0.014000000000000012,-1.1044,1862.0,2363.686
600614.SH,19991203,1.2836,1.3017,1.2676,1.2676,1.2686,-0.0009999999999998899,-0.0788,3819.0,4905.215
600614.SH,19991202,1.2586,1.2826,1.2435,1.2686,1.2435,0.0250999999999999,2.0185,3472.0,4395.139
600614.SH,19991201,1.2084,1.2736,1.2084,1.2435,1.2175,0.026000000000000023,2.1355,2132.0,2662.024
600614.SH,19991130,1.2185,1.2576,1.2044,1.2175,1.2235,-0.006000000000000005,-0.4904,1211.0,1497.013
600614.SH,19991129,1.1954,1.2536,1.1041,1.2235,1.1924,0.031100000000000128,2.6082,2489.0,3008.908
600614.SH,19991126,1.1783,1.2155,1.1783,1.1924,1.1884,0.0040000000000000036,0.3366,716.0,861.044
600614.SH,19991125,1.2134,1.2134,1.1783,1.1884,1.2134,-0.025000000000000133,-2.0603,1028.0,1218.686
600614.SH,19991124,1.2475,1.2485,1.2134,1.2134,1.2465,-0.03309999999999991,-2.6554,899.0,1100.461
600614.SH,19991123,1.2485,1.2596,1.2094,1.2465,1.2435,0.0029999999999998916,0.2413,1702.0,2099.469
600614.SH,19991122,1.2516,1.2516,1.2285,1.2435,1.2405,0.0030000000000001137,0.2418,1837.0,2277.133
600614.SH,19991119,1.2145,1.2877,1.2134,1.2405,1.2195,0.020999999999999908,1.722,4738.0,5933.044
600614.SH,19991118,1.2205,1.2395,1.1924,1.2195,1.2205,-0.0009999999999998899,-0.0819,3843.0,4669.689
600614.SH,19991117,1.1362,1.2385,1.1312,1.2205,1.1362,0.08429999999999982,7.4195,4285.0,5137.034
600614.SH,19991116,1.1884,1.1884,1.1212,1.1362,1.1593,-0.0230999999999999,-1.9926,497.0,565.755
600614.SH,19991115,1.1282,1.1753,1.1132,1.1593,1.1282,0.031099999999999905,2.7566,780.0,890.125
600614.SH,19991112,1.1031,1.1493,1.1031,1.1282,1.1182,0.010000000000000009,0.8943,619.0,699.32
600614.SH,19991111,1.1282,1.1352,1.1182,1.1182,1.1412,-0.02299999999999991,-2.0154,422.0,472.414
600614.SH,19991110,1.1432,1.1432,1.1132,1.1412,1.1493,-0.008099999999999996,-0.7048,1169.0,1307.189
600614.SH,19991109,1.1824,1.1824,1.1412,1.1493,1.1693,-0.020000000000000018,-1.7104,674.0,778.12
600614.SH,19991108,1.1643,1.1733,1.1533,1.1693,1.1633,0.006000000000000005,0.5158,520.0,602.405
600614.SH,19991105,1.1743,1.1844,1.1633,1.1633,1.1723,-0.008999999999999897,-0.7677,323.0,378.43
600614.SH,19991104,1.1543,1.1773,1.1543,1.1723,1.1783,-0.006000000000000005,-0.5092,702.0,815.144
600614.SH,19991103,1.1864,1.1864,1.1773,1.1783,1.1844,-0.006099999999999994,-0.515,823.0,969.243
600614.SH,19991102,1.1954,1.2084,1.1834,1.1844,1.2014,-0.017000000000000126,-1.415,728.0,861.512
600614.SH,19991101,1.2235,1.2235,1.1914,1.2014,1.2185,-0.017099999999999893,-1.4034,793.0,954.434
600614.SH,19991029,1.2485,1.2556,1.1202,1.2185,1.2385,-0.020000000000000018,-1.6149,1658.0,1977.172
600614.SH,19991028,1.2345,1.2566,1.2255,1.2385,1.2516,-0.013100000000000112,-1.0467,1241.0,1533.794
600614.SH,19991027,1.2435,1.2516,1.2245,1.2516,1.2134,0.03820000000000001,3.1482,1159.0,1432.26
600614.SH,19991026,1.2084,1.2185,1.1914,1.2134,1.1984,0.015000000000000124,1.2517,565.0,678.968
600614.SH,19991025,1.2235,1.2285,1.1844,1.1984,1.2165,-0.018100000000000005,-1.4879,368.0,443.617
600614.SH,19991022,1.2084,1.2235,1.1884,1.2165,1.1914,0.0250999999999999,2.1068,856.0,1034.905
600614.SH,19991021,1.2044,1.2044,1.1824,1.1914,1.2104,-0.018999999999999906,-1.5697,949.0,1129.157
600614.SH,19991020,1.1934,1.2195,1.1834,1.2104,1.1934,0.016999999999999904,1.4245,793.0,946.976
600614.SH,19991019,1.2084,1.2084,1.1934,1.1934,1.2235,-0.030100000000000016,-2.4602,958.0,1146.047
600614.SH,19991018,1.2616,1.2756,1.2145,1.2235,1.2626,-0.03909999999999991,-3.0968,1264.0,1565.158
600614.SH,19991015,1.1904,1.2907,1.1904,1.2626,1.1794,0.08319999999999994,7.0544,2554.0,3183.538
600614.SH,19991014,1.1683,1.2104,1.1633,1.1794,1.1934,-0.014000000000000012,-1.1731,630.0,745.967
600614.SH,19991013,1.2134,1.2185,1.1854,1.1934,1.2074,-0.014000000000000012,-1.1595,479.0,570.716
600614.SH,19991012,1.2114,1.2124,1.1964,1.2074,1.1954,0.01200000000000001,1.0038,311.0,372.908
600614.SH,19991011,1.2024,1.2024,1.1783,1.1954,1.2004,-0.004999999999999893,-0.4165,413.0,490.809
600614.SH,19991008,1.2325,1.2325,1.1984,1.2004,1.2345,-0.03410000000000002,-2.7623,876.0,1055.71
600614.SH,19990930,1.2526,1.2726,1.2335,1.2345,1.2596,-0.025100000000000122,-1.9927,813.0,1013.87
600614.SH,19990929,1.2736,1.2917,1.2485,1.2596,1.2816,-0.02200000000000002,-1.7166,536.4,677.93
600614.SH,19990928,1.2937,1.2937,1.2636,1.2816,1.2987,-0.017099999999999893,-1.3167,621.0,790.605
600614.SH,19990927,1.3037,1.3308,1.2927,1.2987,1.3037,-0.0050000000000001155,-0.3835,630.0,823.178
600614.SH,19990924,1.3137,1.3157,1.2927,1.3037,1.2897,0.014000000000000012,1.0855,938.0,1221.232
600614.SH,19990923,1.2877,1.3468,1.2836,1.2897,1.2877,0.0020000000000000018,0.1553,1073.0,1396.4
600614.SH,19990922,1.3037,1.3037,1.2857,1.2877,1.3027,-0.014999999999999902,-1.1515,584.0,751.0
600614.SH,19990921,1.2887,1.3137,1.2847,1.3027,1.3037,-0.001000000000000112,-0.0767,662.0,856.909
600614.SH,19990920,1.3208,1.3208,1.2997,1.3037,1.3208,-0.017099999999999893,-1.2947,936.0,1220.057
600614.SH,19990917,1.3398,1.3398,1.3087,1.3208,1.3238,-0.0030000000000001137,-0.2266,940.0,1235.029
600614.SH,19990916,1.3037,1.3528,1.2947,1.3238,1.3258,-0.0020000000000000018,-0.1509,1196.0,1574.735
600614.SH,19990915,1.3709,1.3709,1.3137,1.3258,1.3669,-0.041099999999999914,-3.0068,2940.0,3891.067
600614.SH,19990914,1.3308,1.4421,1.3308,1.3669,1.3117,0.055199999999999916,4.2083,8999.0,12432.682
600614.SH,19990913,1.2987,1.3338,1.2887,1.3117,1.2877,0.02400000000000002,1.8638,1865.0,2427.98
600614.SH,19990910,1.3218,1.3258,1.2857,1.2877,1.3218,-0.03410000000000002,-2.5798,3313.0,4283.674
600614.SH,19990909,1.2736,1.3238,1.2676,1.3218,1.2455,0.07630000000000003,6.1261,2817.0,3641.973
600614.SH,19990908,1.2536,1.2706,1.2415,1.2455,1.2526,-0.007099999999999884,-0.5668,772.0,964.173
600614.SH,19990907,1.2395,1.2676,1.2385,1.2526,1.2385,0.014100000000000001,1.1385,700.0,875.211
600614.SH,19990906,1.2616,1.2666,1.2275,1.2385,1.2706,-0.03210000000000002,-2.5264,950.0,1176.626
600614.SH,19990903,1.2897,1.3017,1.2706,1.2706,1.2917,-0.02110000000000012,-1.6335,900.0,1153.525
600614.SH,19990902,1.2666,1.2987,1.2556,1.2917,1.2786,0.013100000000000112,1.0246,1471.0,1864.83
600614.SH,19990901,1.2967,1.3137,1.2636,1.2786,1.3137,-0.03510000000000013,-2.6718,1675.0,2145.536
600614.SH,19990831,1.3117,1.3218,1.2736,1.3137,1.2957,0.018000000000000016,1.3892,871.0,1128.0
600614.SH,19990830,1.3077,1.3338,1.2867,1.2957,1.3278,-0.03210000000000002,-2.4175,2133.0,2768.681
600614.SH,19990827,1.3689,1.3799,1.3218,1.3278,1.3659,-0.0380999999999998,-2.7894,2764.0,3683.771
600614.SH,19990826,1.2836,1.3839,1.2836,1.3659,1.3097,0.056199999999999806,4.2911,4748.0,6376.173
600614.SH,19990825,1.3338,1.3538,1.2887,1.3097,1.3338,-0.02410000000000001,-1.8069,4023.0,5285.346
600614.SH,19990824,1.399,1.404,1.3238,1.3338,1.3839,-0.05009999999999981,-3.6202,5622.0,7615.007
600614.SH,19990823,1.3559,1.404,1.3358,1.3839,1.3458,0.0380999999999998,2.831,10287.0,14076.899
600614.SH,19990820,1.2987,1.393,1.2786,1.3458,1.2987,0.04710000000000014,3.6267,14279.0,19242.0
600614.SH,19990819,1.3538,1.3719,1.2836,1.2987,1.3258,-0.027100000000000124,-2.044,11666.0,15361.372
600614.SH,19990818,1.2736,1.3488,1.2255,1.3258,1.2556,0.07020000000000004,5.591,15793.0,20623.767
600614.SH,19990817,1.1633,1.2686,1.1533,1.2556,1.1533,0.10230000000000006,8.8702,7150.0,8939.535
600614.SH,19990816,1.1834,1.1834,1.1432,1.1533,1.1834,-0.030100000000000016,-2.5435,1086.0,1249.743
600614.SH,19990813,1.1884,1.2034,1.1783,1.1834,1.1834,0.0,0.0,887.0,1050.672
600614.SH,19990812,1.1743,1.2044,1.1733,1.1834,1.1954,-0.01200000000000001,-1.0038,1110.0,1312.72
600614.SH,19990811,1.2134,1.2536,1.1914,1.1954,1.2215,-0.026100000000000012,-2.1367,1403.0,1689.519
600614.SH,19990810,1.1954,1.2225,1.1834,1.2215,1.2044,0.017100000000000115,1.4198,1547.0,1862.61
600614.SH,19990809,1.2445,1.2636,1.1703,1.2044,1.2465,-0.042100000000000026,-3.3775,2835.0,3408.996
600614.SH,19990806,1.2646,1.3408,1.2345,1.2465,1.2927,-0.04620000000000002,-3.5739,2972.0,3750.017
600614.SH,19990805,1.2836,1.2937,1.2485,1.2927,1.2897,0.0029999999999998916,0.2326,4801.0,6065.668
600614.SH,19990804,1.3127,1.3438,1.2656,1.2897,1.3137,-0.02400000000000002,-1.8269,7923.0,10266.585
600614.SH,19990803,1.3037,1.3488,1.2636,1.3137,1.2285,0.08520000000000016,6.9353,19052.0,24901.256
600614.SH,19990802,1.1854,1.2516,1.1332,1.2285,1.1824,0.04610000000000003,3.8988,7263.0,8820.357
600614.SH,19990730,1.1453,1.2014,1.1282,1.1824,1.1292,0.053199999999999914,4.7113,4915.0,5768.049
600614.SH,19990729,1.1352,1.1693,1.1242,1.1292,1.1352,-0.006000000000000005,-0.5285,764.0,862.98
600614.SH,19990728,1.1613,1.1834,1.1282,1.1352,1.1593,-0.02410000000000001,-2.0788,2004.0,2308.84
600614.SH,19990727,1.1483,1.1713,1.1081,1.1593,1.1453,0.014000000000000012,1.2224,3223.0,3712.832
600614.SH,19990726,1.1332,1.1583,1.1041,1.1453,1.1262,0.019099999999999895,1.696,2324.0,2640.906
600614.SH,19990723,1.1312,1.1533,1.0941,1.1262,1.0861,0.040100000000000025,3.6921,1189.0,1332.358
600614.SH,19990722,1.1412,1.1432,1.0781,1.0861,1.1392,-0.053099999999999925,-4.6612,1945.0,2147.962
600614.SH,19990721,1.1252,1.1733,1.1031,1.1392,1.1252,0.014000000000000012,1.2442,3736.0,4257.696
600614.SH,19990720,1.1011,1.1312,1.064,1.1252,1.071,0.054200000000000026,5.0607,1598.0,1745.868
600614.SH,19990719,1.0931,1.0931,1.068,1.071,1.1031,-0.03210000000000002,-2.91,1303.49,1395.45
600614.SH,19990716,1.1031,1.1332,1.063,1.1031,1.0971,0.006000000000000005,0.5469,2230.0,2428.013
600614.SH,19990715,1.1182,1.1232,1.0931,1.0971,1.1152,-0.018100000000000005,-1.623,1439.0,1589.046
600614.SH,19990714,1.1011,1.1182,1.0911,1.1152,1.0981,0.017099999999999893,1.5572,1154.0,1268.599
600614.SH,19990713,1.1292,1.1292,1.073,1.0981,1.1212,-0.0230999999999999,-2.0603,1673.0,1836.295
600614.SH,19990712,1.1332,1.1553,1.1051,1.1212,1.1312,-0.010000000000000009,-0.884,1741.0,1952.678
600614.SH,19990709,1.1733,1.1733,1.1212,1.1312,1.1723,-0.041099999999999914,-3.5059,2786.0,3148.744
600614.SH,19990708,1.1934,1.2034,1.1633,1.1723,1.2114,-0.039100000000000135,-3.2277,2928.0,3440.654
600614.SH,19990707,1.1713,1.2435,1.1282,1.2114,1.1713,0.040100000000000025,3.4235,8380.0,10007.188
600614.SH,19990706,1.0881,1.1733,1.065,1.1713,1.0901,0.08119999999999994,7.4489,3542.0,3967.432
600614.SH,19990705,1.1232,1.1392,1.0831,1.0901,1.1212,-0.031099999999999905,-2.7738,2882.0,3173.245
600614.SH,19990702,1.0851,1.1453,1.0139,1.1212,1.0961,0.0250999999999999,2.2899,3908.0,4285.459
600614.SH,19990701,1.2034,1.2034,1.0961,1.0961,1.2175,-0.12139999999999995,-9.9713,3179.0,3585.921
600614.SH,19990630,1.2937,1.2937,1.2134,1.2175,1.2696,-0.052100000000000035,-4.1037,4526.0,5579.45
600614.SH,19990629,1.3037,1.3238,1.2134,1.2696,1.3037,-0.03410000000000002,-2.6156,5339.0,6810.834
600614.SH,19990628,1.2385,1.3438,1.1232,1.3037,1.2385,0.06520000000000015,5.2644,7923.0,10018.382
600614.SH,19990625,1.3438,1.3518,1.2235,1.2385,1.3318,-0.09330000000000016,-7.0056,8290.0,10746.895
600614.SH,19990624,1.3538,1.3689,1.3057,1.3318,1.3448,-0.0129999999999999,-0.9667,6986.0,9296.967
600614.SH,19990623,1.2937,1.3639,1.2937,1.3448,1.2987,0.04610000000000003,3.5497,8423.0,11209.504
600614.SH,19990622,1.3117,1.3218,1.2636,1.2987,1.3037,-0.0050000000000001155,-0.3835,4396.0,5649.767
600614.SH,19990621,1.2887,1.3198,1.2536,1.3037,1.2857,0.018000000000000016,1.4,5370.0,6926.551
600614.SH,19990618,1.3338,1.3518,1.2676,1.2857,1.3228,-0.03709999999999991,-2.8047,5840.0,7502.372
600614.SH,19990617,1.3137,1.3739,1.2636,1.3228,1.2927,0.030100000000000016,2.3285,8799.0,11552.754
600614.SH,19990616,1.2435,1.3027,1.2235,1.2927,1.2385,0.054200000000000026,4.3763,9959.0,12566.797
600614.SH,19990615,1.4642,1.4642,1.2064,1.2385,1.3348,-0.09630000000000005,-7.2146,24081.0,31992.464
600614.SH,19990614,1.2917,1.3348,1.2616,1.3348,1.2134,0.12139999999999995,10.0049,10765.0,14155.452
600614.SH,19990611,1.1834,1.2285,1.1733,1.2134,1.1834,0.030000000000000027,2.5351,5897.0,7107.038
600614.SH,19990610,1.2044,1.2084,1.1553,1.1834,1.1783,0.0051000000000001044,0.4328,3483.0,4101.23
600614.SH,19990609,1.2044,1.2134,1.1513,1.1783,1.1864,-0.008099999999999996,-0.6827,3680.0,4297.535
600614.SH,19990608,1.1342,1.2365,1.1342,1.1864,1.1593,0.027099999999999902,2.3376,4726.0,5626.511
600614.SH,19990607,1.1673,1.1673,1.1232,1.1593,1.1733,-0.014000000000000012,-1.1932,3011.0,3440.853
600614.SH,19990604,1.2044,1.2335,1.1232,1.1733,1.2215,-0.04820000000000002,-3.946,7267.0,8398.46
600614.SH,19990603,1.2064,1.3127,1.1934,1.2215,1.2034,0.018100000000000005,1.5041,13618.0,17084.076
600614.SH,19990602,1.1713,1.2395,1.1633,1.2034,1.1583,0.04509999999999992,3.8936,10728.0,12842.942
600614.SH,19990601,1.1854,1.1854,1.1422,1.1583,1.1473,0.01100000000000012,0.9588,3471.0,3991.739
600614.SH,19990528,1.1934,1.1984,1.1382,1.1473,1.1884,-0.041099999999999914,-3.4584,4720.0,5452.972
600614.SH,19990527,1.1733,1.1994,1.1312,1.1884,1.1733,0.015099999999999891,1.287,7992.0,9332.461
600614.SH,19990526,1.1633,1.1914,1.1132,1.1733,1.1513,0.02200000000000002,1.9109,4663.0,5331.145
600614.SH,19990525,1.1412,1.2435,1.1132,1.1513,1.1382,0.01309999999999989,1.1509,11710.0,13764.622
600614.SH,19990524,1.1432,1.1834,1.1112,1.1382,1.1453,-0.007099999999999884,-0.6199,9658.0,10967.172
600614.SH,19990521,1.1513,1.2034,1.1362,1.1453,1.1583,-0.013000000000000123,-1.1223,11512.0,13340.018
600614.SH,19990520,1.1031,1.2134,1.073,1.1583,1.1092,0.049100000000000144,4.4266,15987.0,18434.296
600614.SH,19990519,1.0028,1.1092,0.9728,1.1092,1.0079,0.10129999999999995,10.0506,8848.0,9112.242
600614.SH,19990518,0.9427,1.0129,0.9327,1.0079,0.9417,0.06620000000000004,7.0298,4662.0,4580.847
600614.SH,19990517,0.8976,0.9698,0.8835,0.9417,0.8976,0.04410000000000003,4.9131,2090.0,1965.193
600614.SH,19990514,0.9226,0.9226,0.8955,0.8976,0.9176,-0.020000000000000018,-2.1796,494.0,444.093
600614.SH,19990513,0.9186,0.9256,0.9146,0.9176,0.9186,-0.0010000000000000009,-0.1089,244.0,224.513
600614.SH,19990512,0.9136,0.9226,0.9126,0.9186,0.9226,-0.0040000000000000036,-0.4336,228.0,209.108
600614.SH,19990511,0.9136,0.9226,0.9076,0.9226,0.9076,0.015000000000000013,1.6527,466.0,425.616
600614.SH,19990510,0.8935,0.9286,0.8935,0.9076,0.9296,-0.02200000000000002,-2.3666,940.0,860.027
600614.SH,19990507,0.9407,0.9527,0.9026,0.9296,0.9527,-0.02310000000000001,-2.4247,228.0,213.498
600614.SH,19990506,0.9567,0.9567,0.9296,0.9527,0.9507,0.0020000000000000018,0.2104,422.0,397.729
600614.SH,19990505,0.9256,0.9507,0.9246,0.9507,0.9347,0.016000000000000014,1.7118,149.0,139.126
600614.SH,19990504,0.9547,0.9547,0.9266,0.9347,0.9497,-0.015000000000000013,-1.5794,191.0,178.892
600614.SH,19990430,0.9447,0.9587,0.9427,0.9497,0.9407,0.009000000000000008,0.9567,454.0,430.176
600614.SH,19990429,0.9026,0.9507,0.8875,0.9407,0.9136,0.027100000000000013,2.9663,881.0,797.051
600614.SH,19990428,0.9226,0.9327,0.9136,0.9136,0.9166,-0.0030000000000000027,-0.3273,526.0,483.437
600614.SH,19990427,0.9106,0.9266,0.8835,0.9166,0.9327,-0.016100000000000003,-1.7262,360.0,327.915
600614.SH,19990426,0.9617,0.9617,0.9296,0.9327,0.9657,-0.03300000000000003,-3.4172,586.0,545.918
600614.SH,19990423,0.9507,0.9728,0.9507,0.9657,0.9577,0.008000000000000007,0.8353,420.0,403.24
600614.SH,19990422,0.9627,0.9627,0.9427,0.9577,0.9728,-0.015100000000000002,-1.5522,761.0,722.089
600614.SH,19990421,0.9948,0.9948,0.9708,0.9728,0.9958,-0.02300000000000002,-2.3097,878.0,857.001
600614.SH,19990420,0.9858,0.9978,0.9858,0.9958,0.9858,0.010000000000000009,1.0144,495.0,489.771
600614.SH,19990419,1.0049,1.0059,0.9828,0.9858,1.0049,-0.019099999999999895,-1.9007,721.0,711.326
600614.SH,19990416,1.0229,1.0229,1.0028,1.0049,1.0219,-0.017000000000000126,-1.6636,882.0,888.486
600614.SH,19990415,1.053,1.053,1.0179,1.0219,1.042,-0.020100000000000007,-1.929,812.0,830.966
600614.SH,19990414,1.0279,1.056,1.0279,1.042,1.0349,0.007100000000000106,0.6861,334.0,346.683
600614.SH,19990413,1.048,1.048,1.0329,1.0349,1.046,-0.01110000000000011,-1.0612,800.0,827.368
600614.SH,19990412,1.073,1.0881,1.043,1.046,1.0741,-0.028100000000000014,-2.6161,1130.0,1187.721
600614.SH,19990409,1.063,1.1011,1.062,1.0741,1.063,0.01110000000000011,1.0442,1862.0,2018.403
600614.SH,19990408,1.057,1.0931,1.054,1.063,1.059,0.0040000000000000036,0.3777,748.0,797.127
600614.SH,19990407,1.065,1.065,1.044,1.059,1.073,-0.014000000000000012,-1.3048,778.0,818.502
600614.SH,19990406,1.0901,1.0911,1.071,1.073,1.0901,-0.017100000000000115,-1.5687,685.0,736.913
600614.SH,19990405,1.1112,1.1112,1.073,1.0901,1.0801,0.010000000000000009,0.9258,1283.0,1383.957
600614.SH,19990402,1.071,1.0831,1.064,1.0801,1.063,0.017100000000000115,1.6087,1235.0,1324.517
600614.SH,19990401,1.053,1.065,1.043,1.063,1.053,0.010000000000000009,0.9497,552.0,581.021
600614.SH,19990331,1.043,1.053,1.043,1.053,1.053,0.0,0.0,441.0,461.246
600614.SH,19990330,1.0781,1.0831,1.048,1.053,1.0811,-0.028100000000000014,-2.5992,580.0,612.945
600614.SH,19990329,1.1523,1.1523,1.048,1.0811,1.053,0.028100000000000014,2.6686,1470.0,1590.357
600614.SH,19990326,1.0249,1.053,1.0249,1.053,1.0379,0.015099999999999891,1.4549,392.0,408.46
600614.SH,19990325,1.044,1.054,1.0379,1.0379,1.053,-0.015099999999999891,-1.434,675.0,705.308
600614.SH,19990324,1.063,1.068,1.05,1.053,1.058,-0.0050000000000001155,-0.4726,557.0,587.57
600614.SH,19990323,1.063,1.064,1.041,1.058,1.063,-0.004999999999999893,-0.4704,709.0,741.77
600614.SH,19990322,1.059,1.0791,1.058,1.063,1.058,0.004999999999999893,0.4726,811.0,861.422
600614.SH,19990319,1.0369,1.0811,1.0339,1.058,1.043,0.015000000000000124,1.4382,656.0,689.763
600614.SH,19990318,1.053,1.057,1.043,1.043,1.061,-0.018000000000000016,-1.6965,1021.0,1068.373
600614.SH,19990317,1.073,1.0951,1.061,1.061,1.0781,-0.017100000000000115,-1.5861,813.0,874.302
600614.SH,19990316,1.1031,1.1031,1.058,1.0781,1.1031,-0.02499999999999991,-2.2663,1389.0,1493.82
600614.SH,19990315,1.1081,1.1182,1.0911,1.1031,1.0981,0.004999999999999893,0.4553,2692.0,2950.945
600614.SH,19990312,1.0349,1.1312,1.0329,1.0981,1.0339,0.06420000000000003,6.2095,5319.0,5812.263
600614.SH,19990311,1.0129,1.041,1.0079,1.0339,1.0179,0.016000000000000014,1.5719,1236.0,1270.616
600614.SH,19990310,0.9266,1.043,0.9266,1.0179,1.0259,-0.008000000000000007,-0.7798,599.0,598.886
600614.SH,19990309,1.048,1.053,1.0219,1.0259,1.045,-0.019099999999999895,-1.8278,949.0,980.196
600614.SH,19990308,1.0179,1.048,1.0129,1.045,1.0129,0.03210000000000002,3.1691,1310.0,1344.692
600614.SH,19990305,1.0229,1.048,1.0028,1.0129,1.0169,-0.0040000000000000036,-0.3934,1121.0,1146.454
600614.SH,19990304,1.0129,1.0209,1.0028,1.0169,1.0129,0.0040000000000000036,0.3949,1142.0,1152.975
600614.SH,19990303,0.9898,1.0279,0.9748,1.0129,0.9888,0.0240999999999999,2.4373,1080.0,1088.536
600614.SH,19990302,0.9487,0.9928,0.8635,0.9888,0.9527,0.03610000000000002,3.7892,956.0,926.235
600614.SH,19990301,0.9447,0.9527,0.9407,0.9527,0.9427,0.010000000000000009,1.0608,353.0,333.57
600614.SH,19990209,0.9286,0.9437,0.9276,0.9427,0.9276,0.015100000000000002,1.6279,846.0,789.399
600614.SH,19990208,0.9607,0.9808,0.9226,0.9276,0.9627,-0.03510000000000002,-3.646,499.0,471.253
600614.SH,19990205,0.9627,0.9808,0.9557,0.9627,0.9708,-0.008099999999999996,-0.8344,735.0,707.966
600614.SH,19990204,0.9678,0.9818,0.9026,0.9708,0.9728,-0.0020000000000000018,-0.2056,613.0,584.158
600614.SH,19990203,0.9728,0.9868,0.9718,0.9728,0.9828,-0.010000000000000009,-1.0175,394.0,383.216
600614.SH,19990202,1.0028,1.0028,0.9627,0.9828,0.9858,-0.0030000000000000027,-0.3043,388.0,378.971
600614.SH,19990201,1.0309,1.0309,0.9828,0.9858,1.0069,-0.021099999999999897,-2.0955,563.0,559.185
600614.SH,19990129,1.0028,1.072,1.0028,1.0069,1.0179,-0.01100000000000012,-1.0807,921.0,943.518
600614.SH,19990128,0.9878,1.0179,0.8855,1.0179,0.9828,0.03510000000000002,3.5714,1445.0,1428.158
600614.SH,19990127,0.9828,0.9828,0.9688,0.9828,0.9788,0.0040000000000000036,0.4087,771.0,750.805
600614.SH,19990126,0.9928,0.9928,0.9738,0.9788,0.9958,-0.017000000000000015,-1.7072,405.0,398.348
600614.SH,19990125,1.0028,1.0329,0.9878,0.9958,0.9948,0.0010000000000000009,0.1005,590.0,589.967
600614.SH,19990122,0.9828,1.0209,0.9828,0.9948,0.9748,0.020000000000000018,2.0517,1052.0,1058.236
600614.SH,19990121,0.9798,0.9828,0.9728,0.9748,0.9708,0.0040000000000000036,0.412,344.0,335.176
600614.SH,19990120,0.9678,0.9828,0.9678,0.9708,0.9667,0.0040999999999999925,0.4241,332.0,322.77
600614.SH,19990119,0.9567,0.9778,0.9527,0.9667,0.9577,0.009000000000000008,0.9398,685.0,660.176
600614.SH,19990118,0.9577,0.9577,0.9226,0.9577,0.9577,0.0,0.0,1558.0,1455.095
600614.SH,19990115,1.0008,1.0059,0.9577,0.9577,1.0059,-0.04820000000000002,-4.7917,1685.0,1655.764
600614.SH,19990114,1.0309,1.0329,0.9978,1.0059,1.0309,-0.02499999999999991,-2.4251,657.0,661.809
600614.SH,19990113,1.0229,1.058,1.0169,1.0309,1.039,-0.008099999999999996,-0.7796,1053.0,1090.482
600614.SH,19990112,1.066,1.067,1.0329,1.039,1.071,-0.03200000000000003,-2.9879,674.0,703.006
600614.SH,19990111,1.0811,1.0811,1.053,1.071,1.073,-0.0020000000000000018,-0.1864,806.0,854.212
600614.SH,19990108,1.041,1.0831,1.0379,1.073,1.0329,0.040100000000000025,3.8823,1343.0,1427.728
600614.SH,19990107,1.0119,1.0329,1.0049,1.0329,1.0169,0.016000000000000014,1.5734,341.0,346.911
600614.SH,19990106,0.9878,1.0229,0.9828,1.0169,0.9978,0.019099999999999895,1.9142,547.0,553.982
600614.SH,19990105,1.0028,1.0028,0.9778,0.9978,1.0028,-0.004999999999999893,-0.4986,440.0,434.972
600614.SH,19990104,1.0129,1.0129,1.0028,1.0028,1.0028,0.0,0.0,285.0,286.292
600614.SH,19981231,1.043,1.043,1.0028,1.0028,1.0259,-0.02310000000000012,-2.2517,230.0,234.338
600614.SH,19981230,1.0028,1.048,0.9928,1.0259,1.0129,0.013000000000000123,1.2834,554.0,559.793
600614.SH,19981229,1.0229,1.0229,1.0099,1.0129,1.0279,-0.015000000000000124,-1.4593,450.0,456.134
600614.SH,19981228,1.0259,1.053,1.0259,1.0279,1.046,-0.018100000000000005,-1.7304,261.0,269.934
600614.SH,19981225,1.055,1.063,1.0379,1.046,1.042,0.0040000000000000036,0.3839,236.0,246.913
600614.SH,19981224,1.0229,1.05,1.0229,1.042,1.039,0.0030000000000001137,0.2887,217.0,225.09
600614.SH,19981223,1.068,1.068,1.0379,1.039,1.068,-0.029000000000000137,-2.7154,811.0,847.466
600614.SH,19981222,1.0018,1.068,1.0018,1.068,0.9938,0.07420000000000004,7.4663,945.0,978.592
600614.SH,19981221,0.9778,0.9968,0.9527,0.9938,0.9968,-0.0030000000000000027,-0.301,659.0,644.179
600614.SH,19981218,1.0189,1.0319,0.9928,0.9968,1.0329,-0.03609999999999991,-3.495,715.0,725.972
600614.SH,19981217,1.053,1.053,1.0329,1.0329,1.048,-0.015100000000000113,-1.4408,379.0,392.872
600614.SH,19981216,1.059,1.061,1.048,1.048,1.059,-0.010999999999999899,-1.0387,300.0,315.007
600614.SH,19981215,1.061,1.061,1.0229,1.059,1.0761,-0.017100000000000115,-1.5891,282.0,295.601
600614.SH,19981214,1.1122,1.1122,1.073,1.0761,1.0881,-0.01200000000000001,-1.1028,280.0,304.427
600614.SH,19981211,1.0751,1.0881,1.065,1.0881,1.0781,0.010000000000000009,0.9276,366.0,392.814
600614.SH,19981210,1.1282,1.1282,1.073,1.0781,1.073,0.0051000000000001044,0.4753,416.0,449.403
600614.SH,19981209,1.0831,1.0841,1.065,1.073,1.0821,-0.009100000000000108,-0.841,258.0,277.184
600614.SH,19981208,1.053,1.0881,1.053,1.0821,1.064,0.018100000000000005,1.7011,881.0,941.058
600614.SH,19981207,1.1162,1.1172,1.063,1.064,1.1011,-0.03709999999999991,-3.3694,1208.0,1298.91
600614.SH,19981204,1.1232,1.1242,1.0991,1.1011,1.1282,-0.027100000000000124,-2.4021,933.0,1030.543
600614.SH,19981203,1.1412,1.1412,1.1232,1.1282,1.1322,-0.0040000000000000036,-0.3533,669.0,751.958
600614.SH,19981202,1.1342,1.1422,1.1222,1.1322,1.1432,-0.010999999999999899,-0.9622,926.0,1040.386
600614.SH,19981201,1.1523,1.1673,1.1382,1.1432,1.1523,-0.009100000000000108,-0.7897,494.0,566.179
600614.SH,19981130,1.1533,1.1703,1.1382,1.1523,1.1623,-0.010000000000000009,-0.8604,779.0,893.0
600614.SH,19981127,1.1834,1.1884,1.1613,1.1623,1.1733,-0.010999999999999899,-0.9375,581.0,679.0
600614.SH,19981126,1.1593,1.2014,1.1593,1.1733,1.1583,0.014999999999999902,1.295,786.0,923.0
600614.SH,19981125,1.1683,1.1683,1.1553,1.1583,1.1613,-0.0029999999999998916,-0.2583,962.0,1114.338
600614.SH,19981124,1.1513,1.1834,1.1513,1.1613,1.1553,0.006000000000000005,0.5193,810.0,944.253
600614.SH,19981123,1.1753,1.1773,1.1553,1.1553,1.1783,-0.02299999999999991,-1.952,1466.0,1699.955
600614.SH,19981120,1.1834,1.1984,1.1753,1.1783,1.1834,-0.0051000000000001044,-0.431,978.0,1149.409
600614.SH,19981119,1.1964,1.2034,1.1783,1.1834,1.1914,-0.008000000000000007,-0.6715,1037.0,1225.198
600614.SH,19981118,1.2014,1.2024,1.1834,1.1914,1.1984,-0.006999999999999895,-0.5841,865.0,1028.453
600614.SH,19981117,1.1834,1.2225,1.1733,1.1984,1.1864,0.01200000000000001,1.0115,2160.0,2565.334
600614.SH,19981116,1.1984,1.1984,1.1733,1.1864,1.1934,-0.007000000000000117,-0.5866,2056.0,2425.391
600614.SH,19981113,1.2054,1.2054,1.1814,1.1934,1.2074,-0.014000000000000012,-1.1595,2134.0,2534.411
600614.SH,19981112,1.2285,1.2435,1.2074,1.2074,1.2285,-0.021099999999999897,-1.7175,1724.0,2098.092
600614.SH,19981111,1.2335,1.2335,1.2044,1.2285,1.2235,0.004999999999999893,0.4087,1479.0,1789.318
600614.SH,19981110,1.2485,1.2536,1.2155,1.2235,1.2445,-0.020999999999999908,-1.6874,1888.0,2316.501
600614.SH,19981109,1.2034,1.2485,1.1934,1.2445,1.2034,0.041099999999999914,3.4153,4203.0,5157.997
600614.SH,19981106,1.2185,1.2235,1.1934,1.2034,1.2175,-0.014100000000000001,-1.1581,2459.0,2953.46
600614.SH,19981105,1.2034,1.2415,1.2034,1.2175,1.2034,0.014100000000000001,1.1717,2317.0,2822.408
600614.SH,19981104,1.2185,1.2255,1.2014,1.2034,1.2185,-0.015099999999999891,-1.2392,1117.0,1345.956
600614.SH,19981103,1.2014,1.2245,1.1854,1.2185,1.1974,0.021099999999999897,1.7622,1783.0,2157.611
600614.SH,19981102,1.1984,1.2014,1.1783,1.1974,1.1934,0.0040000000000000036,0.3352,1604.0,1897.198
600614.SH,19981030,1.2014,1.2034,1.1804,1.1934,1.2104,-0.016999999999999904,-1.4045,2360.0,2800.392
600614.SH,19981029,1.2586,1.2586,1.2054,1.2104,1.2606,-0.05020000000000002,-3.9822,2598.0,3171.497
600614.SH,19981028,1.1944,1.2736,1.1944,1.2606,1.2034,0.05719999999999992,4.7532,4906.0,6102.855
600614.SH,19981027,1.1763,1.2034,1.1633,1.2034,1.1804,0.02300000000000013,1.9485,1804.0,2129.969
600614.SH,19981026,1.2004,1.2134,1.1533,1.1804,1.1894,-0.009000000000000119,-0.7567,2671.0,3139.756
600614.SH,19981023,1.2134,1.2185,1.1884,1.1894,1.2165,-0.027099999999999902,-2.2277,2556.0,3052.146
600614.SH,19981022,1.1683,1.2185,1.1653,1.2165,1.1914,0.0250999999999999,2.1068,3783.0,4473.853
600614.SH,19981021,1.2435,1.2435,1.1914,1.1914,1.2425,-0.05109999999999992,-4.1127,3313.0,4005.595
600614.SH,19981020,1.2335,1.2656,1.2335,1.2425,1.2195,0.02299999999999991,1.886,2168.0,2681.309
600614.SH,19981019,1.2355,1.2435,1.2114,1.2195,1.2345,-0.014999999999999902,-1.2151,3586.0,4366.548
600614.SH,19981016,1.2636,1.2736,1.2335,1.2345,1.2696,-0.03510000000000013,-2.7647,4262.0,5271.621
600614.SH,19981015,1.2696,1.2907,1.2536,1.2696,1.2726,-0.0029999999999998916,-0.2357,4354.0,5486.465
600614.SH,19981014,1.2826,1.2927,1.2315,1.2726,1.2836,-0.01100000000000012,-0.857,5973.0,7470.629
600614.SH,19981013,1.3007,1.3839,1.2686,1.2836,1.2997,-0.016100000000000003,-1.2387,11585.0,15262.46
600614.SH,19981012,1.2967,1.3218,1.2536,1.2997,1.2967,0.0030000000000001137,0.2314,10658.0,13688.611
600614.SH,19981009,1.2937,1.3017,1.2335,1.2967,1.2796,0.017099999999999893,1.3364,16066.0,20368.725
600614.SH,19981008,1.1783,1.2796,1.1743,1.2796,1.1633,0.11630000000000007,9.9974,26788.0,33348.365
600614.SH,19981007,1.1252,1.1633,1.1132,1.1633,1.1232,0.040100000000000025,3.5702,1751.0,1991.44
600614.SH,19981006,1.1332,1.1352,1.1182,1.1232,1.1342,-0.01100000000000012,-0.9698,720.0,808.089
600614.SH,19981005,1.1563,1.1563,1.1282,1.1342,1.1432,-0.008999999999999897,-0.7873,769.0,873.468
600614.SH,19980930,1.1031,1.1563,1.1031,1.1432,1.1332,0.010000000000000009,0.8825,1270.0,1448.87
600614.SH,19980929,1.1422,1.1432,1.1182,1.1332,1.1232,0.010000000000000009,0.8903,1325.0,1494.096
600614.SH,19980928,1.1412,1.1533,1.1172,1.1232,1.1392,-0.016000000000000014,-1.4045,1319.0,1486.444
600614.SH,19980925,1.1031,1.1432,1.1021,1.1392,1.1142,0.02499999999999991,2.2438,1312.0,1471.653
600614.SH,19980924,1.1613,1.1713,1.1031,1.1142,1.1643,-0.05009999999999981,-4.303,2139.0,2413.628
600614.SH,19980923,1.1493,1.1964,1.1463,1.1643,1.1533,0.010999999999999899,0.9538,2067.0,2397.813
600614.SH,19980922,1.1382,1.1884,1.1382,1.1533,1.1382,0.015099999999999891,1.3267,4011.0,4653.146
600614.SH,19980921,1.0941,1.1613,1.055,1.1382,1.1132,0.025000000000000133,2.2458,2498.0,2769.215
600614.SH,19980918,1.1603,1.1683,1.1122,1.1132,1.1733,-0.06010000000000004,-5.1223,4675.0,5308.005
600614.SH,19980917,1.2034,1.2516,1.1332,1.1733,1.1984,-0.0250999999999999,-2.0945,8042.0,9712.47
600614.SH,19980916,1.1483,1.1984,1.1332,1.1984,1.1543,0.044099999999999806,3.8205,4908.0,5699.597
600614.SH,19980915,1.1733,1.1864,1.1262,1.1543,1.1643,-0.009999999999999787,-0.8589,5891.0,6787.738
600614.SH,19980914,1.0941,1.1964,1.0941,1.1643,1.0891,0.07519999999999993,6.9048,6246.0,7253.043
600614.SH,19980911,1.053,1.1031,1.0229,1.0891,1.053,0.03610000000000002,3.4283,3958.0,4213.286
600614.SH,19980910,1.0209,1.073,1.0209,1.053,1.0209,0.03210000000000002,3.1443,4971.0,5221.35
600614.SH,19980909,0.9647,1.0229,0.9527,1.0209,0.9577,0.06319999999999992,6.5991,4680.0,4674.858
600614.SH,19980908,0.9938,1.0018,0.9527,0.9577,0.9838,-0.026100000000000012,-2.653,1769.0,1720.837
600614.SH,19980907,0.9818,1.0018,0.9607,0.9838,0.9597,0.02410000000000001,2.5112,1617.0,1581.452
600614.SH,19980904,0.9577,0.9678,0.9477,0.9597,0.9417,0.018000000000000016,1.9114,1218.0,1167.467
600614.SH,19980903,0.9527,0.9647,0.9407,0.9417,0.9517,-0.010000000000000009,-1.0508,1053.0,998.103
600614.SH,19980902,0.9607,0.9728,0.9226,0.9517,0.9698,-0.018100000000000005,-1.8664,1241.0,1173.854
600614.SH,19980901,0.9126,0.9828,0.9066,0.9698,0.9226,0.04720000000000002,5.116,5761.0,5559.03
600614.SH,19980831,0.9076,0.9276,0.8604,0.9226,0.9196,0.0030000000000000027,0.3262,1290.0,1144.428
600614.SH,19980828,0.9276,0.9507,0.9196,0.9196,0.9427,-0.02310000000000001,-2.4504,809.0,750.659
600614.SH,19980827,0.9026,0.9678,0.8925,0.9427,0.9236,0.019100000000000006,2.068,2434.0,2265.325
600614.SH,19980826,0.9327,0.9417,0.9226,0.9236,0.9427,-0.019100000000000006,-2.0261,1010.0,937.221
600614.SH,19980825,0.9327,0.9427,0.9106,0.9427,0.9457,-0.0030000000000000027,-0.3172,1838.0,1684.476
600614.SH,19980824,0.9627,0.9728,0.9377,0.9457,0.9537,-0.008000000000000007,-0.8388,1843.0,1743.711
600614.SH,19980821,0.9226,0.9678,0.9156,0.9537,0.9306,0.02310000000000001,2.4823,2372.0,2240.909
600614.SH,19980820,0.8996,0.9327,0.8755,0.9306,0.8935,0.03710000000000002,4.1522,2375.0,2170.524
600614.SH,19980819,0.8314,0.8965,0.8314,0.8935,0.8354,0.05809999999999993,6.9548,1234.0,1078.947
600614.SH,19980818,0.8043,0.8925,0.8043,0.8354,0.8875,-0.052099999999999924,-5.8704,1502.0,1290.547
600614.SH,19980817,0.9828,0.9828,0.8875,0.8875,0.9858,-0.09830000000000005,-9.9716,935.0,843.356
600614.SH,19980814,1.0179,1.0179,0.9788,0.9858,1.0319,-0.04610000000000003,-4.4675,683.0,680.039
600614.SH,19980813,1.0099,1.0329,0.9938,1.0319,0.9978,0.03410000000000002,3.4175,848.0,857.141
600614.SH,19980812,1.0109,1.0109,0.9798,0.9978,1.0179,-0.020100000000000007,-1.9747,879.0,869.281
600614.SH,19980811,1.063,1.0781,1.0139,1.0179,1.067,-0.04909999999999992,-4.6017,733.0,762.722
600614.SH,19980810,1.1081,1.1081,1.056,1.067,1.1222,-0.05520000000000014,-4.9189,1119.0,1195.695
600614.SH,19980807,1.1352,1.1392,1.1132,1.1222,1.1432,-0.020999999999999908,-1.8369,1297.0,1449.808
600614.SH,19980806,1.1432,1.1693,1.1412,1.1432,1.1392,0.0040000000000000036,0.3511,792.0,912.887
600614.SH,19980805,1.1382,1.1533,1.1282,1.1392,1.1412,-0.0020000000000000018,-0.1753,800.0,906.922
600614.SH,19980804,1.1533,1.1533,1.1031,1.1412,1.1653,-0.02410000000000001,-2.0681,1005.0,1137.379
600614.SH,19980803,1.1974,1.2034,1.1543,1.1653,1.1974,-0.03210000000000002,-2.6808,711.0,832.694
600614.SH,19980731,1.1603,1.2014,1.1533,1.1974,1.1563,0.041099999999999914,3.5544,1720.0,2025.036
600614.SH,19980730,1.1513,1.1643,1.1513,1.1563,1.1633,-0.006999999999999895,-0.6017,742.0,857.733
600614.SH,19980729,1.1643,1.1854,1.1613,1.1633,1.1753,-0.01200000000000001,-1.021,609.0,710.034
600614.SH,19980728,1.1703,1.1904,1.1673,1.1753,1.1904,-0.015099999999999891,-1.2685,655.0,768.189
600614.SH,19980727,1.1743,1.2014,1.1743,1.1904,1.1733,0.017099999999999893,1.4574,1223.0,1450.221
600614.SH,19980724,1.1703,1.1834,1.1633,1.1733,1.1683,0.0050000000000001155,0.428,1063.0,1245.253
600614.SH,19980723,1.2185,1.2185,1.1312,1.1683,1.1483,0.019999999999999796,1.7417,1032.0,1208.331
600614.SH,19980722,1.1756,1.1756,1.1392,1.1483,1.1647,-0.01639999999999997,-1.4081,1048.0,1324.582
600614.SH,19980721,1.1519,1.1829,1.151,1.1647,1.1519,0.012800000000000145,1.1112,536.0,685.947
600614.SH,19980720,1.1665,1.1665,1.131,1.1519,1.1665,-0.014600000000000168,-1.2516,1124.0,1411.587
600614.SH,19980717,1.1829,1.2048,1.1574,1.1665,1.1847,-0.018199999999999994,-1.5363,836.0,1075.545
600614.SH,19980716,1.1246,1.2203,1.1246,1.1847,1.1756,0.009100000000000108,0.7741,841.0,1098.6
600614.SH,19980715,1.1619,1.1929,1.1619,1.1756,1.1847,-0.009100000000000108,-0.7681,692.0,892.76
600614.SH,19980714,1.2303,1.2349,1.1756,1.1847,1.2212,-0.03649999999999998,-2.9889,943.0,1249.49
600614.SH,19980713,1.2048,1.2294,1.1957,1.2212,1.203,0.018199999999999994,1.5129,1652.0,2199.295
600614.SH,19980710,1.203,1.2175,1.1847,1.203,1.2039,-0.0008999999999999009,-0.0748,1085.0,1428.867
600614.SH,19980709,1.1847,1.274,1.1847,1.2039,1.1665,0.03739999999999988,3.2062,2575.0,3421.379
600614.SH,19980708,1.1492,1.1847,1.1446,1.1665,1.1711,-0.0045999999999999375,-0.3928,527.0,675.054
600614.SH,19980707,1.1446,1.1738,1.1446,1.1711,1.1665,0.0045999999999999375,0.3943,662.0,845.089
600614.SH,19980706,1.2057,1.2166,1.1665,1.1665,1.2075,-0.040999999999999925,-3.3954,1539.0,2013.697
600614.SH,19980703,1.1774,1.244,1.1483,1.2075,1.1683,0.039200000000000124,3.3553,2676.0,3537.155
600614.SH,19980702,1.1528,1.1738,1.1328,1.1683,1.1483,0.019999999999999796,1.7417,768.0,972.651
600614.SH,19980701,1.1574,1.182,1.13,1.1483,1.141,0.007300000000000084,0.6398,836.0,1057.713
600614.SH,19980630,1.1483,1.1483,1.13,1.141,1.1528,-0.011800000000000033,-1.0236,926.0,1157.82
600614.SH,19980629,1.1601,1.1619,1.13,1.1528,1.1765,-0.023700000000000054,-2.0144,1248.0,1576.723
600614.SH,19980626,1.1756,1.1838,1.1501,1.1765,1.1838,-0.007299999999999862,-0.6167,938.0,1202.749
600614.SH,19980625,1.2121,1.2121,1.1674,1.1838,1.2121,-0.028299999999999992,-2.3348,1022.0,1330.57
600614.SH,19980624,1.2266,1.2303,1.1866,1.2121,1.223,-0.010900000000000132,-0.8913,1352.0,1781.045
600614.SH,19980622,1.2212,1.2394,1.1847,1.223,1.2376,-0.014599999999999946,-1.1797,3312.0,4398.034
600614.SH,19980619,1.1665,1.274,1.1665,1.2376,1.1583,0.07929999999999993,6.8462,9317.0,12847.911
600614.SH,19980618,1.1683,1.1711,1.1492,1.1583,1.1528,0.00550000000000006,0.4771,800.0,1019.942
600614.SH,19980617,1.1392,1.1783,1.13,1.1528,1.13,0.022800000000000153,2.0177,1811.0,2313.527
600614.SH,19980616,1.1483,1.1483,1.1045,1.13,1.1483,-0.018300000000000205,-1.5937,1140.0,1401.225
600614.SH,19980615,1.1829,1.1847,1.1392,1.1483,1.1765,-0.028200000000000003,-2.3969,1191.0,1508.932
600614.SH,19980612,1.1556,1.1811,1.1392,1.1765,1.1373,0.039200000000000124,3.4468,2116.0,2697.193
600614.SH,19980611,1.1483,1.1556,1.1228,1.1373,1.1437,-0.006399999999999961,-0.5596,893.0,1118.79
600614.SH,19980610,1.1118,1.1574,1.1036,1.1437,1.13,0.013700000000000045,1.2124,1492.0,1839.658
600614.SH,19980609,1.1574,1.1574,1.1118,1.13,1.1683,-0.0383,-3.2783,2660.0,3297.511
600614.SH,19980608,1.203,1.203,1.1665,1.1683,1.2102,-0.04190000000000005,-3.4622,2476.0,3194.653
600614.SH,19980605,1.1893,1.2203,1.1884,1.2102,1.203,0.007199999999999873,0.5985,2364.0,3115.351
600614.SH,19980604,1.2385,1.2394,1.1993,1.203,1.2394,-0.03639999999999999,-2.9369,2551.0,3384.14
600614.SH,19980603,1.2667,1.2686,1.2257,1.2394,1.2522,-0.012799999999999923,-1.0222,2036.0,2768.178
600614.SH,19980602,1.202,1.2713,1.1856,1.2522,1.2194,0.03279999999999994,2.6898,3463.0,4683.319
600614.SH,19980601,1.2558,1.2558,1.2121,1.2194,1.274,-0.05459999999999998,-4.2857,5238.0,7044.27
600614.SH,19980529,1.3305,1.3351,1.2576,1.274,1.316,-0.04200000000000004,-3.1915,7171.0,10039.548
600614.SH,19980528,1.3378,1.3397,1.2941,1.316,1.3442,-0.028200000000000003,-2.0979,6525.0,9418.837
600614.SH,19980527,1.4126,1.4126,1.2932,1.3442,1.3324,0.011800000000000033,0.8856,27713.0,41013.123
600614.SH,19980526,1.3324,1.3324,1.3324,1.3324,1.2112,0.12119999999999997,10.0066,4473.0,6540.199
600614.SH,19980525,1.1392,1.2112,1.1392,1.2112,1.1009,0.11030000000000006,10.0191,5142.0,6804.303
600614.SH,19980522,1.1118,1.1164,1.0918,1.1009,1.0963,0.0045999999999999375,0.4196,2092.0,2518.671
600614.SH,19980521,1.0708,1.1009,1.0708,1.0963,1.0745,0.02180000000000004,2.0289,1098.0,1305.809
600614.SH,19980520,1.1018,1.1018,1.0708,1.0745,1.089,-0.014499999999999957,-1.3315,1224.0,1449.792
600614.SH,19980519,1.0936,1.1182,1.0827,1.089,1.0799,0.009099999999999886,0.8427,1285.0,1552.463
600614.SH,19980518,1.0936,1.1255,1.0708,1.0799,1.1027,-0.02279999999999993,-2.0677,1169.0,1392.733
600614.SH,19980515,1.1328,1.1547,1.0936,1.1027,1.13,-0.02729999999999988,-2.4159,2437.0,2972.364
600614.SH,19980514,1.1209,1.172,1.1209,1.13,1.1182,0.01179999999999981,1.0553,4355.0,5471.767
600614.SH,19980513,1.0763,1.1255,1.0663,1.1182,1.0754,0.04280000000000017,3.9799,4433.0,5402.254
600614.SH,19980512,1.1027,1.1118,1.0708,1.0754,1.0991,-0.023700000000000054,-2.1563,1437.0,1709.562
600614.SH,19980511,1.09,1.1164,1.09,1.0991,1.09,0.009099999999999886,0.8349,3280.0,3965.504
600614.SH,19980508,1.0663,1.0918,1.0571,1.09,1.0663,0.023700000000000054,2.2226,2383.0,2826.765
600614.SH,19980507,1.1009,1.1009,1.0644,1.0663,1.1027,-0.03639999999999999,-3.301,2181.0,2593.083
600614.SH,19980506,1.0663,1.1109,1.0571,1.1027,1.0663,0.03639999999999999,3.4137,3524.0,4211.449
600614.SH,19980505,1.0571,1.079,1.0571,1.0663,1.0526,0.013700000000000045,1.3015,1676.0,1965.793
600614.SH,19980504,1.048,1.0663,1.048,1.0526,1.0717,-0.019100000000000117,-1.7822,2788.0,3219.331
600614.SH,19980430,1.0754,1.0936,1.0544,1.0717,1.0772,-0.005499999999999838,-0.5106,1880.0,2198.253
600614.SH,19980429,1.0663,1.1045,1.0653,1.0772,1.0571,0.020100000000000007,1.9014,2162.0,2564.021
600614.SH,19980428,1.0635,1.0708,1.0298,1.0571,1.0635,-0.006399999999999961,-0.6018,3027.0,3480.994
600614.SH,19980427,1.0936,1.0936,1.0298,1.0635,1.1191,-0.055600000000000094,-4.9683,3724.0,4332.635
600614.SH,19980424,1.1574,1.1592,1.1155,1.1191,1.1556,-0.03649999999999998,-3.1585,3034.0,3761.307
600614.SH,19980423,1.1756,1.1984,1.1528,1.1556,1.1811,-0.025500000000000078,-2.159,1831.0,2341.371
600614.SH,19980422,1.1528,1.1847,1.13,1.1811,1.1428,0.0383,3.3514,2864.0,3652.02
600614.SH,19980421,1.13,1.1483,1.1255,1.1428,1.1282,0.014599999999999946,1.2941,1606.0,2006.096
600614.SH,19980420,1.1191,1.1528,1.1191,1.1282,1.1373,-0.009099999999999886,-0.8001,1244.0,1554.463
600614.SH,19980417,1.1373,1.1756,1.1118,1.1373,1.1373,0.0,0.0,2503.0,3107.214
600614.SH,19980416,1.1802,1.1802,1.1355,1.1373,1.1711,-0.03380000000000005,-2.8862,2622.0,3299.418
600614.SH,19980415,1.1711,1.2039,1.1574,1.1711,1.1537,0.017400000000000082,1.5082,2498.0,3242.183
600614.SH,19980414,1.1373,1.1711,1.1328,1.1537,1.1528,0.0008999999999999009,0.0781,2258.0,2858.267
600614.SH,19980413,1.1692,1.1692,1.1255,1.1528,1.1711,-0.018299999999999983,-1.5626,4309.0,5389.468
600614.SH,19980410,1.1756,1.1847,1.1209,1.1711,1.1829,-0.011800000000000033,-0.9975,4968.0,6275.479
600614.SH,19980409,1.2932,1.2932,1.1574,1.1829,1.2832,-0.10029999999999983,-7.8164,8020.0,10680.226
600614.SH,19980408,1.285,1.3305,1.2312,1.2832,1.2859,-0.0027000000000001467,-0.21,7958.0,11168.961
600614.SH,19980407,1.2485,1.3488,1.2485,1.2859,1.2257,0.06020000000000003,4.9115,14313.0,20425.559
600614.SH,19980406,1.182,1.2285,1.1619,1.2257,1.1601,0.0656000000000001,5.6547,13337.0,17579.973
600614.SH,19980403,1.1373,1.1619,1.1045,1.1601,1.1319,0.028200000000000003,2.4914,4712.0,5803.763
600614.SH,19980402,1.1665,1.2011,1.1291,1.1319,1.1474,-0.01550000000000007,-1.3509,6812.0,8695.667
600614.SH,19980401,1.1209,1.1528,1.1027,1.1474,1.1337,0.013700000000000045,1.2084,4728.0,5880.926
600614.SH,19980331,1.1938,1.1984,1.1282,1.1337,1.1866,-0.05290000000000017,-4.4581,4554.0,5732.262
600614.SH,19980330,1.1437,1.2294,1.1209,1.1866,1.1173,0.06930000000000014,6.2025,12814.0,16673.795
600614.SH,19980327,1.0663,1.1483,1.0407,1.1173,1.0526,0.06469999999999998,6.1467,14651.0,17966.796
600614.SH,19980326,1.0207,1.0735,1.0098,1.0526,1.017,0.035600000000000076,3.5005,4453.0,5149.315
600614.SH,19980325,1.048,1.0571,1.0098,1.017,1.0362,-0.019200000000000106,-1.8529,1292.0,1445.016
600614.SH,19980324,1.0161,1.048,1.0025,1.0362,1.0116,0.024599999999999955,2.4318,1851.0,2065.475
600614.SH,19980323,1.0207,1.0289,1.0025,1.0116,1.0289,-0.01729999999999987,-1.6814,2436.0,2699.639
600614.SH,19980320,1.0462,1.0462,1.0234,1.0289,1.038,-0.009100000000000108,-0.8767,1922.0,2169.225
600614.SH,19980319,1.0571,1.0571,1.0344,1.038,1.0571,-0.019099999999999895,-1.8068,720.0,824.01
600614.SH,19980318,1.0754,1.0781,1.0526,1.0571,1.0571,0.0,0.0,928.0,1083.113
600614.SH,19980317,1.0626,1.0745,1.0389,1.0571,1.0407,0.01639999999999997,1.5759,1001.0,1160.978
600614.SH,19980316,1.0644,1.0644,1.0344,1.0407,1.0644,-0.023700000000000054,-2.2266,753.0,861.805
600614.SH,19980313,1.0344,1.0699,1.028,1.0644,1.0344,0.030000000000000027,2.9002,1313.0,1497.0
600614.SH,19980312,1.0344,1.0389,1.0262,1.0344,1.0389,-0.0044999999999999485,-0.4332,1340.0,1518.153
600614.SH,19980311,1.0626,1.0644,1.0389,1.0389,1.0635,-0.024599999999999955,-2.3131,2435.0,2794.9
600614.SH,19980310,1.059,1.0754,1.0435,1.0635,1.0708,-0.007300000000000084,-0.6817,1089.0,1259.842
600614.SH,19980309,1.0508,1.089,1.0508,1.0708,1.0599,0.01089999999999991,1.0284,716.0,840.437
600614.SH,19980306,1.0617,1.0982,1.0499,1.0599,1.0635,-0.0035999999999998256,-0.3385,1383.0,1626.71
600614.SH,19980305,1.0754,1.0772,1.0526,1.0635,1.0754,-0.011900000000000022,-1.1066,1407.0,1641.801
600614.SH,19980304,1.0982,1.0982,1.0708,1.0754,1.0936,-0.018199999999999994,-1.6642,1470.0,1737.148
600614.SH,19980303,1.1191,1.1255,1.0681,1.0936,1.1064,-0.012800000000000145,-1.1569,2201.0,2633.232
600614.SH,19980302,1.0672,1.1437,1.0644,1.1064,1.0909,0.01550000000000007,1.4208,8941.0,10981.701
600614.SH,19980227,1.0526,1.1364,1.0371,1.0909,1.0526,0.0383,3.6386,3624.0,4327.078
600614.SH,19980226,1.0617,1.0617,1.0344,1.0526,1.048,0.0045999999999999375,0.4389,972.0,1112.316
600614.SH,19980225,1.048,1.0735,1.0207,1.048,1.048,0.0,0.0,1841.0,2110.162
600614.SH,19980224,1.048,1.0571,1.0316,1.048,1.0444,0.0036000000000000476,0.3447,1062.0,1216.76
600614.SH,19980223,1.0325,1.0499,1.028,1.0444,1.0635,-0.019099999999999895,-1.796,1529.0,1742.607
600614.SH,19980220,1.0845,1.0845,1.0462,1.0635,1.0845,-0.02100000000000013,-1.9364,1635.0,1905.369
600614.SH,19980219,1.0982,1.1109,1.0763,1.0845,1.0963,-0.011800000000000033,-1.0763,1057.0,1266.228
600614.SH,19980218,1.0945,1.1328,1.0945,1.0963,1.0918,0.0044999999999999485,0.4122,1710.0,2075.072
600614.SH,19980217,1.0936,1.12,1.0845,1.0918,1.1073,-0.015499999999999847,-1.3998,1502.0,1806.534
600614.SH,19980216,1.0763,1.13,1.0626,1.1073,1.0963,0.010999999999999899,1.0034,3840.0,4616.192
600614.SH,19980213,1.1483,1.1829,1.0854,1.0963,1.1291,-0.03279999999999994,-2.905,11635.0,14493.514
600614.SH,19980212,1.0252,1.1291,1.0234,1.1291,1.0262,0.10289999999999999,10.0273,6328.0,7748.811
600614.SH,19980211,1.0298,1.0298,1.0207,1.0262,1.0307,-0.0044999999999999485,-0.4366,1408.0,1581.901
600614.SH,19980210,1.0526,1.0526,1.0271,1.0307,1.0435,-0.012800000000000145,-1.2266,1006.0,1143.113
600614.SH,19980209,1.0544,1.0745,1.0344,1.0435,1.0207,0.022800000000000153,2.2338,1307.0,1496.867
600614.SH,19980123,1.0252,1.0371,1.0125,1.0207,1.0207,0.0,0.0,1070.0,1205.118
600614.SH,19980122,1.0389,1.0508,1.0116,1.0207,1.0298,-0.009100000000000108,-0.8837,768.0,860.171
600614.SH,19980121,1.017,1.0754,1.017,1.0298,1.017,0.012800000000000145,1.2586,1962.0,2247.144
600614.SH,19980120,1.0298,1.0526,1.007,1.017,1.0344,-0.017400000000000082,-1.6821,1256.0,1405.205
600614.SH,19980119,1.0617,1.0663,1.0243,1.0344,1.0471,-0.012699999999999934,-1.2129,1311.0,1488.146
600614.SH,19980116,1.048,1.0617,1.0407,1.0471,1.0444,0.0026999999999999247,0.2585,1795.0,2074.671
600614.SH,19980115,1.0617,1.0708,1.0234,1.0444,1.048,-0.0036000000000000476,-0.3435,2258.0,2571.492
600614.SH,19980114,0.9742,1.0754,0.9742,1.048,0.9842,0.06380000000000008,6.4824,3797.0,4359.143
600614.SH,19980113,1.0571,1.0571,0.956,0.9842,1.0626,-0.07840000000000003,-7.3781,3806.0,4129.833
600614.SH,19980112,1.089,1.1073,1.0571,1.0626,1.0817,-0.019100000000000117,-1.7657,3129.0,3663.296
600614.SH,19980109,1.1027,1.1091,1.0663,1.0817,1.1073,-0.025599999999999845,-2.3119,3247.0,3851.273
600614.SH,19980108,1.13,1.1373,1.1027,1.1073,1.1237,-0.01639999999999997,-1.4595,2623.0,3185.749
600614.SH,19980107,1.1118,1.1428,1.1027,1.1237,1.1218,0.0019000000000000128,0.1694,3564.0,4363.787
600614.SH,19980106,1.0845,1.1574,1.0617,1.1218,1.09,0.03179999999999983,2.9174,5580.0,6861.402
600614.SH,19980105,1.0936,1.0936,1.0553,1.09,1.0954,-0.005399999999999849,-0.493,4675.0,5477.017
600614.SH,19971231,1.1483,1.1729,1.0663,1.0954,1.1091,-0.013700000000000045,-1.2352,12188.0,15102.481
600614.SH,19971230,1.0079,1.1091,1.0079,1.1091,1.0079,0.10119999999999996,10.0407,7941.0,9508.274
600614.SH,19971229,1.028,1.0344,1.0025,1.0079,1.0225,-0.014599999999999946,-1.4279,2857.0,3175.178
600614.SH,19971226,1.0189,1.0344,1.0143,1.0225,1.0207,0.0018000000000000238,0.1763,3251.0,3648.104
600614.SH,19971225,1.0252,1.0453,1.0025,1.0207,1.0316,-0.010900000000000132,-1.0566,4249.0,4787.952
600614.SH,19971224,1.0143,1.0389,0.966,1.0316,1.0125,0.019100000000000117,1.8864,10963.0,11924.49
600614.SH,19971223,1.0116,1.0754,0.9851,1.0125,1.0325,-0.020000000000000018,-1.937,9108.0,10294.247
600614.SH,19971222,1.0945,1.1073,1.0252,1.0325,1.12,-0.08750000000000013,-7.8125,12679.0,14429.617
600614.SH,19971219,1.1656,1.1774,1.0918,1.12,1.1483,-0.028299999999999992,-2.4645,12057.0,14658.865
600614.SH,19971218,1.1465,1.1829,1.1392,1.1483,1.1383,0.010000000000000009,0.8785,3887.0,4889.588
600614.SH,19971217,1.1893,1.1902,1.1383,1.1383,1.1893,-0.050999999999999934,-4.2882,4321.0,5451.007
600614.SH,19971216,1.1957,1.2349,1.161,1.1893,1.1957,-0.006399999999999961,-0.5353,5172.0,6738.457
600614.SH,19971215,1.2175,1.244,1.1847,1.1957,1.2175,-0.02180000000000004,-1.7906,5245.0,6939.087
600614.SH,19971212,1.1437,1.2349,1.1209,1.2175,1.1437,0.07380000000000009,6.4527,11542.0,15301.483
600614.SH,19971211,1.1811,1.202,1.1392,1.1437,1.1893,-0.045600000000000085,-3.8342,5866.0,7410.746
600614.SH,19971210,1.2121,1.2221,1.1829,1.1893,1.2166,-0.02729999999999988,-2.244,7140.0,9365.922
600614.SH,19971209,1.2312,1.254,1.1847,1.2166,1.2266,-0.010000000000000009,-0.8153,9516.0,12548.828
600614.SH,19971208,1.2695,1.2695,1.2194,1.2266,1.2804,-0.05380000000000007,-4.2018,8972.0,12084.76
600614.SH,19971205,1.2777,1.2923,1.2212,1.2804,1.2804,0.0,0.0,6365.0,8676.467
600614.SH,19971204,1.2986,1.3087,1.2576,1.2804,1.2923,-0.011900000000000022,-0.9208,4966.0,6884.445
600614.SH,19971203,1.2804,1.3032,1.2576,1.2923,1.295,-0.0026999999999999247,-0.2085,1779.0,2500.358
600614.SH,19971202,1.274,1.3205,1.2157,1.295,1.2832,0.011800000000000033,0.9196,6673.0,9179.064
600614.SH,19971201,1.3652,1.3898,1.2749,1.2832,1.3925,-0.10930000000000017,-7.8492,6907.0,9764.768
600614.SH,19971128,1.4581,1.4581,1.3305,1.3925,1.4581,-0.06559999999999988,-4.499,7515.0,11224.0
600614.SH,19971127,1.4946,1.5083,1.439,1.4581,1.552,-0.0939000000000001,-6.0503,9172.0,14622.0
600614.SH,19971126,1.4107,1.552,1.3105,1.552,1.4107,0.14129999999999998,10.0163,11604.0,17353.0
600614.SH,19971125,1.4071,1.4235,1.3488,1.4107,1.408,0.0027000000000001467,0.1918,1307.0,1995.871
600614.SH,19971124,1.408,1.408,1.367,1.408,1.3925,0.015499999999999847,1.1131,774.0,1181.448
600614.SH,19971121,1.367,1.4126,1.3305,1.3925,1.3807,0.011800000000000033,0.8546,2562.0,3841.47
600614.SH,19971120,1.3214,1.3834,1.3214,1.3807,1.3196,0.06109999999999993,4.6302,1993.0,2968.045
600614.SH,19971119,1.2121,1.3196,1.2121,1.3196,1.2713,0.04830000000000001,3.7993,3956.0,5525.332
600614.SH,19971118,1.2394,1.274,1.1665,1.2713,1.2667,0.0046000000000001595,0.3631,7561.0,10221.093
600614.SH,19971117,1.285,1.285,1.192,1.2667,1.2832,-0.01649999999999996,-1.2858,3358.0,4512.902
600614.SH,19971114,1.2212,1.285,1.1893,1.2832,1.2303,0.05289999999999995,4.2998,3399.0,4620.885
600614.SH,19971113,1.2121,1.2667,1.1847,1.2303,1.2285,0.0018000000000000238,0.1465,1491.0,1986.911
600614.SH,19971112,1.2102,1.3287,1.1392,1.2285,1.2212,0.007299999999999862,0.5978,4047.0,5354.564
600614.SH,19971111,1.1938,1.2531,1.1811,1.2212,1.2203,0.0009000000000001229,0.0738,1954.0,2597.319
600614.SH,19971110,1.1392,1.2203,1.0644,1.2203,1.1091,0.11119999999999997,10.0261,7357.0,9144.397
600614.SH,19971107,1.0344,1.1091,1.0344,1.1091,1.0079,0.10119999999999996,10.0407,8444.0,10190.301
600614.SH,19971106,0.9432,1.0079,0.9432,1.0079,0.9159,0.09199999999999997,10.0448,2616.0,2872.545
600614.SH,19971105,0.9569,0.976,0.9159,0.9159,0.9605,-0.04459999999999997,-4.6434,1226.0,1291.765
600614.SH,19971104,0.9797,0.9797,0.9569,0.9605,0.9706,-0.010099999999999998,-1.0406,419.0,445.946
600614.SH,19971103,0.9961,0.9961,0.9687,0.9706,0.9824,-0.011800000000000033,-1.2011,522.0,562.242
600614.SH,19971031,0.9751,0.9842,0.9615,0.9824,0.9824,0.0,0.0,593.0,635.201
600614.SH,19971030,0.9842,1.0116,0.9642,0.9824,0.9979,-0.015499999999999958,-1.5533,1734.0,1868.115
600614.SH,19971029,0.9587,1.0116,0.9578,0.9979,0.9988,-0.0009000000000000119,-0.0901,1035.0,1121.08
600614.SH,19971028,0.9933,1.048,0.925,0.9988,0.9979,0.0009000000000000119,0.0902,3868.0,4205.772
600614.SH,19971027,0.997,1.017,0.9569,0.9979,0.9924,0.00550000000000006,0.5542,3585.0,3863.223
600614.SH,19971024,0.9824,1.0098,0.9742,0.9924,0.9788,0.013599999999999945,1.3895,2944.0,3197.422
600614.SH,19971023,0.9569,0.9933,0.9204,0.9788,0.9642,0.014600000000000057,1.5142,1912.0,2005.916
600614.SH,19971022,0.9387,0.9706,0.9387,0.9642,0.9642,0.0,0.0,2727.0,2845.935
600614.SH,19971021,0.9387,0.9988,0.925,0.9642,0.9387,0.025499999999999967,2.7165,2508.0,2635.023
600614.SH,19971020,0.9387,0.9387,0.9195,0.9387,0.9387,0.0,0.0,2091.0,2132.038
600614.SH,19971017,0.9332,0.9478,0.9068,0.9387,0.9286,0.010099999999999998,1.0877,3467.0,3529.155
600614.SH,19971016,0.9141,0.9296,0.8958,0.9286,0.915,0.013599999999999945,1.4863,3450.0,3439.31
600614.SH,19971015,0.925,0.925,0.9068,0.915,0.9095,0.00550000000000006,0.6047,1514.0,1517.596
600614.SH,19971014,0.915,0.9551,0.8977,0.9095,0.915,-0.00550000000000006,-0.6011,1940.0,1939.387
600614.SH,19971013,0.8931,0.9277,0.8749,0.915,0.8721,0.04290000000000005,4.9192,4439.0,4427.421
600614.SH,19971010,0.8749,0.8931,0.8685,0.8721,0.8885,-0.01639999999999997,-1.8458,1408.0,1349.814
600614.SH,19971009,0.8831,0.9186,0.8667,0.8885,0.8803,0.008199999999999985,0.9315,3822.0,3765.762
600614.SH,19971008,0.8621,0.8913,0.8612,0.8803,0.8621,0.018199999999999994,2.1111,3036.0,2933.156
600614.SH,19971007,0.8293,0.863,0.822,0.8621,0.8293,0.03279999999999994,3.9551,2799.0,2596.794
600614.SH,19971006,0.874,0.874,0.8275,0.8293,0.8566,-0.02729999999999999,-3.187,1884.0,1725.41
600614.SH,19970930,0.8658,0.8849,0.8566,0.8566,0.8731,-0.01649999999999996,-1.8898,2180.0,2069.608
600614.SH,19970929,0.9013,0.9013,0.8393,0.8731,0.9159,-0.04280000000000006,-4.673,7785.0,7432.972
600614.SH,19970926,0.9569,0.9733,0.915,0.9159,0.9751,-0.05919999999999992,-6.0712,9615.0,9759.053
600614.SH,19970925,1.0189,1.0344,0.9569,0.9751,1.0416,-0.06650000000000011,-6.3844,17318.0,18523.412
600614.SH,19970924,1.0371,1.0927,0.9487,1.0416,1.0389,0.0027000000000001467,0.2599,21103.0,23134.061
600614.SH,19970923,1.0644,1.0918,1.0034,1.0389,1.0936,-0.05469999999999997,-5.0018,1221.0,1404.258
600614.SH,19970922,1.1009,1.1355,1.0708,1.0936,1.1073,-0.013700000000000045,-1.2372,1109.0,1337.0
600614.SH,19970919,1.1191,1.13,1.089,1.1073,1.1191,-0.011800000000000033,-1.0544,460.0,556.076
600614.SH,19970918,1.1118,1.1392,1.0991,1.1191,1.1191,0.0,0.0,730.0,890.69
600614.SH,19970917,1.1027,1.1191,1.0754,1.1191,1.1118,0.007300000000000084,0.6566,811.0,974.432
600614.SH,19970916,1.13,1.1383,1.0945,1.1118,1.1118,0.0,0.0,630.0,765.307
600614.SH,19970915,1.0726,1.1392,1.0717,1.1118,1.1036,0.008199999999999985,0.743,942.0,1144.065
600614.SH,19970912,1.0936,1.11,1.0653,1.1036,1.0936,0.010000000000000009,0.9144,2269.0,2682.676
600614.SH,19970911,1.0936,1.1619,1.0754,1.0936,1.0872,0.006399999999999961,0.5887,4318.0,5253.837
600614.SH,19970910,0.9979,1.0982,0.9888,1.0872,0.9979,0.08929999999999993,8.9488,2670.0,3144.955
600614.SH,19970909,1.0189,1.0189,0.9961,0.9979,1.0161,-0.018199999999999994,-1.7912,1545.0,1701.743
600614.SH,19970908,0.966,1.0198,0.966,1.0161,0.9888,0.02729999999999999,2.7609,1525.0,1673.961
600614.SH,19970905,0.9888,1.0025,0.9569,0.9888,0.9724,0.01639999999999997,1.6865,2845.0,3069.171
600614.SH,19970904,0.8767,0.9724,0.8767,0.9724,0.884,0.08840000000000003,10.0,5765.0,5994.943
600614.SH,19970903,0.8576,0.9141,0.8576,0.884,0.8785,0.00550000000000006,0.6261,3135.0,3089.862
600614.SH,19970902,0.843,0.9004,0.843,0.8785,0.8749,0.0035999999999999366,0.4115,1906.0,1841.813
600614.SH,19970901,0.8703,0.8794,0.7929,0.8749,0.8703,0.0046000000000000485,0.5286,2203.0,2110.793
600614.SH,19970829,0.8639,0.8885,0.8339,0.8703,0.8566,0.013699999999999934,1.5993,1972.0,1877.365
600614.SH,19970828,0.8658,0.8749,0.8202,0.8566,0.8293,0.02729999999999999,3.2919,4457.0,4218.131
600614.SH,19970827,0.791,0.8639,0.7837,0.8293,0.8211,0.008199999999999985,0.9987,1600.0,1472.994
600614.SH,19970826,0.7974,0.8311,0.7974,0.8211,0.8166,0.0045000000000000595,0.5511,1434.0,1291.628
600614.SH,19970825,0.7382,0.8293,0.7382,0.8166,0.8138,0.0028000000000000247,0.3441,1328.0,1186.589
600614.SH,19970822,0.8001,0.8193,0.7728,0.8138,0.7992,0.014599999999999946,1.8268,1154.0,1017.75
600614.SH,19970821,0.7883,0.802,0.7856,0.7992,0.7765,0.022700000000000053,2.9234,2478.0,2169.889
600614.SH,19970820,0.8129,0.8339,0.7564,0.7765,0.8129,-0.03639999999999999,-4.4778,1504.0,1348.439
600614.SH,19970819,0.8257,0.8293,0.802,0.8129,0.8147,-0.0018000000000000238,-0.2209,2803.0,2518.017
600614.SH,19970818,0.802,0.8566,0.7619,0.8147,0.843,-0.028299999999999992,-3.3571,4068.0,3690.705
600614.SH,19970815,0.8366,0.8521,0.7983,0.843,0.8293,0.013699999999999934,1.652,5218.0,4715.313
600614.SH,19970814,0.8439,0.8794,0.8293,0.8293,0.8503,-0.020999999999999908,-2.4697,6271.0,5914.641
600614.SH,19970813,0.7938,0.8813,0.7938,0.8503,0.8011,0.04919999999999991,6.1416,7460.0,6857.691
600614.SH,19970812,0.8065,0.8348,0.7938,0.8011,0.8166,-0.015499999999999958,-1.8981,5567.0,4974.741
600614.SH,19970811,0.7746,0.8275,0.7701,0.8166,0.7692,0.0474,6.1622,5809.0,5136.293
600614.SH,19970808,0.7518,0.7746,0.7482,0.7692,0.7518,0.01739999999999997,2.3144,5288.0,4438.779
