ts_code,trade_date,open,high,low,close,pre_close,change,pct_chg,vol,amount
600030.SH,20200225,24.51,25.25,24.03,25.21,25.04,0.1700000000000017,0.6789,3280997.72,8103705.155
600030.SH,20200224,24.99,25.33,24.8,25.04,25.18,-0.14000000000000057,-0.556,2442126.28,6120537.723
600030.SH,20200221,25.29,25.99,24.99,25.18,25.42,-0.240000000000002,-0.9441,3535268.81,8966404.308
600030.SH,20200220,24.07,25.54,24.07,25.42,24.0,1.4200000000000017,5.9167,3898596.29,9687303.36
600030.SH,20200219,23.86,24.46,23.83,24.0,23.98,0.019999999999999574,0.0834,2083406.25,5045241.755
600030.SH,20200218,24.18,24.25,23.72,23.98,24.18,-0.1999999999999993,-0.8271,1916034.98,4594404.49
600030.SH,20200217,23.75,24.29,23.4,24.18,22.98,1.1999999999999993,5.2219,3209865.98,7637322.974
600030.SH,20200214,22.5,23.25,22.47,22.98,22.55,0.4299999999999997,1.9069,2027589.87,4649873.161
600030.SH,20200213,22.82,23.01,22.5,22.55,22.9,-0.34999999999999787,-1.5284,1493055.82,3388496.603
600030.SH,20200212,22.51,23.08,22.5,22.9,22.69,0.2099999999999973,0.9255,1701737.4,3880469.52
600030.SH,20200211,22.83,23.13,22.64,22.69,22.67,0.019999999999999574,0.0882,1763408.84,4024903.015
600030.SH,20200210,22.2,22.82,22.2,22.67,22.54,0.13000000000000256,0.5768,1580403.44,3568549.364
600030.SH,20200207,22.48,22.63,22.2,22.54,22.63,-0.08999999999999986,-0.3977,1836396.32,4119235.881
600030.SH,20200206,22.1,22.79,21.82,22.63,22.07,0.5599999999999987,2.5374,2478401.65,5544992.003
600030.SH,20200205,21.76,22.68,21.52,22.07,21.73,0.33999999999999986,1.5647,2427650.69,5359496.52
600030.SH,20200204,20.8,21.94,20.78,21.73,21.51,0.21999999999999886,1.0228,3485571.68,7477240.156
600030.SH,20200203,21.51,21.51,21.51,21.51,23.9,-2.389999999999997,-10.0,753370.0,1620498.87
600030.SH,20200123,24.69,24.86,23.62,23.9,25.2,-1.3000000000000007,-5.1587,2452483.79,5960881.961
600030.SH,20200122,24.98,25.43,24.42,25.2,25.17,0.029999999999997584,0.1192,2036271.31,5070795.737
600030.SH,20200121,25.47,25.65,25.11,25.17,25.76,-0.5899999999999999,-2.2904,1691808.91,4287213.237
600030.SH,20200120,25.34,25.78,25.2,25.76,25.36,0.40000000000000213,1.5773,1408182.61,3600438.304
600030.SH,20200117,25.27,25.75,25.23,25.36,25.11,0.25,0.9956,1297342.39,3300089.5
600030.SH,20200116,25.36,25.36,25.06,25.11,25.32,-0.21000000000000085,-0.8294,1038355.64,2617122.455
600030.SH,20200115,25.4,25.59,25.2,25.32,25.56,-0.23999999999999844,-0.939,1140791.8,2890493.047
600030.SH,20200114,25.98,26.14,25.51,25.56,25.97,-0.41000000000000014,-1.5787,1759240.79,4551674.805
600030.SH,20200113,25.45,25.98,25.03,25.97,25.55,0.41999999999999815,1.6438,1895103.21,4832118.154
600030.SH,20200110,25.96,26.09,25.21,25.55,25.44,0.10999999999999943,0.4324,1969461.6,5049383.157
600030.SH,20200109,25.33,25.56,25.21,25.44,24.94,0.5,2.0048,1635603.11,4151017.889
600030.SH,20200108,25.43,25.48,24.85,24.94,25.7,-0.759999999999998,-2.9572,2066120.75,5204057.626
600030.SH,20200107,25.4,25.75,25.1,25.7,25.32,0.379999999999999,1.5008,2003054.4,5097646.988
600030.SH,20200106,25.06,25.85,25.0,25.32,25.38,-0.05999999999999872,-0.2364,2304034.83,5854929.634
600030.SH,20200103,25.34,25.63,25.1,25.38,25.49,-0.10999999999999943,-0.4315,1837992.12,4662046.48
600030.SH,20200102,25.74,25.89,25.26,25.49,25.3,0.18999999999999773,0.751,3577365.9,9157399.335
600030.SH,20191231,25.59,25.72,25.0,25.3,25.66,-0.35999999999999943,-1.403,3369729.94,8558280.223
600030.SH,20191230,23.3,25.66,23.25,25.66,23.33,2.330000000000002,9.9871,6152020.89,15383115.061
600030.SH,20191227,23.7,24.08,23.32,23.33,23.75,-0.4200000000000017,-1.7684,1702761.68,4044176.357
600030.SH,20191226,23.25,23.77,23.17,23.75,23.13,0.620000000000001,2.6805,1182014.92,2765566.088
600030.SH,20191225,23.14,23.35,23.01,23.13,23.18,-0.05000000000000071,-0.2157,774069.61,1792232.52
600030.SH,20191224,23.01,23.19,22.95,23.18,23.05,0.129999999999999,0.564,814923.75,1880364.413
600030.SH,20191223,23.59,23.76,23.05,23.05,23.58,-0.5299999999999976,-2.2477,1415741.36,3314418.305
600030.SH,20191220,23.81,24.1,23.58,23.58,23.75,-0.1700000000000017,-0.7158,1388117.71,3313876.707
600030.SH,20191219,23.85,23.88,23.53,23.75,23.8,-0.05000000000000071,-0.2101,1061764.76,2517792.362
600030.SH,20191218,23.84,24.28,23.75,23.8,23.87,-0.07000000000000028,-0.2933,1715991.93,4117883.714
600030.SH,20191217,23.32,24.55,23.24,23.87,23.32,0.5500000000000007,2.3585,2741829.59,6557255.919
600030.SH,20191216,23.1,23.49,22.83,23.32,23.0,0.3200000000000003,1.3913,1803460.85,4183019.869
600030.SH,20191213,22.6,23.18,22.52,23.0,22.2,0.8000000000000007,3.6036,2556897.61,5841581.172
600030.SH,20191212,22.3,22.32,22.11,22.2,22.23,-0.030000000000001137,-0.135,549902.35,1221227.877
600030.SH,20191211,22.28,22.45,22.15,22.23,22.21,0.019999999999999574,0.09,688657.99,1534515.423
600030.SH,20191210,22.22,22.29,22.05,22.21,22.25,-0.03999999999999915,-0.1798,544804.15,1207426.327
600030.SH,20191209,22.4,22.43,22.18,22.25,22.38,-0.129999999999999,-0.5809,696281.41,1552294.98
600030.SH,20191206,22.31,22.46,22.17,22.38,22.3,0.0799999999999983,0.3587,1059059.0,2362884.439
600030.SH,20191205,21.85,22.33,21.84,22.3,21.77,0.5300000000000011,2.4345,1301520.44,2879095.376
600030.SH,20191204,21.66,21.82,21.63,21.77,21.85,-0.08000000000000185,-0.3661,445274.15,966956.674
600030.SH,20191203,21.51,21.89,21.48,21.85,21.68,0.1700000000000017,0.7841,620648.35,1347986.105
600030.SH,20191202,21.9,21.98,21.65,21.68,21.41,0.2699999999999996,1.2611,865548.4,1887317.644
600030.SH,20191129,21.47,21.65,21.37,21.41,21.51,-0.10000000000000142,-0.4649,493310.27,1059598.215
600030.SH,20191128,21.4,21.56,21.4,21.51,21.43,0.08000000000000185,0.3733,320645.63,688046.935
600030.SH,20191127,21.48,21.52,21.23,21.43,21.52,-0.08999999999999986,-0.4182,475671.56,1017629.962
600030.SH,20191126,21.67,21.72,21.5,21.52,21.62,-0.10000000000000142,-0.4625,449905.05,970291.162
600030.SH,20191125,21.58,21.66,21.41,21.62,21.49,0.13000000000000256,0.6049,469124.47,1011017.092
600030.SH,20191122,21.68,21.81,21.42,21.49,21.64,-0.15000000000000213,-0.6932,651100.57,1405852.101
600030.SH,20191121,21.52,21.8,21.51,21.64,21.72,-0.0799999999999983,-0.3683,491854.22,1064330.025
600030.SH,20191120,22.1,22.15,21.68,21.72,22.15,-0.4299999999999997,-1.9413,704669.73,1542070.856
600030.SH,20191119,21.89,22.15,21.77,22.15,21.89,0.259999999999998,1.1878,654223.87,1437310.153
600030.SH,20191118,21.7,22.02,21.61,21.89,21.71,0.17999999999999972,0.8291,508904.11,1113552.538
600030.SH,20191115,21.95,22.07,21.69,21.71,21.9,-0.18999999999999773,-0.8676,567539.4,1238999.57
600030.SH,20191114,21.84,22.06,21.8,21.9,21.84,0.05999999999999872,0.2747,436553.4,956819.505
600030.SH,20191113,21.9,22.03,21.77,21.84,22.03,-0.19000000000000128,-0.8625,481865.91,1054579.242
600030.SH,20191112,21.96,22.08,21.76,22.03,22.0,0.030000000000001137,0.1364,591916.72,1298066.148
600030.SH,20191111,22.29,22.3,21.97,22.0,22.42,-0.4200000000000017,-1.8733,730692.79,1614625.782
600030.SH,20191108,22.96,23.1,22.33,22.42,22.71,-0.28999999999999915,-1.277,979718.31,2222444.364
600030.SH,20191107,22.46,22.85,22.38,22.71,22.43,0.28000000000000114,1.2483,846839.99,1918046.88
600030.SH,20191106,22.62,22.67,22.35,22.43,22.62,-0.19000000000000128,-0.84,647450.92,1455877.323
600030.SH,20191105,22.3,22.88,22.25,22.62,22.26,0.35999999999999943,1.6173,1422973.55,3216870.116
600030.SH,20191104,22.19,22.37,22.09,22.26,22.18,0.08000000000000185,0.3607,749150.21,1665914.033
600030.SH,20191101,21.66,22.28,21.55,22.18,21.7,0.4800000000000004,2.212,797094.62,1752280.382
600030.SH,20191031,21.95,22.05,21.51,21.7,21.87,-0.1700000000000017,-0.7773,743342.04,1617433.161
600030.SH,20191029,22.35,22.36,21.87,21.87,22.35,-0.4800000000000004,-2.1477,692722.48,1527818.886
600030.SH,20191028,22.06,22.41,21.96,22.35,22.06,0.2900000000000027,1.3146,750802.33,1667771.973
600030.SH,20191025,21.85,22.13,21.66,22.06,21.85,0.2099999999999973,0.9611,657780.87,1441298.085
600030.SH,20191024,21.84,22.05,21.68,21.85,21.79,0.060000000000002274,0.2754,553384.4,1207721.804
600030.SH,20191023,22.02,22.18,21.65,21.79,22.1,-0.3100000000000023,-1.4027,614210.35,1343641.286
600030.SH,20191022,21.94,22.12,21.83,22.1,21.85,0.25,1.1442,461915.04,1015489.712
600030.SH,20191021,21.96,21.96,21.52,21.85,22.0,-0.14999999999999858,-0.6818,736385.95,1600814.988
600030.SH,20191018,22.64,22.67,22.0,22.0,22.52,-0.5199999999999996,-2.3091,783601.84,1744469.63
600030.SH,20191017,22.53,22.67,22.45,22.52,22.56,-0.03999999999999915,-0.1773,410303.44,924724.531
600030.SH,20191016,22.77,22.98,22.53,22.56,22.69,-0.13000000000000256,-0.5729,630230.83,1433875.98
600030.SH,20191015,23.06,23.06,22.69,22.69,23.09,-0.3999999999999986,-1.7324,745833.92,1700398.721
600030.SH,20191014,23.27,23.45,23.07,23.09,22.94,0.14999999999999858,0.6539,1442096.79,3352970.016
600030.SH,20191011,22.5,23.05,22.25,22.94,22.39,0.5500000000000007,2.4565,1174967.29,2671942.212
600030.SH,20191010,22.22,22.47,22.15,22.39,22.23,0.16000000000000014,0.7197,645315.06,1441449.344
600030.SH,20191009,22.08,22.27,21.9,22.23,22.33,-0.09999999999999787,-0.4478,750380.69,1656886.855
600030.SH,20191008,22.48,22.58,22.13,22.33,22.48,-0.15000000000000213,-0.6673,781869.73,1746832.041
600030.SH,20190930,23.05,23.05,22.48,22.48,23.05,-0.5700000000000003,-2.4729,718607.99,1635540.877
600030.SH,20190927,22.69,23.05,22.69,23.05,22.72,0.33000000000000185,1.4525,655974.02,1502332.82
600030.SH,20190926,22.92,23.08,22.63,22.72,22.86,-0.14000000000000057,-0.6124,900377.54,2058136.294
600030.SH,20190925,22.79,23.09,22.74,22.86,22.96,-0.10000000000000142,-0.4355,664622.8,1520551.155
600030.SH,20190924,23.12,23.34,22.91,22.96,22.97,-0.00999999999999801,-0.0435,1016007.79,2347692.304
600030.SH,20190923,23.21,23.22,22.77,22.97,23.34,-0.370000000000001,-1.5853,1150831.84,2638911.317
600030.SH,20190920,23.62,23.62,23.09,23.34,23.59,-0.25,-1.0598,1144043.88,2668476.357
600030.SH,20190919,23.57,23.63,23.38,23.59,23.43,0.16000000000000014,0.6829,779031.0,1830356.898
600030.SH,20190918,23.57,23.67,23.38,23.43,23.53,-0.10000000000000142,-0.425,784039.02,1843461.893
600030.SH,20190917,24.15,24.15,23.45,23.53,24.28,-0.75,-3.089,1666264.62,3953656.367
600030.SH,20190916,24.83,24.9,24.09,24.28,24.71,-0.4299999999999997,-1.7402,1260028.24,3078488.708
600030.SH,20190912,24.5,24.81,24.22,24.71,24.39,0.3200000000000003,1.312,1512289.33,3709488.749
600030.SH,20190911,24.48,24.8,24.2,24.39,24.2,0.19000000000000128,0.7851,2016022.03,4936660.916
600030.SH,20190910,24.4,24.44,23.74,24.2,24.32,-0.120000000000001,-0.4934,1675992.27,4033702.395
600030.SH,20190909,24.55,24.85,24.29,24.32,24.15,0.1700000000000017,0.7039,1780365.0,4366186.654
600030.SH,20190906,24.31,24.39,23.88,24.15,23.83,0.3200000000000003,1.3428,1556021.06,3755546.527
600030.SH,20190905,23.9,24.75,23.8,23.83,23.33,0.5,2.1432,3091449.98,7502351.269
600030.SH,20190904,22.8,23.44,22.73,23.33,22.84,0.48999999999999844,2.1454,1609647.46,3733029.175
600030.SH,20190903,22.78,23.08,22.7,22.84,22.77,0.07000000000000028,0.3074,957270.04,2189450.494
600030.SH,20190902,22.33,22.96,22.26,22.77,22.32,0.4499999999999993,2.0161,1211444.07,2751413.056
600030.SH,20190830,22.55,22.79,22.1,22.32,22.25,0.07000000000000028,0.3146,841396.77,1891216.991
600030.SH,20190829,22.45,22.51,22.21,22.25,22.42,-0.1700000000000017,-0.7583,636306.19,1420785.625
600030.SH,20190828,22.61,22.75,22.4,22.42,22.77,-0.34999999999999787,-1.5371,723060.12,1628838.901
600030.SH,20190827,22.41,23.04,22.35,22.77,22.22,0.5500000000000007,2.4752,1355030.79,3082742.126
600030.SH,20190826,22.14,22.44,22.06,22.22,22.64,-0.4200000000000017,-1.8551,993651.8,2211292.779
600030.SH,20190823,22.76,22.91,22.56,22.64,22.71,-0.07000000000000028,-0.3082,882491.18,2006969.076
600030.SH,20190822,22.73,22.83,22.5,22.71,22.64,0.07000000000000028,0.3092,651203.05,1475841.41
600030.SH,20190821,22.7,22.87,22.57,22.64,22.76,-0.120000000000001,-0.5272,771302.04,1750861.95
600030.SH,20190820,23.0,23.13,22.71,22.76,23.13,-0.36999999999999744,-1.5997,1313823.18,3007939.721
600030.SH,20190819,21.88,23.17,21.67,23.13,21.33,1.8000000000000007,8.4388,2473638.08,5555474.194
600030.SH,20190816,21.12,21.65,21.12,21.33,21.2,0.129999999999999,0.6132,947655.7,2031079.526
600030.SH,20190815,20.5,21.3,20.45,21.2,21.15,0.05000000000000071,0.2364,719688.72,1505909.796
600030.SH,20190814,21.45,21.58,21.15,21.15,21.07,0.0799999999999983,0.3797,795424.26,1702026.478
600030.SH,20190813,21.1,21.17,21.0,21.07,21.34,-0.2699999999999996,-1.2652,506348.98,1067441.884
600030.SH,20190812,21.15,21.35,21.09,21.34,20.79,0.5500000000000007,2.6455,1078209.33,2288657.411
600030.SH,20190809,21.1,21.19,20.73,20.79,20.91,-0.120000000000001,-0.5739,850866.29,1783744.213
600030.SH,20190808,21.15,21.24,20.79,20.91,20.5,0.41000000000000014,2.0,1301572.7,2732868.515
600030.SH,20190807,20.91,20.97,20.48,20.5,20.85,-0.3500000000000014,-1.6787,992022.9,2052798.272
600030.SH,20190806,20.39,21.08,20.16,20.85,20.94,-0.08999999999999986,-0.4298,1641234.2,3366485.552
600030.SH,20190805,21.48,21.48,20.93,20.94,21.71,-0.7699999999999996,-3.5468,1405690.25,2974561.629
600030.SH,20190802,21.9,21.97,21.68,21.71,22.57,-0.8599999999999994,-3.8104,1114826.7,2429534.313
600030.SH,20190801,22.7362,22.8347,22.4605,22.5688,22.874,-0.30519999999999925,-1.3343,809710.56,1857721.634
600030.SH,20190731,22.9725,23.0316,22.7756,22.874,23.0513,-0.17730000000000246,-0.7692,633683.01,1470984.037
600030.SH,20190730,22.8445,23.2778,22.8051,23.0513,22.815,0.23629999999999995,1.0357,1001973.18,2350144.942
600030.SH,20190729,22.9725,22.9922,22.7067,22.815,23.0316,-0.21659999999999968,-0.9404,626721.02,1451691.772
600030.SH,20190726,22.9233,23.0316,22.8347,23.0316,23.0316,0.0,0.0,536303.39,1249082.288
600030.SH,20190725,22.9331,23.0316,22.8051,23.0316,22.9036,0.1280000000000001,0.5589,643832.28,1499048.314
600030.SH,20190724,22.6574,23.071,22.6574,22.9036,22.5196,0.38400000000000034,1.7052,1086122.54,2529016.57
600030.SH,20190723,22.4802,22.7067,22.4113,22.5196,22.4506,0.06899999999999906,0.3073,501549.34,1147807.078
600030.SH,20190722,22.9331,22.9922,22.4309,22.4506,22.8248,-0.3741999999999983,-1.6394,923064.59,2121518.679
600030.SH,20190719,22.49,22.9922,22.4802,22.8248,22.3719,0.45289999999999964,2.0244,1080637.12,2499957.08
600030.SH,20190718,22.5491,22.5983,22.362,22.3719,22.7362,-0.36430000000000007,-1.6023,867815.96,1980426.53
600030.SH,20190717,22.9036,23.0414,22.6574,22.7362,23.071,-0.3348000000000013,-1.4512,1206503.32,2800564.773
600030.SH,20190716,23.2482,23.3959,23.071,23.071,23.327,-0.2560000000000002,-1.0974,780117.01,1837695.042
600030.SH,20190715,22.746,23.6913,22.5786,23.327,23.0119,0.31510000000000105,1.3693,1502422.96,3538354.492
600030.SH,20190712,22.7854,23.0513,22.5491,23.0119,22.8248,0.18710000000000093,0.8197,966705.47,2250020.437
600030.SH,20190711,23.0414,23.2778,22.6377,22.8248,22.8445,-0.019700000000000273,-0.0862,1237520.35,2885829.479
600030.SH,20190710,22.9824,23.0414,22.687,22.8445,22.874,-0.02949999999999875,-0.129,786532.11,1825237.65
600030.SH,20190709,22.9922,23.0808,22.5688,22.874,22.815,0.0589999999999975,0.2586,957241.69,2220341.816
600030.SH,20190708,23.1202,23.2876,22.5491,22.815,23.1793,-0.36430000000000007,-1.5717,1289454.14,3000007.851
600030.SH,20190705,23.2581,23.3861,22.943,23.1793,23.2384,-0.059099999999997266,-0.2543,827339.52,1947899.039
600030.SH,20190704,23.1596,23.5535,23.0414,23.2384,23.071,0.1673999999999971,0.7256,1032662.75,2439988.082
600030.SH,20190703,23.711,23.7307,22.8839,23.071,23.78,-0.7089999999999996,-2.9815,1680634.48,3958484.775
600030.SH,20190702,23.8784,23.908,23.7012,23.78,24.0064,-0.22639999999999816,-0.9431,1185460.25,2867623.569
600030.SH,20190701,24.2821,24.4003,23.8292,24.0064,23.4452,0.5611999999999995,2.3937,2510106.03,6146950.925
600030.SH,20190628,23.4845,23.6618,23.2384,23.4452,23.5535,-0.10829999999999984,-0.4598,1282377.5,3052242.123
600030.SH,20190627,23.1399,23.8981,23.1005,23.5535,22.9331,0.6204000000000001,2.7053,2193588.64,5251717.242
600030.SH,20190626,22.8937,23.1695,22.6673,22.9331,23.1202,-0.18710000000000093,-0.8092,1217175.38,2838217.283
600030.SH,20190625,23.2384,23.3959,22.4802,23.1202,23.2384,-0.11819999999999808,-0.5086,2248023.21,5240050.127
600030.SH,20190624,23.583,23.7307,23.1695,23.2384,23.3073,-0.06890000000000285,-0.2956,1955479.85,4647988.711
600030.SH,20190621,22.8051,23.6716,22.7067,23.3073,22.6968,0.6105000000000018,2.6898,3178615.06,7503320.794
600030.SH,20190620,21.2493,23.2384,21.2099,22.6968,21.2198,1.4770000000000003,6.9605,3594228.9,8162288.332
600030.SH,20190619,22.1552,22.4506,21.1706,21.2198,20.5305,0.6892999999999994,3.3574,2567730.65,5646250.061
600030.SH,20190618,20.4616,20.6191,20.2843,20.5305,20.4124,0.11809999999999832,0.5786,598732.99,1245165.821
600030.SH,20190617,20.3533,20.5798,20.304,20.4124,20.3434,0.06900000000000261,0.3392,652912.29,1354518.458
600030.SH,20190614,20.7275,20.9047,20.3237,20.3434,20.6881,-0.34469999999999956,-1.6662,965825.31,2016854.629
600030.SH,20190613,20.4321,20.885,20.3927,20.6881,20.4911,0.19699999999999918,0.9614,1291286.76,2709978.479
600030.SH,20190612,20.5601,20.7373,20.3631,20.4911,20.7668,-0.2757000000000005,-1.3276,1253616.24,2614049.85
600030.SH,20190611,19.7723,20.8358,19.7329,20.7668,19.7723,0.9944999999999986,5.0298,2217439.61,4597038.936
600030.SH,20190610,19.8806,19.9889,19.408,19.7723,19.7625,0.00980000000000203,0.0496,1055966.16,2112416.436
600030.SH,20190606,20.0874,20.2253,19.7132,19.7625,20.0185,-0.2560000000000002,-1.2788,895867.39,1817779.793
600030.SH,20190605,20.1071,20.2351,19.92,20.0185,19.8216,0.1968999999999994,0.9934,1144199.53,2334168.686
600030.SH,20190604,19.8412,19.9299,19.664,19.8216,19.8806,-0.05900000000000105,-0.2968,663408.5,1333835.839
600030.SH,20190603,19.9791,20.3434,19.7723,19.8806,19.8216,0.05900000000000105,0.2977,1083301.73,2201419.042
600030.SH,20190531,19.8511,20.0382,19.8117,19.8216,19.9003,-0.07870000000000132,-0.3955,573655.0,1159997.872
600030.SH,20190530,20.0874,20.1366,19.7526,19.9003,20.2351,-0.33479999999999777,-1.6546,951650.18,1924094.134
600030.SH,20190529,20.0973,20.4813,20.0874,20.2351,20.2745,-0.039400000000000546,-0.1943,899946.73,1852473.23
600030.SH,20190528,20.1662,20.5601,20.1465,20.2745,20.3139,-0.039400000000000546,-0.194,1223126.01,2519027.47
600030.SH,20190527,19.7428,20.4222,19.6148,20.3139,19.7625,0.551400000000001,2.7901,1666910.74,3407092.463
600030.SH,20190524,19.792,19.9397,19.6738,19.7625,19.7428,0.019700000000000273,0.0998,681299.14,1369509.836
600030.SH,20190523,19.6738,20.0677,19.5655,19.7428,19.8314,-0.08859999999999957,-0.4468,1012300.91,2036113.04
600030.SH,20190522,19.9299,20.0776,19.6935,19.8314,19.92,-0.08860000000000312,-0.4448,808034.06,1630846.381
600030.SH,20190521,19.5163,20.1268,19.5163,19.92,19.5655,0.3545000000000016,1.8119,1270624.78,2567114.868
600030.SH,20190520,19.28,19.7723,19.2012,19.5655,19.3391,0.2264000000000017,1.1707,1135267.18,2248164.265
600030.SH,20190517,19.9889,20.048,19.152,19.3391,19.92,-0.5809000000000033,-2.9162,1414069.35,2815594.279
600030.SH,20190516,19.9594,20.0283,19.7822,19.92,19.9889,-0.0688999999999993,-0.3447,913705.16,1847535.333
600030.SH,20190515,19.7625,20.0579,19.6935,19.9889,19.5754,0.41350000000000264,2.1123,1359898.69,2746669.549
600030.SH,20190514,19.5065,19.8806,19.4868,19.5754,19.7329,-0.15750000000000242,-0.7982,1144871.6,2288159.637
600030.SH,20190513,19.8905,20.0677,19.5951,19.7329,20.3237,-0.590799999999998,-2.907,1351193.86,2722359.661
600030.SH,20190510,19.792,20.5798,19.4474,20.3237,19.4769,0.8467999999999982,4.3477,2696132.0,5516304.339
600030.SH,20190509,19.6738,19.8905,19.4572,19.4769,19.9594,-0.48249999999999815,-2.4174,1653380.85,3295156.692
600030.SH,20190508,19.792,20.4321,19.6935,19.9594,20.4321,-0.4726999999999997,-2.3135,1462802.73,2971070.089
600030.SH,20190507,20.6191,20.6585,19.8117,20.4321,20.4222,0.009899999999998244,0.0485,2134660.62,4403546.138
600030.SH,20190506,21.269,21.6334,20.4222,20.4222,22.687,-2.264800000000001,-9.9828,2795890.88,5942960.96
600030.SH,20190430,22.6968,22.9331,22.559,22.687,22.6673,0.019700000000000273,0.0869,1066745.36,2460178.687
600030.SH,20190429,23.2285,23.3172,22.3719,22.6673,23.2285,-0.5611999999999995,-2.416,1772592.23,4104934.672
600030.SH,20190426,23.0218,23.583,23.0119,23.2285,23.1399,0.08859999999999957,0.3829,1449303.38,3426439.674
600030.SH,20190425,23.6323,24.0064,23.1202,23.1399,23.8095,-0.6695999999999991,-2.8123,1666072.18,3992360.523
600030.SH,20190424,23.5732,23.908,23.4156,23.8095,23.583,0.22650000000000148,0.9604,1232361.71,2965446.189
600030.SH,20190423,23.3368,24.095,23.2088,23.583,23.4255,0.15749999999999886,0.6723,1625660.78,3902809.46
600030.SH,20190422,24.3609,24.4397,23.3467,23.4255,24.1246,-0.6991000000000014,-2.8979,1896332.79,4582843.86
600030.SH,20190419,23.9572,24.2526,23.7406,24.1246,23.908,0.21659999999999968,0.906,1408861.61,3436655.948
600030.SH,20190418,23.9867,24.2624,23.8489,23.908,23.9867,-0.07869999999999777,-0.3281,1063508.72,2595891.489
600030.SH,20190417,24.0163,24.2329,23.839,23.9867,24.1246,-0.1379000000000019,-0.5716,1378483.83,3362537.529
600030.SH,20190416,23.3368,24.1246,22.9036,24.1246,23.4353,0.6892999999999994,2.9413,2355309.33,5632907.273
600030.SH,20190415,24.42,24.5185,23.3861,23.4353,23.8981,-0.4627999999999979,-1.9366,2102530.36,5132742.108
600030.SH,20190412,24.0458,24.2428,23.6618,23.8981,24.0458,-0.1477000000000004,-0.6142,1593524.02,3874146.082
600030.SH,20190411,24.3708,24.6662,23.967,24.0458,24.5677,-0.5218999999999987,-2.1243,1816187.2,4467916.942
600030.SH,20190410,24.9616,24.9911,24.1935,24.5677,25.0206,-0.4529000000000032,-1.8101,2675711.81,6659172.208
600030.SH,20190409,24.8926,25.257,24.6169,25.0206,24.9222,0.0984000000000016,0.3948,1989045.76,5032670.899
600030.SH,20190408,25.8478,25.9265,24.6169,24.9222,25.6016,-0.6794000000000011,-2.6537,2903872.03,7440720.874
600030.SH,20190404,25.8084,25.8872,25.3062,25.6016,25.7592,-0.15759999999999863,-0.6118,2750094.34,7138467.513
600030.SH,20190403,24.5283,26.0152,24.5086,25.7592,24.8139,0.9452999999999996,3.8096,3906931.48,10047928.358
600030.SH,20190402,25.129,25.4145,24.6662,24.8139,24.8926,-0.07870000000000132,-0.3162,2857664.05,7277402.774
600030.SH,20190401,24.3905,25.3653,24.1935,24.8926,24.4003,0.4923000000000002,2.0176,4904512.98,12300817.36
600030.SH,20190329,22.5786,24.4692,22.5786,24.4003,22.4802,1.9201000000000015,8.5413,4233645.74,10184645.043
600030.SH,20190328,22.4014,22.874,22.106,22.4802,22.618,-0.1377999999999986,-0.6092,1676061.0,3825926.034
600030.SH,20190327,22.7657,22.9134,22.2832,22.618,22.559,0.0589999999999975,0.2615,1870655.09,4299513.602
600030.SH,20190326,23.5338,23.5338,22.4113,22.559,23.3368,-0.7777999999999992,-3.3329,2572074.55,5991016.227
600030.SH,20190325,23.9277,24.164,23.2482,23.3368,24.42,-1.0832000000000015,-4.4357,2525337.24,6083612.878
600030.SH,20190322,24.3905,24.6366,23.9277,24.42,24.5185,-0.09849999999999781,-0.4017,2043175.47,5038974.951
600030.SH,20190321,24.2723,25.0502,24.0458,24.5185,24.1837,0.33479999999999777,1.3844,3563239.67,8909914.179
600030.SH,20190320,23.78,24.5677,23.7209,24.1837,23.8587,0.32500000000000284,1.3622,2588968.01,6342445.383
600030.SH,20190319,24.2723,24.3708,23.7209,23.8587,24.2526,-0.39390000000000214,-1.6242,2152355.17,5253751.812
600030.SH,20190318,23.3861,24.3117,22.943,24.2526,23.4452,0.8074000000000012,3.4438,2994299.68,7210529.502
600030.SH,20190315,23.2482,23.7307,23.071,23.4452,23.0119,0.43329999999999913,1.8829,2464579.41,5863635.393
600030.SH,20190314,23.3861,23.8784,22.7559,23.0119,23.5535,-0.541599999999999,-2.2994,2833472.6,6681719.927
600030.SH,20190313,24.3511,24.3905,23.4944,23.5535,24.3018,-0.7483000000000004,-3.0792,2999074.54,7254913.121
600030.SH,20190312,23.7996,24.9517,23.7996,24.3018,23.7209,0.5808999999999997,2.4489,4310350.45,10666379.495
600030.SH,20190311,23.6323,24.1049,22.8445,23.7209,23.711,0.009900000000001796,0.0418,3791527.0,9024725.32
600030.SH,20190308,24.6169,25.129,23.711,23.711,26.35,-2.639000000000003,-10.0152,6328067.22,15713740.199
600030.SH,20190307,25.9758,27.4528,25.5524,26.35,26.2909,0.05910000000000082,0.2248,6217520.28,16685729.567
600030.SH,20190306,24.42,26.862,24.2231,26.2909,24.42,1.870899999999999,7.6613,5565951.62,14220323.23
600030.SH,20190305,24.2723,24.5972,23.8095,24.42,24.1147,0.30530000000000257,1.266,3148280.0,7731748.982
600030.SH,20190304,24.3215,25.7001,23.4452,24.1147,24.0852,0.02949999999999875,0.1225,5083363.48,12597824.911
600030.SH,20190301,23.3861,24.2821,22.8445,24.0852,23.1498,0.9354000000000013,4.0406,3943658.55,9466440.837
600030.SH,20190228,23.3762,23.5436,22.6476,23.1498,23.6815,-0.5317000000000007,-2.2452,2984919.39,7010397.058
600030.SH,20190227,23.9277,24.6169,23.0513,23.6815,24.1246,-0.44310000000000116,-1.8367,4567924.6,11044914.6
600030.SH,20190226,25.0305,25.9758,23.8686,24.1246,24.292,-0.16740000000000066,-0.6891,5873954.74,14778467.6
600030.SH,20190225,23.1891,24.292,22.746,24.292,22.0863,2.2057,9.9867,4913446.73,11795454.23
600030.SH,20190222,20.2647,22.0863,19.9003,22.0863,20.0776,2.008700000000001,10.0047,3930822.17,8411974.4
600030.SH,20190221,19.6443,20.7767,19.4966,20.0776,19.7723,0.305299999999999,1.5441,2326751.99,4752764.934
600030.SH,20190220,19.5754,19.9693,19.4375,19.7723,19.4769,0.2954000000000008,1.5167,1351408.56,2703705.039
600030.SH,20190219,19.5163,20.0776,19.3095,19.4769,19.5163,-0.039400000000000546,-0.2019,2120706.78,4233728.196
600030.SH,20190218,18.5513,19.536,18.5513,19.5163,18.3544,1.1619000000000028,6.3304,2229679.46,4316359.174
600030.SH,20190215,18.9747,18.9747,18.3051,18.3544,19.0043,-0.6499000000000024,-3.4198,1607906.63,3038429.972
600030.SH,20190214,19.1815,19.1914,18.9156,19.0043,19.1914,-0.18710000000000093,-0.9749,916356.49,1772749.093
600030.SH,20190213,18.6793,19.2012,18.5119,19.1914,18.6793,0.5121000000000002,2.7415,1431069.3,2754969.179
600030.SH,20190212,18.5907,18.8566,18.4922,18.6793,18.571,0.10829999999999984,0.5832,880374.4,1669274.954
600030.SH,20190211,18.2362,18.6498,18.2264,18.571,18.2953,0.2757000000000005,1.5069,837103.65,1568828.692
600030.SH,20190201,18.315,18.4824,18.1378,18.2953,17.9802,0.31510000000000105,1.7525,1048306.43,1950239.411
600030.SH,20190131,17.7931,18.1181,17.7143,17.9802,17.6651,0.31510000000000105,1.7837,925071.49,1686835.252
600030.SH,20190130,17.6946,17.8719,17.6356,17.6651,17.8227,-0.15760000000000218,-0.8843,487550.01,879523.082
600030.SH,20190129,17.6454,17.931,17.5469,17.8227,17.7242,0.09850000000000136,0.5557,769070.13,1386058.446
600030.SH,20190128,18.0097,18.1378,17.5469,17.7242,17.7636,-0.039400000000000546,-0.2218,1007456.95,1831738.25
600030.SH,20190125,17.675,17.9704,17.6159,17.7636,17.6159,0.1477000000000004,0.8384,1131968.62,2051498.543
600030.SH,20190124,17.3303,17.803,17.2515,17.6159,17.2515,0.36439999999999984,2.1123,1157569.66,2065794.375
600030.SH,20190123,17.2811,17.3599,17.094,17.2515,17.2023,0.04919999999999902,0.286,519431.29,909072.392
600030.SH,20190122,17.478,17.5568,17.1038,17.2023,17.5666,-0.36430000000000007,-2.0738,921813.16,1620587.941
600030.SH,20190121,17.606,17.862,17.4189,17.5666,17.606,-0.039400000000000546,-0.2238,1132135.08,2027762.945
600030.SH,20190118,17.3992,17.6651,17.2417,17.606,17.2909,0.31510000000000105,1.8223,1110555.63,1973470.383
600030.SH,20190117,17.478,17.5962,17.2417,17.2909,17.3697,-0.07880000000000109,-0.4537,883325.61,1561153.014
600030.SH,20190116,17.3599,17.478,17.2122,17.3697,17.3303,0.039400000000000546,0.2273,1104443.69,1945845.696
600030.SH,20190115,16.7789,17.4485,16.7494,17.3303,16.7395,0.5908000000000015,3.5294,1805469.95,3152949.475
600030.SH,20190114,16.8478,16.9955,16.71,16.7395,16.71,0.02949999999999875,0.1765,861108.94,1471577.136
600030.SH,20190111,16.5426,16.7691,16.4835,16.71,16.5426,0.16740000000000066,1.0119,1127695.59,1908024.319
600030.SH,20190110,16.8872,16.8872,16.4933,16.5426,15.7647,0.7779000000000007,4.9344,2186844.12,3703434.312
600030.SH,20181224,15.7548,15.8533,15.6367,15.7647,15.8533,-0.08860000000000134,-0.5589,505264.87,807316.766
600030.SH,20181221,16.1487,16.1979,15.6465,15.8533,16.2472,-0.3938999999999986,-2.4244,885358.89,1425458.109
600030.SH,20181220,16.1586,16.3949,15.9518,16.2472,16.1684,0.07880000000000109,0.4874,755764.18,1243444.066
600030.SH,20181219,16.3949,16.454,16.1487,16.1684,16.3949,-0.22650000000000148,-1.3815,539403.93,892209.727
600030.SH,20181218,16.5721,16.71,16.257,16.3949,16.7198,-0.3248999999999995,-1.9432,748085.6,1250800.454
600030.SH,20181217,16.5229,16.7592,16.5032,16.7198,16.5918,0.1280000000000001,0.7715,541826.91,916794.98
600030.SH,20181214,16.8281,16.8577,16.5918,16.5918,16.9168,-0.3249999999999993,-1.9212,656050.66,1112358.976
600030.SH,20181213,16.7395,17.0546,16.6115,16.9168,16.71,0.20679999999999765,1.2376,1229787.83,2112095.945
600030.SH,20181212,16.7395,16.8478,16.6607,16.71,16.6213,0.08869999999999933,0.5337,551859.05,939083.324
600030.SH,20181211,16.5524,16.6509,16.513,16.6213,16.513,0.10829999999999984,0.6558,358675.48,603850.208
600030.SH,20181210,16.5623,16.71,16.4047,16.513,16.7887,-0.27569999999999695,-1.6422,695504.86,1167336.66
600030.SH,20181207,16.9266,16.9758,16.7592,16.7887,16.7494,0.039299999999997226,0.2346,512283.17,876857.993
600030.SH,20181206,16.9857,17.0054,16.6903,16.7494,17.1826,-0.43319999999999936,-2.5212,918608.2,1568942.012
600030.SH,20181205,17.0152,17.3303,16.9857,17.1826,17.3303,-0.1477000000000004,-0.8523,813033.28,1417852.702
600030.SH,20181204,17.1728,17.35,17.0841,17.3303,17.1728,0.15750000000000242,0.9171,972454.82,1703808.005
600030.SH,20181203,17.5273,17.5568,17.0743,17.1728,16.6115,0.5612999999999992,3.379,1866667.06,3276775.817
600030.SH,20181130,16.3259,16.6903,16.2472,16.6115,16.3752,0.23629999999999995,1.443,750195.59,1252359.03
600030.SH,20181129,16.8084,17.0448,16.3555,16.3752,16.7494,-0.37420000000000186,-2.2341,966426.32,1642187.966
600030.SH,20181128,16.385,16.8577,16.3456,16.7494,16.454,0.2954000000000008,1.7953,1053953.91,1784838.905
600030.SH,20181127,16.385,16.582,16.2866,16.454,16.3161,0.1379000000000019,0.8452,664616.64,1109092.918
600030.SH,20181126,16.3456,16.5623,16.2078,16.3161,16.3456,-0.029500000000002302,-0.1805,672353.62,1116417.099
600030.SH,20181123,16.7001,16.9069,16.2275,16.3456,16.7789,-0.43329999999999913,-2.5824,1090118.2,1824669.619
600030.SH,20181122,16.9168,16.9364,16.5918,16.7789,16.8774,-0.09850000000000136,-0.5836,953347.67,1620533.552
600030.SH,20181121,16.8872,17.0841,16.6903,16.8774,17.1038,-0.22639999999999816,-1.3237,1498952.09,2565467.919
600030.SH,20181120,17.6159,17.7734,17.0054,17.1038,17.7931,-0.6892999999999994,-3.874,1777408.15,3136821.753
600030.SH,20181119,17.3205,17.7931,17.2515,17.7931,17.3106,0.48249999999999815,2.7873,2553648.59,4564840.019
600030.SH,20181116,17.1235,17.6848,16.9561,17.3106,17.1334,0.17719999999999914,1.0342,2533627.46,4471193.643
600030.SH,20181115,16.7592,17.1826,16.6804,17.1334,16.7887,0.3447000000000031,2.0532,1617501.92,2793640.384
600030.SH,20181114,17.0054,17.1531,16.7198,16.7887,17.1235,-0.3348000000000013,-1.9552,1162759.01,2000065.531
600030.SH,20181113,16.6607,17.4977,16.6312,17.1235,16.8675,0.2560000000000002,1.5177,1833410.73,3164751.515
600030.SH,20181112,16.7198,16.8971,16.641,16.8675,16.6607,0.2068000000000012,1.2412,933866.85,1594210.855
600030.SH,20181109,16.6509,16.8577,16.5524,16.6607,16.71,-0.04930000000000234,-0.295,788310.46,1337680.321
600030.SH,20181108,17.2122,17.2318,16.6509,16.71,17.0349,-0.3248999999999995,-1.9073,1115537.32,1916021.253
600030.SH,20181107,17.3599,17.3992,16.9463,17.0349,17.4386,-0.4037000000000006,-2.315,1068929.32,1863436.734
600030.SH,20181106,17.5273,17.7931,17.2811,17.4386,17.4386,0.0,0.0,1125849.91,2001672.606
600030.SH,20181105,17.35,17.5863,17.1432,17.4386,17.5174,-0.07879999999999754,-0.4498,1089393.59,1925281.598
600030.SH,20181102,17.6159,17.6848,17.2318,17.5174,17.094,0.42339999999999733,2.4769,1742362.82,3093753.714
600030.SH,20181101,17.2712,18.0097,17.0349,17.094,16.8971,0.19690000000000296,1.1653,2531447.93,4494492.963
600030.SH,20181031,16.8774,17.1826,16.6017,16.8971,17.0349,-0.13780000000000214,-0.8089,1452444.7,2488222.717
600030.SH,20181030,16.5327,17.5174,16.257,17.0349,16.3949,0.6400000000000006,3.9037,2252638.96,3878198.259
600030.SH,20181029,16.5721,16.8872,16.2866,16.3949,16.6213,-0.2264000000000017,-1.3621,1109778.09,1861378.386
600030.SH,20181026,16.9758,17.0152,16.4441,16.6213,17.0841,-0.4627999999999979,-2.709,1467624.85,2490203.747
600030.SH,20181025,16.2866,17.1137,16.0502,17.0841,16.6706,0.4134999999999991,2.4804,2128962.81,3578875.735
600030.SH,20181024,16.3063,17.1531,16.2767,16.6706,16.454,0.21659999999999968,1.3164,2519260.16,4297194.863
600030.SH,20181023,17.2318,17.3796,16.2767,16.454,16.6607,-0.20669999999999789,-1.2406,3136251.84,5385696.382
600030.SH,20181022,15.4004,16.6607,15.4004,16.6607,15.1443,1.516399999999999,10.013,2522345.8,4175488.734
600030.SH,20181019,14.5338,15.2625,14.4944,15.1443,14.6126,0.531699999999999,3.6386,1165880.1,1775554.244
600030.SH,20181018,14.8194,14.9671,14.6028,14.6126,14.8588,-0.24619999999999997,-1.6569,524393.87,787208.791
600030.SH,20181017,14.9966,15.0262,14.5732,14.8588,14.6717,0.18710000000000093,1.2752,560514.3,845704.715
600030.SH,20181016,14.8391,15.0656,14.5732,14.6717,14.7899,-0.11819999999999986,-0.7992,491321.06,739089.538
600030.SH,20181015,15.0163,15.0951,14.7702,14.7899,14.9769,-0.18700000000000117,-1.2486,512232.35,777140.279
600030.SH,20181012,14.7997,15.0951,14.524,14.9769,14.9376,0.03930000000000078,0.2631,800359.51,1207398.402
600030.SH,20181011,15.4102,15.5579,14.7603,14.9376,15.9025,-0.9649000000000001,-6.0676,1154499.76,1777823.264
600030.SH,20181010,15.7942,15.9222,15.7351,15.9025,15.7942,0.10829999999999984,0.6857,504243.05,810706.359
600030.SH,20181009,15.7351,15.8533,15.6662,15.7942,15.7154,0.07879999999999932,0.5014,500917.66,800417.765
600030.SH,20181008,16.0896,16.1487,15.6761,15.7154,16.4343,-0.7188999999999997,-4.3744,866981.87,1401272.766
600030.SH,20180928,16.3259,16.5721,16.2866,16.4343,16.2767,0.15759999999999863,0.9683,728660.86,1217501.277
600030.SH,20180927,16.2767,16.3358,16.0502,16.2767,16.3063,-0.029599999999998516,-0.1815,618867.75,1019637.348
600030.SH,20180926,16.2176,16.6115,16.1586,16.3063,16.1586,0.1477000000000004,0.9141,973113.69,1620899.465
600030.SH,20180925,16.1979,16.3161,16.1093,16.1586,16.4244,-0.2657999999999987,-1.6183,562905.76,926078.422
600030.SH,20180921,15.873,16.4343,15.8238,16.4244,15.8927,0.531699999999999,3.3456,1203042.57,1978097.359
600030.SH,20180920,15.9715,16.0995,15.8238,15.8927,15.8828,0.00990000000000002,0.0623,589209.36,953856.756
600030.SH,20180919,15.617,16.001,15.5677,15.8828,15.6564,0.22639999999999993,1.4461,923815.96,1487963.243
600030.SH,20180918,15.292,15.6958,15.2822,15.6564,15.3511,0.305299999999999,1.9888,482101.73,759527.922
600030.SH,20180917,15.3905,15.4496,15.2526,15.3511,15.4397,-0.08859999999999957,-0.5738,276496.14,431098.61
600030.SH,20180914,15.5087,15.5677,15.3905,15.4397,15.4693,-0.029600000000000293,-0.1913,329635.05,517933.489
600030.SH,20180913,15.4496,15.5087,15.3117,15.4693,15.2822,0.18710000000000093,1.2243,430519.99,674413.4
600030.SH,20180912,15.1837,15.4397,15.1837,15.2822,15.2822,0.0,0.0,313535.68,487889.505
600030.SH,20180911,15.1936,15.361,15.1345,15.2822,15.1837,0.09849999999999959,0.6487,351567.43,544302.903
600030.SH,20180910,15.5579,15.6367,15.1443,15.1837,15.6465,-0.46279999999999966,-2.9578,621209.86,967007.853
600030.SH,20180907,15.6268,15.9124,15.5874,15.6465,15.617,0.02949999999999875,0.1889,458488.38,732317.073
600030.SH,20180906,15.6761,15.7844,15.5874,15.617,15.6761,-0.05909999999999904,-0.377,345834.51,550817.318
600030.SH,20180905,15.9321,15.9813,15.6761,15.6761,16.0207,-0.34460000000000157,-2.151,519918.64,834842.441
600030.SH,20180904,15.8139,16.0896,15.7154,16.0207,15.8435,0.1772000000000009,1.1184,619720.22,1002356.546
600030.SH,20180903,15.7056,15.8631,15.6662,15.8435,15.7351,0.10840000000000138,0.6889,387548.75,620394.621
600030.SH,20180831,15.7056,15.8533,15.6564,15.7351,15.6958,0.039299999999999,0.2504,448780.79,718027.588
600030.SH,20180830,15.8238,15.8927,15.6958,15.6958,15.8238,-0.1280000000000001,-0.8089,345355.7,553297.749
600030.SH,20180829,15.9419,16.001,15.7745,15.8238,15.9616,-0.13780000000000037,-0.8633,484894.41,779809.208
600030.SH,20180828,16.0699,16.1487,15.9025,15.9616,16.0798,-0.11819999999999808,-0.7351,505718.6,821171.906
600030.SH,20180827,15.8336,16.0995,15.7548,16.0798,15.7548,0.3249999999999993,2.0629,873600.0,1417013.978
600030.SH,20180824,15.6367,16.001,15.5185,15.7548,15.6367,0.1181000000000001,0.7553,661036.52,1055689.457
600030.SH,20180823,15.5587,15.7028,15.4051,15.6356,15.5299,0.10570000000000057,0.6806,643886.47,1044689.613
600030.SH,20180822,15.5203,15.5683,15.4339,15.5299,15.5203,0.009599999999998943,0.0619,325250.89,525298.748
600030.SH,20180821,15.4339,15.6548,15.3667,15.5203,15.4339,0.08640000000000114,0.5598,630981.67,1021299.11
600030.SH,20180820,15.1842,15.4435,15.1842,15.4339,15.1266,0.3072999999999997,2.0315,500832.09,799456.117
600030.SH,20180817,15.4531,15.5011,15.0977,15.1266,15.3186,-0.19200000000000017,-1.2534,531964.36,848570.769
600030.SH,20180816,15.0785,15.5491,14.9729,15.3186,15.2418,0.07680000000000042,0.5039,711336.21,1133005.07
600030.SH,20180815,15.5395,15.5683,15.2322,15.2418,15.5491,-0.3072999999999997,-1.9763,587402.77,939839.282
600030.SH,20180814,15.5395,15.5876,15.4243,15.5491,15.5683,-0.019200000000001438,-0.1233,332969.13,537424.273
600030.SH,20180813,15.5395,15.674,15.3571,15.5683,15.722,-0.15369999999999884,-0.9776,617407.15,994151.787
600030.SH,20180810,15.7028,15.8084,15.5683,15.722,15.7316,-0.009600000000000719,-0.061,429300.99,701528.132
600030.SH,20180809,15.3474,15.8084,15.3282,15.7316,15.3955,0.33610000000000007,2.1831,746080.28,1216680.086
600030.SH,20180808,15.6644,15.6932,15.3474,15.3955,15.7316,-0.33610000000000007,-2.1365,574060.41,926596.029
600030.SH,20180807,15.3186,15.7508,15.2802,15.7316,15.2802,0.4513999999999996,2.9541,768527.11,1240825.509
600030.SH,20180806,15.4339,15.6068,15.1746,15.2802,15.3859,-0.1056999999999988,-0.687,653254.33,1046751.64
600030.SH,20180803,15.4819,15.5972,15.3667,15.3859,15.4819,-0.09600000000000009,-0.6201,470724.87,757758.241
600030.SH,20180802,15.8277,15.9045,15.309,15.4819,15.9045,-0.422600000000001,-2.6571,805585.77,1306446.6
600030.SH,20180801,16.279,16.4231,15.8757,15.9045,16.1926,-0.28809999999999825,-1.7792,736068.87,1241025.69
600030.SH,20180731,16.2118,16.2887,16.0966,16.1926,16.2983,-0.10570000000000235,-0.6485,536332.76,903213.592
600030.SH,20180730,16.2118,16.4519,16.1158,16.2983,16.1734,0.12490000000000023,0.7723,573972.21,970418.804
600030.SH,20180727,16.1734,16.3655,16.1254,16.1734,16.2502,-0.07679999999999865,-0.4726,567718.51,958566.421
600030.SH,20180726,16.6152,16.644,16.1542,16.2502,16.5864,-0.3362000000000016,-2.027,890148.78,1514668.721
600030.SH,20180725,16.6536,16.7016,16.4903,16.5864,16.6344,-0.047999999999998266,-0.2886,595180.95,1027488.262
600030.SH,20180724,16.5384,16.9994,16.4711,16.6344,16.4615,0.1728999999999985,1.0503,1505444.15,2624671.66
600030.SH,20180723,16.0582,16.4999,15.9813,16.4615,16.1638,0.2977000000000025,1.8418,1234323.49,2091091.175
600030.SH,20180720,15.626,16.3079,15.5299,16.1638,15.6068,0.5569999999999986,3.569,1483474.06,2468664.78
600030.SH,20180719,15.5779,15.7892,15.5107,15.6068,15.5491,0.05770000000000053,0.3711,581909.74,946803.721
600030.SH,20180718,15.77,15.8565,15.5203,15.5491,15.6836,-0.13450000000000095,-0.8576,598068.8,976955.128
600030.SH,20180717,15.8757,15.9045,15.5587,15.6836,15.8661,-0.18249999999999922,-1.1503,580867.86,947061.949
600030.SH,20180716,16.0197,16.0678,15.77,15.8661,15.9429,-0.07680000000000042,-0.4817,471783.89,779346.444
600030.SH,20180713,16.0389,16.087,15.8565,15.9429,15.9237,0.019199999999999662,0.1206,502170.73,833821.608
600030.SH,20180712,15.4627,16.1158,15.4531,15.9237,15.4435,0.48019999999999996,3.1094,931593.71,1537211.49
600030.SH,20180711,15.4147,15.5395,15.2802,15.4435,15.8661,-0.4225999999999992,-2.6635,672538.21,1079853.69
600030.SH,20180710,15.8757,15.9909,15.7316,15.8661,15.8565,0.009599999999998943,0.0605,546062.98,900945.268
600030.SH,20180709,15.5876,15.8757,15.5876,15.8565,15.5299,0.3266000000000009,2.103,737705.82,1213400.511
600030.SH,20180706,15.4435,15.7316,15.0593,15.5299,15.3859,0.14400000000000013,0.9359,1018939.62,1639146.651
600030.SH,20180705,15.4723,15.7316,15.3763,15.3859,15.4531,-0.0671999999999997,-0.4349,543174.35,877923.427
600030.SH,20180704,15.5972,15.674,15.3955,15.4531,15.674,-0.22090000000000032,-1.4093,509036.41,820823.005
600030.SH,20180703,15.4915,15.7508,15.2898,15.674,15.4051,0.26890000000000036,1.7455,759097.51,1231320.984
600030.SH,20180702,15.8469,15.8757,15.261,15.4051,15.9141,-0.5090000000000003,-3.1984,882922.97,1430084.638
600030.SH,20180629,15.5395,15.9717,15.5107,15.9141,15.5203,0.3937999999999988,2.5373,764343.47,1257862.359
600030.SH,20180628,15.3282,15.9621,15.3282,15.5203,15.4051,0.11520000000000152,0.7478,867622.43,1413492.202
600030.SH,20180627,15.6164,15.722,15.2706,15.4051,15.7124,-0.30730000000000146,-1.9558,611452.72,986422.811
600030.SH,20180626,15.3474,15.7796,15.2706,15.7124,15.5203,0.19209999999999994,1.2377,689422.25,1117594.081
600030.SH,20180625,15.9813,15.9909,15.5107,15.5203,15.8853,-0.3650000000000002,-2.2977,640913.34,1054346.459
600030.SH,20180622,15.6548,15.9141,15.5011,15.8853,15.6356,0.2497000000000007,1.597,649668.43,1065205.744
600030.SH,20180621,16.3367,16.4615,15.4627,15.6356,16.4039,-0.7683,-4.6836,1214616.57,2031942.029
600030.SH,20180620,16.4231,16.6632,16.1446,16.4039,16.5672,-0.16329999999999956,-0.9857,949964.53,1625760.436
600030.SH,20180619,17.4604,17.566,16.2118,16.5672,17.7005,-1.133300000000002,-6.4026,1604514.16,2819751.144
600030.SH,20180615,17.8541,17.9982,17.6717,17.7005,17.931,-0.23049999999999926,-1.2855,660438.17,1224610.916
600030.SH,20180614,17.7485,18.0558,17.7197,17.931,17.8157,0.11530000000000129,0.6472,479130.78,894590.162
600030.SH,20180613,17.9886,18.0462,17.7773,17.8157,18.075,-0.25929999999999964,-1.4346,456100.22,848855.839
600030.SH,20180612,17.9598,18.1134,17.7485,18.075,17.9598,0.11519999999999797,0.6414,527010.01,987927.017
600030.SH,20180611,17.7581,18.1038,17.7005,17.9598,17.8541,0.10570000000000235,0.592,537647.86,1004631.635
600030.SH,20180608,18.2479,18.3055,17.6524,17.8541,18.2479,-0.39380000000000237,-2.1581,873115.69,1630315.438
600030.SH,20180607,18.123,18.5264,18.0654,18.2479,17.9598,0.2881,1.6041,1255737.65,2398609.381
600030.SH,20180606,17.9598,18.0846,17.7773,17.9598,18.027,-0.0671999999999997,-0.3728,524775.05,979898.585
600030.SH,20180605,17.9598,18.0654,17.7485,18.027,17.9502,0.0768000000000022,0.4279,560936.74,1047369.397
600030.SH,20180604,17.9118,18.1038,17.7773,17.9502,17.8349,0.11529999999999774,0.6465,539591.63,1011034.138
600030.SH,20180601,17.7677,18.1327,17.6332,17.8349,17.9022,-0.06729999999999947,-0.3759,779368.29,1450717.559
600030.SH,20180531,17.5756,17.9214,17.4988,17.9022,17.4027,0.49950000000000117,2.8702,872127.37,1607870.716
600030.SH,20180530,17.7773,17.9502,17.3163,17.4027,18.123,-0.7203000000000017,-3.9745,1044486.79,1919403.868
600030.SH,20180529,18.4208,18.5072,18.0174,18.123,18.488,-0.36499999999999844,-1.9743,821832.47,1561650.852
600030.SH,20180528,18.3439,18.5744,18.2671,18.488,18.3055,0.182500000000001,0.997,632412.71,1214634.395
600030.SH,20180525,18.5937,18.7185,18.2959,18.3055,18.6033,-0.2978000000000023,-1.6008,665682.37,1283684.554
600030.SH,20180524,18.6801,18.7857,18.5168,18.6033,18.7377,-0.1343999999999994,-0.7173,630305.39,1223135.521
600030.SH,20180523,18.8145,19.0258,18.6513,18.7377,18.9202,-0.182500000000001,-0.9646,750812.04,1472134.481
600030.SH,20180522,19.0162,19.0162,18.7185,18.9202,19.0258,-0.10559999999999903,-0.555,772915.5,1515942.555
600030.SH,20180521,19.1603,19.2467,18.9874,19.0258,18.949,0.07679999999999865,0.4053,1142834.88,2273820.164
600030.SH,20180518,18.5072,18.9778,18.488,18.949,18.488,0.4610000000000021,2.4935,957075.39,1866473.175
600030.SH,20180517,18.7569,18.8242,18.4688,18.488,18.7473,-0.25929999999999964,-1.3831,675202.87,1309562.551
600030.SH,20180516,18.9202,19.0354,18.7281,18.7473,19.0354,-0.2881,-1.5135,725965.93,1424844.078
600030.SH,20180515,19.1027,19.1411,18.8049,19.0354,19.0835,-0.048100000000001586,-0.2521,784602.99,1547264.427
600030.SH,20180514,18.7377,19.1603,18.7377,19.0835,18.7185,0.365000000000002,1.9499,1152167.66,2284055.672
600030.SH,20180511,19.0547,19.0547,18.6993,18.7185,19.0547,-0.3362000000000016,-1.7644,816376.9,1601761.06
600030.SH,20180510,19.0162,19.1123,18.7761,19.0547,18.9682,0.08650000000000091,0.456,919648.17,1813186.807
600030.SH,20180509,19.1027,19.1411,18.8818,18.9682,19.1507,-0.182500000000001,-0.953,817700.2,1615657.092
600030.SH,20180508,18.9682,19.2083,18.8242,19.1507,18.853,0.29769999999999897,1.5791,1303963.28,2583526.803
600030.SH,20180507,18.7665,18.9394,18.6801,18.853,18.6033,0.2497000000000007,1.3422,1018067.16,1995939.229
600030.SH,20180504,18.6993,18.8722,18.5552,18.6033,18.8145,-0.21119999999999806,-1.1225,914994.39,1780944.315
600030.SH,20180503,18.3055,18.8818,18.2863,18.8145,18.3824,0.4320999999999984,2.3506,1529332.25,2968318.103
600030.SH,20180502,18.6033,18.6993,18.3055,18.3824,18.2383,0.14410000000000167,0.7901,935466.32,1796658.952
600030.SH,20180427,18.1903,18.4016,18.0078,18.2383,17.9982,0.2400999999999982,1.334,904609.96,1714807.646
600030.SH,20180426,18.4496,18.4976,17.9502,17.9982,18.3824,-0.3841999999999999,-2.09,896618.4,1695980.251
600030.SH,20180425,18.3535,18.44,18.2095,18.3824,18.4784,-0.09600000000000009,-0.5195,823930.72,1572699.491
600030.SH,20180424,17.8253,18.4976,17.8253,18.4784,17.7965,0.6818999999999988,3.8317,1535187.47,2922545.193
600030.SH,20180423,17.5372,17.8733,17.5372,17.7965,17.5564,0.24010000000000176,1.3676,756210.87,1396013.532
600030.SH,20180420,18.1903,18.1903,17.5276,17.5564,18.2575,-0.7011000000000003,-3.8401,1047305.78,1945866.51
600030.SH,20180419,18.0078,18.4016,17.9694,18.2575,18.0462,0.21130000000000138,1.1709,1059824.99,2010687.453
600030.SH,20180418,17.9598,18.1423,17.7197,18.0462,17.6813,0.36489999999999867,2.0638,1196789.06,2234897.228
600030.SH,20180417,17.6717,18.0942,17.6524,17.6813,17.662,0.019300000000001205,0.1093,1145175.98,2128934.723
600030.SH,20180416,18.0558,18.2095,17.6332,17.662,18.1711,-0.5091000000000001,-2.8017,1232827.41,2295783.012
600030.SH,20180413,18.488,18.5744,18.1519,18.1711,18.3535,-0.18240000000000123,-0.9938,930450.91,1777349.35
600030.SH,20180412,18.6801,18.853,18.2959,18.3535,18.6801,-0.3265999999999991,-1.7484,1181393.97,2286483.774
600030.SH,20180411,18.6225,18.8626,18.584,18.6801,18.9586,-0.2785000000000011,-1.469,1493054.96,2907985.639
600030.SH,20180410,18.6225,19.0354,18.5072,18.9586,18.5744,0.3841999999999999,2.0684,1885856.16,3687172.918
600030.SH,20180409,18.2479,18.584,18.1519,18.5744,18.2575,0.3169000000000004,1.7357,1364115.14,2615005.759
600030.SH,20180404,18.488,18.6129,18.2479,18.2575,18.4496,-0.19209999999999994,-1.0412,1498178.64,2872776.441
600030.SH,20180403,17.931,18.5072,17.8925,18.4496,18.1807,0.2688999999999986,1.479,1777341.72,3382455.884
600030.SH,20180402,18.0174,18.584,17.8829,18.1807,17.8445,0.3362000000000016,1.8841,1967082.35,3746513.85
600030.SH,20180330,17.6717,17.9214,17.5756,17.8445,17.5852,0.25929999999999964,1.4745,1302674.38,2407822.626
600030.SH,20180329,17.3067,17.6428,17.105,17.5852,17.153,0.4322000000000017,2.5197,1444534.51,2628208.077
600030.SH,20180328,17.3835,17.5852,17.1146,17.153,17.5948,-0.44180000000000064,-2.511,1027639.61,1853548.474
600030.SH,20180327,17.5756,17.7005,17.3931,17.5948,17.3067,0.2881,1.6647,1185303.51,2164280.865
600030.SH,20180326,16.7593,17.3451,16.7593,17.3067,16.9994,0.3072999999999979,1.8077,1105871.8,1967960.922
600030.SH,20180323,17.3643,17.6813,16.7977,16.9994,18.0174,-1.0179999999999971,-5.6501,2104342.1,3795690.894
600030.SH,20180322,17.9598,18.3728,17.8349,18.0174,17.7677,0.24969999999999715,1.4054,1509102.91,2844230.252
600030.SH,20180321,17.9598,18.3632,17.7197,17.7677,17.9406,-0.1728999999999985,-0.9637,1503518.51,2832969.265
600030.SH,20180320,17.6044,18.0174,17.518,17.9406,17.8061,0.13449999999999918,0.7554,916879.72,1694105.323
600030.SH,20180319,17.6524,17.9694,17.4796,17.8061,17.614,0.19209999999999994,1.0906,939978.27,1738967.802
600030.SH,20180316,18.027,18.1903,17.5756,17.614,18.0558,-0.44180000000000064,-2.4469,1039978.7,1940783.097
600030.SH,20180315,17.8637,18.1423,17.8253,18.0558,17.9598,0.09600000000000009,0.5345,777289.37,1456333.897
600030.SH,20180314,18.0462,18.2575,17.9022,17.9598,18.1999,-0.2400999999999982,-1.3192,885779.75,1665238.021
600030.SH,20180313,18.44,18.4592,18.1423,18.1999,18.536,-0.33610000000000184,-1.8132,1096966.23,2090717.885
600030.SH,20180312,18.2959,18.6609,18.1519,18.536,18.1134,0.42260000000000275,2.3331,1913708.76,3664393.629
600030.SH,20180309,17.7197,18.1999,17.614,18.1134,17.662,0.4513999999999996,2.5558,1673599.62,3118490.15
600030.SH,20180308,17.5756,17.6813,17.4412,17.662,17.5468,0.11519999999999797,0.6565,797843.63,1461994.751
600030.SH,20180307,17.5756,17.9214,17.4796,17.5468,17.6909,-0.14409999999999812,-0.8145,1275174.07,2345101.792
600030.SH,20180306,17.3163,17.7389,17.1722,17.6909,17.1626,0.528299999999998,3.0782,1772032.2,3232052.31
600030.SH,20180305,17.1242,17.3547,17.105,17.1626,17.1242,0.038400000000002876,0.2242,694798.07,1243930.194
600030.SH,20180302,17.1914,17.4123,17.105,17.1242,17.4123,-0.2881,-1.6546,899891.28,1616352.594
600030.SH,20180301,17.1818,17.5276,17.0954,17.4123,17.3931,0.019199999999997885,0.1104,1115791.06,2017393.5
600030.SH,20180228,17.3355,17.6332,17.0858,17.3931,17.5276,-0.13449999999999918,-0.7674,1585728.12,2865959.714
600030.SH,20180227,17.8637,17.8733,17.4219,17.5276,17.9118,-0.3841999999999999,-2.145,1550422.08,2844319.946
600030.SH,20180226,17.6717,18.1327,17.2971,17.9118,17.47,0.44180000000000064,2.5289,2119920.34,3906585.984
600030.SH,20180223,17.3835,17.7197,17.2203,17.47,17.2971,0.1728999999999985,0.9996,1585053.34,2886887.458
600030.SH,20180222,17.2779,17.4027,17.0474,17.2971,16.9321,0.365000000000002,2.1557,1560165.18,2802806.393
600030.SH,20180214,16.9033,16.9705,16.644,16.9321,16.9225,0.009599999999998943,0.0567,1036877.1,1816023.861
600030.SH,20180213,16.8169,17.3259,16.7785,16.9225,16.644,0.2785000000000011,1.6733,2035418.51,3613495.096
600030.SH,20180212,16.7304,16.8553,16.4423,16.644,16.6632,-0.019200000000001438,-0.1152,1619696.25,2814024.89
600030.SH,20180209,17.8445,17.9982,16.6344,16.6632,18.4784,-1.8152000000000008,-9.8234,3478271.31,6192957.701
600030.SH,20180208,18.7089,18.9682,18.3055,18.4784,18.7761,-0.29769999999999897,-1.5855,1847440.75,3580692.869
600030.SH,20180207,20.1399,20.1879,18.7377,18.7761,19.7365,-0.9603999999999999,-4.8661,2679636.57,5437201.614
600030.SH,20180206,20.3992,20.7642,19.5733,19.7365,20.9275,-1.190999999999999,-5.6911,3364727.49,7065096.475
600030.SH,20180205,20.1783,20.9947,20.1303,20.9275,20.6682,0.25929999999999964,1.2546,2208919.63,4737104.705
600030.SH,20180202,20.3416,20.7738,19.9863,20.6682,20.6489,0.019299999999997652,0.0935,2010010.39,4271688.456
600030.SH,20180201,20.5529,20.7066,20.1783,20.6489,20.4473,0.20160000000000267,0.9859,2786750.87,5949369.553
600030.SH,20180131,20.6009,20.841,20.1111,20.4473,20.7738,-0.3265000000000029,-1.5717,2472534.08,5273746.133
600030.SH,20180130,21.0427,21.4557,20.6778,20.7738,21.2348,-0.4609999999999985,-2.171,2451539.96,5378020.412
600030.SH,20180129,21.5805,21.8303,21.1388,21.2348,21.4557,-0.22090000000000032,-1.0296,2644808.43,5925035.67
600030.SH,20180126,21.4461,21.8399,21.3308,21.4557,21.4461,0.009599999999998943,0.0448,2519974.88,5666868.748
600030.SH,20180125,21.6094,21.9455,21.3596,21.4461,22.0127,-0.5665999999999976,-2.574,3173316.94,7162054.29
600030.SH,20180124,20.5529,22.0415,20.3128,22.0127,20.3704,1.6422999999999988,8.0622,5070885.83,11200494.602
600030.SH,20180123,20.5241,20.9947,20.0727,20.3704,20.3608,0.009599999999998943,0.0471,3356645.03,7140624.275
600030.SH,20180122,20.2648,20.5913,20.1111,20.3608,20.4473,-0.08649999999999736,-0.423,1809997.44,3833395.64
600030.SH,20180119,20.5145,20.9851,20.0919,20.4473,20.5625,-0.11520000000000152,-0.5602,3630176.65,7792347.614
600030.SH,20180118,20.3128,20.7834,20.0727,20.5625,20.1111,0.4513999999999996,2.2445,2956692.19,6301946.331
600030.SH,20180117,19.6885,21.0235,19.6885,20.1111,19.4484,0.662700000000001,3.4075,4978876.81,10510093.073
600030.SH,20180116,18.4976,19.5637,18.4304,19.4484,18.6801,0.7683,4.1129,2330733.15,4587774.303
600030.SH,20180115,18.488,18.9106,18.2287,18.6801,18.5648,0.11529999999999774,0.6211,2241354.32,4355325.72
600030.SH,20180112,18.488,18.8049,18.3632,18.5648,18.5168,0.04800000000000182,0.2592,1046038.04,2023121.392
600030.SH,20180111,18.6897,18.7761,18.3632,18.5168,18.8338,-0.31700000000000017,-1.6831,1133795.4,2185829.994
600030.SH,20180110,18.6993,18.9586,18.4688,18.8338,18.6705,0.16329999999999956,0.8746,1502584.82,2923745.592
600030.SH,20180109,18.7761,19.0835,18.5168,18.6705,18.7665,-0.09600000000000009,-0.5115,1439193.89,2805148.219
600030.SH,20180108,18.2479,19.0162,18.1615,18.7665,18.1327,0.6338000000000008,3.4953,2489706.42,4827830.29
600030.SH,20180105,17.9406,18.3343,17.8541,18.1327,17.931,0.20169999999999888,1.1249,1728848.68,3271662.156
600030.SH,20180104,17.9022,18.0942,17.7389,17.931,17.8733,0.05770000000000053,0.3228,1147914.54,2141314.575
600030.SH,20180103,17.6332,18.1038,17.6236,17.8733,17.7101,0.1631999999999998,0.9215,1519669.0,2831079.993
600030.SH,20180102,17.4123,17.7869,17.4123,17.7101,17.3835,0.3265999999999991,1.8788,1393284.57,2562809.983
600030.SH,20171229,17.4027,17.5372,17.2875,17.3835,17.4027,-0.019199999999997885,-0.1103,643521.59,1165503.532
600030.SH,20171228,17.3451,17.7197,17.2683,17.4027,17.3835,0.019199999999997885,0.1104,1021014.1,1864400.892
600030.SH,20171227,17.6236,17.6717,17.3355,17.3835,17.6813,-0.29779999999999873,-1.6843,785464.6,1431445.32
600030.SH,20171226,17.2971,17.7005,17.2395,17.6813,17.3451,0.3362000000000016,1.9383,993358.12,1817544.305
600030.SH,20171225,17.5084,17.6236,17.2875,17.3451,17.47,-0.12490000000000023,-0.7149,662013.36,1204269.689
600030.SH,20171222,17.4315,17.6044,17.4123,17.47,17.47,0.0,0.0,528476.65,962968.583
600030.SH,20171221,17.1338,17.6044,17.0762,17.47,17.1626,0.3073999999999977,1.7911,1136958.08,2063077.982
600030.SH,20171220,17.5372,17.5372,17.153,17.1626,17.5468,-0.3841999999999999,-2.1896,873156.87,1571652.257
600030.SH,20171219,17.3163,17.566,17.2683,17.5468,17.3163,0.2305000000000028,1.3311,799287.21,1452202.967
600030.SH,20171218,17.2395,17.5084,17.2107,17.3163,17.2395,0.07679999999999865,0.4455,585313.99,1055855.57
600030.SH,20171215,17.4508,17.5084,17.2107,17.2395,17.4219,-0.18240000000000123,-1.047,777366.29,1403545.456
600030.SH,20171214,17.6813,17.7197,17.3451,17.4219,17.6909,-0.26899999999999835,-1.5206,764693.13,1391582.752
600030.SH,20171213,17.5756,17.7677,17.4988,17.6909,17.566,0.12490000000000023,0.711,712209.49,1307745.405
600030.SH,20171212,17.931,18.0174,17.5276,17.566,18.0174,-0.4513999999999996,-2.5054,842753.66,1558832.899
600030.SH,20171211,17.7293,18.0366,17.7005,18.0174,17.7773,0.2400999999999982,1.3506,987734.23,1838308.291
600030.SH,20171208,17.8157,18.0078,17.6717,17.7773,17.8733,-0.09600000000000009,-0.5371,967019.55,1795102.177
600030.SH,20171207,18.3632,18.4496,17.8541,17.8733,18.4976,-0.6242999999999981,-3.375,1285132.64,2423905.513
600030.SH,20171206,18.4304,18.5648,18.1999,18.4976,18.5072,-0.009600000000002495,-0.0519,1397686.12,2668344.319
600030.SH,20171205,18.1423,18.6801,18.1134,18.5072,18.1903,0.3169000000000004,1.7421,2303493.04,4427692.62
600030.SH,20171204,18.0558,18.3055,17.931,18.1903,18.1903,0.0,0.0,1251034.78,2355696.878
600030.SH,20171201,18.3632,18.7761,18.1615,18.1903,18.4304,-0.2400999999999982,-1.3027,1582707.91,3040549.524
600030.SH,20171130,18.2479,19.1123,18.1807,18.4304,18.4112,0.019199999999997885,0.1043,2636583.55,5136995.146
600030.SH,20171129,18.123,18.4304,17.7965,18.4112,18.1134,0.2978000000000023,1.6441,1602590.29,3020728.957
600030.SH,20171128,18.0654,18.1807,17.7677,18.1134,18.2671,-0.15370000000000061,-0.8414,1528953.91,2861570.758
600030.SH,20171127,18.1423,18.44,17.9982,18.2671,18.2575,0.009599999999998943,0.0526,1789938.57,3397133.177
600030.SH,20171124,18.4496,18.5937,17.979,18.2575,18.392,-0.13449999999999918,-0.7313,2174595.36,4132605.008
600030.SH,20171123,18.7857,19.1123,18.1711,18.392,18.901,-0.5090000000000003,-2.693,2722357.22,5299357.399
600030.SH,20171122,18.4784,19.1603,18.3824,18.901,18.4592,0.44180000000000064,2.3934,3804766.21,7448476.308
600030.SH,20171121,17.0474,18.7185,16.9705,18.4592,17.0282,1.431000000000001,8.4037,4284279.41,8143033.92
600030.SH,20171120,17.4315,17.4988,16.7112,17.0282,17.5756,-0.5474000000000032,-3.1145,1729904.76,3072531.663
600030.SH,20171117,17.1626,17.6044,17.1146,17.5756,17.1146,0.4610000000000021,2.6936,2303844.68,4185436.011
600030.SH,20171116,17.3259,17.4604,17.0666,17.1146,17.3643,-0.2497000000000007,-1.438,851783.69,1529086.653
600030.SH,20171115,17.4027,17.5468,17.2395,17.3643,17.4219,-0.05760000000000076,-0.3306,1082979.43,1962377.926
600030.SH,20171114,17.5468,17.5948,17.2683,17.4219,17.518,-0.09609999999999985,-0.5486,1101520.44,1993072.05
600030.SH,20171113,17.6428,17.8733,17.4604,17.518,17.662,-0.14399999999999835,-0.8153,1188863.93,2183134.582
600030.SH,20171110,17.5948,17.7485,17.3643,17.662,17.5564,0.10559999999999903,0.6015,1682759.0,3080507.732
600030.SH,20171109,17.3067,17.6044,17.2779,17.5564,17.3931,0.16329999999999956,0.9389,1346968.65,2450003.683
600030.SH,20171108,16.8265,17.7869,16.7881,17.3931,16.8265,0.5666000000000011,3.3673,2538142.26,4597996.633
600030.SH,20171107,16.5288,16.8841,16.4711,16.8265,16.4519,0.37460000000000093,2.2769,1069099.12,1861354.232
600030.SH,20171106,16.4327,16.5095,16.3175,16.4519,16.5864,-0.13450000000000273,-0.8109,444169.39,758853.082
600030.SH,20171103,16.5192,16.6056,16.2694,16.5864,16.548,0.038400000000002876,0.2321,751624.56,1285738.826
600030.SH,20171102,16.548,16.6152,16.2983,16.548,16.5384,0.009599999999998943,0.058,956759.54,1642182.836
600030.SH,20171101,16.6728,16.8361,16.4903,16.5384,16.6344,-0.09600000000000009,-0.5771,591240.76,1026253.636
600030.SH,20171031,16.7112,16.7881,16.5672,16.6344,16.7785,-0.14410000000000167,-0.8588,519186.52,900851.222
600030.SH,20171030,17.0954,17.1242,16.4999,16.7785,17.153,-0.3744999999999976,-2.1833,1058998.72,1848029.729
600030.SH,20171027,17.2203,17.2299,17.0762,17.153,17.2107,-0.05770000000000053,-0.3353,486054.51,868323.342
600030.SH,20171026,17.1242,17.3355,16.9994,17.2107,17.1434,0.06729999999999947,0.3926,735646.2,1316154.571
600030.SH,20171025,17.0954,17.201,17.0282,17.1434,17.0858,0.05760000000000076,0.3371,447018.91,797672.139
600030.SH,20171024,16.8841,17.1338,16.8361,17.0858,16.8841,0.20169999999999888,1.1946,579726.96,1029164.881
600030.SH,20171023,17.0858,17.0954,16.8553,16.8841,17.0762,-0.19209999999999994,-1.125,498038.92,878600.551
600030.SH,20171020,17.0474,17.1914,16.9802,17.0762,17.0858,-0.009599999999998943,-0.0562,397540.63,707101.235
600030.SH,20171019,17.2779,17.2971,17.0474,17.0858,17.3355,-0.2497000000000007,-1.4404,649517.91,1159352.611
600030.SH,20171018,17.2107,17.3547,17.0762,17.3355,17.1914,0.14409999999999812,0.8382,911894.93,1636897.79
600030.SH,20171017,17.2395,17.3259,17.1722,17.1914,17.2587,-0.06729999999999947,-0.3899,428073.03,768389.666
600030.SH,20171016,17.2875,17.5084,17.2395,17.2587,17.2875,-0.02880000000000038,-0.1666,811835.46,1467755.522
600030.SH,20171013,17.2971,17.3835,17.2203,17.2875,17.2875,0.0,0.0,483466.75,870387.449
600030.SH,20171012,17.3259,17.3835,17.2107,17.2875,17.3355,-0.047999999999998266,-0.2769,485657.83,874951.302
600030.SH,20171011,17.5084,17.5084,17.2971,17.3355,17.5084,-0.17290000000000205,-0.9875,645379.78,1168418.006
600030.SH,20171010,17.4027,17.5276,17.2683,17.5084,17.3931,0.11530000000000129,0.6629,694253.65,1258461.946
600030.SH,20171009,17.9022,18.0174,17.3547,17.3931,17.47,-0.07689999999999841,-0.4402,1394761.49,2556601.158
600030.SH,20170929,17.3259,17.6236,17.3163,17.47,17.3163,0.15370000000000061,0.8876,848759.02,1547340.765
600030.SH,20170928,17.2971,17.3643,17.2395,17.3163,17.3163,0.0,0.0,369125.17,665069.364
600030.SH,20170927,17.2779,17.4219,17.1818,17.3163,17.2875,0.028799999999996828,0.1666,550602.74,991814.019
600030.SH,20170926,17.2971,17.3931,17.2491,17.2875,17.3643,-0.07679999999999865,-0.4423,505264.35,910943.006
600030.SH,20170925,17.3835,17.4508,17.201,17.3643,17.4219,-0.05760000000000076,-0.3306,860454.64,1554839.154
600030.SH,20170922,17.3547,17.4988,17.105,17.4219,17.3931,0.02880000000000038,0.1656,1012084.88,1823231.076
600030.SH,20170921,17.4027,17.6236,17.3739,17.3931,17.4027,-0.009599999999998943,-0.0552,814199.18,1483310.911
600030.SH,20170920,17.4412,17.5372,17.3643,17.4027,17.4412,-0.03849999999999909,-0.2207,707197.17,1284702.39
600030.SH,20170919,17.7485,17.7485,17.3643,17.4412,17.6524,-0.2112000000000016,-1.1964,997249.45,1821538.5
600030.SH,20170918,17.3643,17.7101,17.3547,17.6524,17.3163,0.33610000000000184,1.9409,1515102.47,2777460.522
600030.SH,20170915,17.2107,17.4219,17.0762,17.3163,17.2587,0.05759999999999721,0.3337,786891.67,1415539.368
600030.SH,20170914,17.1914,17.4796,17.1722,17.2587,17.1818,0.07690000000000197,0.4476,837307.59,1509768.961
600030.SH,20170913,17.2203,17.2779,17.105,17.1818,17.201,-0.019200000000001438,-0.1116,542186.08,969699.001
600030.SH,20170912,17.1434,17.4988,17.105,17.201,17.0762,0.12480000000000047,0.7308,1268276.54,2284825.957
600030.SH,20170911,16.9994,17.2587,16.9609,17.0762,17.0666,0.009599999999998943,0.0563,754615.64,1344837.855
600030.SH,20170908,17.3163,17.3163,17.0186,17.0666,17.2395,-0.1728999999999985,-1.0029,796525.94,1420985.424
600030.SH,20170907,17.3931,17.5564,17.2203,17.2395,17.3931,-0.15360000000000085,-0.8831,842595.58,1525133.172
600030.SH,20170906,17.3739,17.4604,17.1818,17.3931,17.47,-0.07689999999999841,-0.4402,1048119.37,1888849.744
600030.SH,20170905,17.4796,17.6236,17.4219,17.47,17.4604,0.009599999999998943,0.055,820432.38,1497390.045
600030.SH,20170904,17.5468,17.6236,17.3835,17.4604,17.5756,-0.11520000000000152,-0.6555,956413.51,1740616.434
600030.SH,20170901,17.5372,17.7677,17.4315,17.5756,17.5084,0.0671999999999997,0.3838,1381675.31,2525832.361
600030.SH,20170831,17.2875,17.6236,17.2683,17.5084,17.3067,0.20170000000000243,1.1654,1219640.77,2217701.006
600030.SH,20170830,17.2683,17.7869,17.2683,17.3067,17.2875,0.019199999999997885,0.1111,1864624.69,3403807.636
600030.SH,20170829,17.4604,17.566,17.1818,17.2875,17.4796,-0.19209999999999994,-1.099,1807043.35,3269776.618
600030.SH,20170828,16.6248,17.7677,16.5864,17.4796,16.4615,1.0181000000000004,6.1847,3988507.2,7194500.38
600030.SH,20170825,15.9813,16.4711,15.9429,16.4615,15.9909,0.470600000000001,2.9429,1564744.02,2661102.178
600030.SH,20170824,16.2214,16.2598,15.9813,15.9909,16.2406,-0.2497000000000007,-1.5375,530892.26,890348.703
600030.SH,20170823,16.0966,16.4039,16.0678,16.2406,16.1062,0.1343999999999994,0.8345,655328.01,1106975.298
600030.SH,20170822,16.1254,16.2022,16.0389,16.1062,16.1446,-0.038399999999999324,-0.2379,474770.99,797566.996
600030.SH,20170821,16.0389,16.1542,15.9717,16.1446,16.0389,0.1056999999999988,0.659,586058.62,979685.232
600030.SH,20170818,16.1734,16.1734,16.0197,16.0389,16.1446,-0.1056999999999988,-0.6547,484758.71,812936.455
600030.SH,20170817,16.0705,16.1646,16.0235,16.1458,16.0705,0.07530000000000214,0.4686,644643.55,1102487.888
600030.SH,20170816,15.9953,16.127,15.9012,16.0705,16.0141,0.056400000000000006,0.3522,460206.55,784472.215
600030.SH,20170815,16.0423,16.1364,15.9482,16.0141,16.0423,-0.02820000000000178,-0.1758,489601.93,834435.113
600030.SH,20170814,15.92,16.0893,15.7694,16.0423,15.8729,0.16940000000000133,1.0672,721370.0,1221504.388
600030.SH,20170811,16.0893,16.1176,15.8541,15.8729,16.2023,-0.32940000000000147,-2.033,899627.95,1529623.793
600030.SH,20170810,16.0893,16.2305,15.9576,16.2023,16.1176,0.08470000000000155,0.5255,1024982.95,1755218.122
600030.SH,20170809,16.2775,16.2775,16.0611,16.1176,16.3152,-0.19760000000000133,-1.2111,833735.44,1431158.708
600030.SH,20170808,16.2963,16.4845,16.1176,16.3152,16.2869,0.028300000000001546,0.1738,1046491.07,1812291.833
600030.SH,20170807,16.4281,16.4751,16.2493,16.2869,16.5222,-0.23530000000000229,-1.4241,976430.27,1696743.068
600030.SH,20170804,16.4469,16.8044,16.3528,16.5222,16.4657,0.056500000000003325,0.3431,1431012.62,2531650.102
600030.SH,20170803,16.5598,16.7197,16.4375,16.4657,16.6068,-0.14110000000000156,-0.8497,1034978.73,1823308.275
600030.SH,20170802,16.5504,16.795,16.4469,16.6068,16.5222,0.08459999999999823,0.512,1766616.8,3124761.322
600030.SH,20170801,16.3528,16.6068,16.334,16.5222,16.3246,0.19760000000000133,1.2104,1237581.3,2169120.759
600030.SH,20170731,16.2493,16.4469,16.1928,16.3246,16.2587,0.06589999999999918,0.4053,859923.28,1492375.502
600030.SH,20170728,16.3622,16.3716,16.2305,16.2587,16.3998,-0.141099999999998,-0.8604,534609.66,925949.875
600030.SH,20170727,16.4563,16.5222,16.1928,16.3998,16.4751,-0.07530000000000214,-0.4571,1139058.4,1978525.058
600030.SH,20170726,16.4187,16.5316,16.3246,16.4751,16.3904,0.08470000000000155,0.5168,958557.87,1672209.213
600030.SH,20170725,16.5128,16.5692,16.3152,16.3904,16.4751,-0.08470000000000155,-0.5141,844130.28,1475204.056
600030.SH,20170724,16.4563,16.6445,16.4281,16.4751,16.4845,-0.009399999999999409,-0.057,967756.57,1700540.991
600030.SH,20170721,16.4845,16.6445,16.4093,16.4845,16.5692,-0.084699999999998,-0.5112,934401.58,1639405.845
600030.SH,20170720,16.6539,16.7762,16.4281,16.5692,16.7292,-0.16000000000000014,-0.9564,1571243.17,2770626.457
600030.SH,20170719,15.7977,16.748,15.7412,16.7292,15.8259,0.903299999999998,5.7077,2725822.33,4729308.022
600030.SH,20170718,15.9482,16.0047,15.6565,15.8259,15.9953,-0.16939999999999955,-1.0591,1051045.49,1768229.911
600030.SH,20170717,16.2963,16.4187,15.967,15.9953,16.3528,-0.35749999999999815,-2.1862,1526177.3,2620341.661
600030.SH,20170714,16.4375,16.4845,16.2775,16.3528,16.4563,-0.10350000000000037,-0.6289,938320.87,1631205.001
600030.SH,20170713,16.2493,16.4939,16.1552,16.4563,16.2117,0.24459999999999837,1.5088,1617188.05,2811271.955
600030.SH,20170712,16.1928,16.3716,16.0988,16.2117,16.1458,0.06589999999999918,0.4082,1271455.71,2193330.151
600030.SH,20170711,16.0141,16.3998,16.0141,16.1458,16.0047,0.14110000000000156,0.8816,1773393.39,3060196.901
600030.SH,20170710,15.9294,16.2117,15.9106,16.0047,15.9482,0.05649999999999977,0.3543,1101506.32,1880022.317
600030.SH,20170707,15.6942,16.0423,15.6189,15.9482,15.7412,0.20700000000000074,1.315,894635.0,1504217.923
600030.SH,20170706,15.9012,15.9294,15.6659,15.7412,15.8729,-0.13170000000000037,-0.8297,863948.87,1449162.808
600030.SH,20170705,15.76,15.8918,15.713,15.8729,15.7412,0.13170000000000037,0.8367,595098.48,1000375.294
600030.SH,20170704,15.8918,15.8918,15.6942,15.7412,15.9106,-0.16940000000000133,-1.0647,727896.45,1220244.571
600030.SH,20170703,15.9953,16.0423,15.7883,15.9106,16.0141,-0.1034999999999986,-0.6463,680857.32,1148370.47
600030.SH,20170630,16.0141,16.0988,15.8259,16.0141,16.0799,-0.06579999999999941,-0.4092,751091.83,1274740.92
600030.SH,20170629,16.0705,16.174,15.9764,16.0799,16.0799,0.0,0.0,668341.32,1140795.918
600030.SH,20170628,16.0705,16.2493,16.0047,16.0799,16.0988,-0.018900000000002137,-0.1174,871050.25,1494472.573
600030.SH,20170627,16.2305,16.2587,16.0517,16.0988,16.2399,-0.141099999999998,-0.8688,924024.16,1585189.966
600030.SH,20170626,15.9388,16.381,15.9012,16.2399,15.9388,0.30109999999999815,1.8891,2113195.32,3640807.96
600030.SH,20170623,15.8729,15.9482,15.7224,15.9388,15.9012,0.03760000000000119,0.2365,926704.29,1561999.698
600030.SH,20170622,15.7224,16.1646,15.6848,15.9012,15.7789,0.12229999999999919,0.7751,1673131.82,2843630.659
600030.SH,20170621,15.8918,16.1458,15.6942,15.7789,15.6942,0.08469999999999978,0.5397,1135681.98,1918364.216
600030.SH,20170620,15.713,15.7789,15.6001,15.6942,15.7224,-0.028200000000000003,-0.1794,630269.65,1050731.531
600030.SH,20170619,15.299,15.7318,15.2896,15.7224,15.346,0.3764000000000003,2.4528,1092750.35,1813958.143
600030.SH,20170616,15.4778,15.5813,15.3272,15.346,15.4872,-0.14119999999999955,-0.9117,387157.85,635844.34
600030.SH,20170615,15.4025,15.5624,15.3554,15.4872,15.3837,0.10350000000000037,0.6728,480970.38,790471.591
600030.SH,20170614,15.4778,15.4778,15.3272,15.3837,15.4495,-0.06580000000000119,-0.4259,419495.03,685582.902
600030.SH,20170613,15.4307,15.5342,15.346,15.4495,15.4589,-0.009399999999999409,-0.0608,419212.74,688583.112
600030.SH,20170612,15.5342,15.7412,15.3366,15.4589,15.5907,-0.13180000000000014,-0.8454,874593.98,1444360.697
600030.SH,20170609,15.4966,15.76,15.4589,15.5907,15.4684,0.12229999999999919,0.7906,1160575.07,1924941.08
600030.SH,20170608,15.4307,15.506,15.3554,15.4684,15.4025,0.06590000000000096,0.4279,564540.44,926703.033
600030.SH,20170607,15.299,15.506,15.2708,15.4025,15.2896,0.11289999999999978,0.7384,795322.49,1302537.786
600030.SH,20170606,15.2614,15.3554,15.1767,15.2896,15.2519,0.037700000000000955,0.2472,339213.1,550065.968
600030.SH,20170605,15.3931,15.4495,15.2049,15.2519,15.4119,-0.16000000000000014,-1.0382,477573.0,774994.982
600030.SH,20170602,15.4119,15.5719,15.3649,15.4119,15.4025,0.009399999999999409,0.061,547821.36,899225.78
600030.SH,20170601,15.4495,15.5907,15.3837,15.4025,15.4684,-0.06590000000000096,-0.426,583407.37,958375.869
600030.SH,20170531,15.5436,15.7694,15.3178,15.4684,15.4213,0.047100000000000364,0.3054,799278.82,1320371.949
600030.SH,20170526,15.3366,15.6942,15.3272,15.4213,15.4401,-0.018799999999998818,-0.1218,1209195.73,1998363.134
600030.SH,20170525,14.725,15.4778,14.725,15.4401,14.8568,0.5832999999999995,3.9261,1659360.33,2691135.105
600030.SH,20170524,14.7627,14.885,14.7062,14.8568,14.8003,0.05649999999999977,0.3817,364325.44,573622.363
600030.SH,20170523,14.6027,14.9038,14.5651,14.8003,14.631,0.16929999999999978,1.1571,565193.51,886879.324
600030.SH,20170522,14.7815,14.8003,14.5745,14.631,14.7815,-0.1504999999999992,-1.0182,344287.64,536568.136
600030.SH,20170519,14.7439,14.8474,14.7439,14.7815,14.7533,0.028200000000000003,0.1911,251833.21,396274.888
600030.SH,20170518,14.8474,14.9226,14.7533,14.7533,14.9038,-0.15050000000000097,-1.0098,405489.58,638944.853
600030.SH,20170517,14.9038,15.092,14.885,14.9038,14.9038,0.0,0.0,459714.25,731628.964
600030.SH,20170516,14.8944,14.9415,14.7721,14.9038,14.8756,0.028200000000000003,0.1896,353468.66,558407.467
600030.SH,20170515,14.7439,15.0355,14.7439,14.8756,14.725,0.15060000000000073,1.0228,645519.79,1023995.011
600030.SH,20170512,14.5839,14.8097,14.5651,14.725,14.6027,0.12229999999999919,0.8375,473262.79,740996.671
600030.SH,20170511,14.5369,14.6874,14.3487,14.6027,14.5651,0.03760000000000119,0.2582,571573.88,880951.405
600030.SH,20170510,14.6874,14.725,14.5557,14.5651,14.678,-0.11290000000000155,-0.7692,312898.12,487129.719
600030.SH,20170509,14.7345,14.7815,14.6592,14.678,14.7345,-0.05649999999999977,-0.3835,270016.17,422103.974
600030.SH,20170508,14.6968,14.8756,14.5651,14.7345,14.8474,-0.11289999999999978,-0.7604,596889.74,933446.099
600030.SH,20170505,15.1108,15.139,14.6215,14.8474,15.1108,-0.26339999999999897,-1.7431,1389849.46,2188258.77
600030.SH,20170504,15.0638,15.2049,15.0638,15.1108,15.1014,0.009399999999999409,0.0622,347974.43,559891.863
600030.SH,20170503,15.1767,15.2237,15.045,15.1014,15.1579,-0.05649999999999977,-0.3727,355879.41,571208.732
600030.SH,20170502,15.2896,15.299,15.139,15.1579,15.2708,-0.11289999999999978,-0.7393,322068.05,520471.4
600030.SH,20170428,15.2708,15.3272,15.1955,15.2708,15.2708,0.0,0.0,378799.42,614555.791
600030.SH,20170427,15.2331,15.2896,15.1484,15.2708,15.2425,0.02829999999999977,0.1857,427925.44,692090.038
600030.SH,20170426,15.1767,15.3743,15.1014,15.2425,15.1673,0.0752000000000006,0.4958,531654.55,862191.848
600030.SH,20170425,15.2425,15.2896,15.1579,15.1673,15.3366,-0.16930000000000156,-1.1039,367911.15,595355.553
600030.SH,20170424,15.2425,15.3743,15.092,15.3366,15.2896,0.0470000000000006,0.3074,835361.93,1353693.184
600030.SH,20170421,15.1296,15.299,15.092,15.2896,15.1484,0.14119999999999955,0.9321,466518.47,754076.876
600030.SH,20170420,15.1108,15.1579,15.0073,15.1484,15.1014,0.0470000000000006,0.3112,384387.9,616781.704
600030.SH,20170419,15.0638,15.1108,14.9226,15.1014,15.0826,0.018800000000000594,0.1246,599296.05,956459.537
600030.SH,20170418,15.1767,15.2519,15.0732,15.0826,15.2237,-0.14109999999999978,-0.9268,343239.3,553041.249
600030.SH,20170417,15.1579,15.2708,15.0732,15.2237,15.2237,0.0,0.0,407870.09,657361.972
600030.SH,20170414,15.3178,15.346,15.139,15.2237,15.3272,-0.10350000000000037,-0.6753,592559.56,958928.351
600030.SH,20170413,15.3366,15.3837,15.2802,15.3272,15.4025,-0.07530000000000037,-0.4889,377207.83,614649.737
600030.SH,20170412,15.3366,15.5154,15.2802,15.4025,15.3084,0.09409999999999918,0.6147,947871.62,1552713.914
600030.SH,20170411,15.299,15.3272,15.1108,15.3084,15.2802,0.028200000000000003,0.1846,559001.84,903644.966
600030.SH,20170410,15.3084,15.4119,15.2614,15.2802,15.3178,-0.03759999999999941,-0.2455,463884.08,755752.577
600030.SH,20170407,15.2896,15.3554,15.2143,15.3178,15.2802,0.03759999999999941,0.2461,486258.06,790358.623
600030.SH,20170406,15.3272,15.3554,15.2614,15.2802,15.3272,-0.04699999999999882,-0.3066,450857.3,733385.304
600030.SH,20170405,15.1767,15.3649,15.1673,15.3272,15.1579,0.16929999999999978,1.1169,578095.22,938804.735
600030.SH,20170331,15.1202,15.1861,15.0544,15.1579,15.1202,0.03769999999999918,0.2493,386504.23,620769.682
600030.SH,20170330,15.1767,15.2331,15.045,15.1202,15.1861,-0.06589999999999918,-0.4339,705225.77,1132955.261
600030.SH,20170329,15.2708,15.2896,15.1673,15.1861,15.2331,-0.0470000000000006,-0.3085,365540.81,590997.166
600030.SH,20170328,15.3366,15.3649,15.2143,15.2331,15.299,-0.06589999999999918,-0.4307,309033.78,501754.394
600030.SH,20170327,15.299,15.4213,15.2708,15.299,15.3272,-0.028200000000000003,-0.184,422866.51,689104.968
600030.SH,20170324,15.1767,15.4025,15.1108,15.3272,15.1955,0.13170000000000037,0.8667,745466.41,1208092.45
600030.SH,20170323,15.1202,15.2425,15.1014,15.1955,15.1202,0.07529999999999859,0.498,455389.68,734449.985
600030.SH,20170322,15.1955,15.2425,15.0826,15.1202,15.2614,-0.14119999999999955,-0.9252,586827.99,945320.217
600030.SH,20170321,15.3366,15.3743,15.2237,15.2614,15.3366,-0.0752000000000006,-0.4903,506972.41,822822.616
600030.SH,20170320,15.3931,15.3931,15.2614,15.3366,15.346,-0.009399999999999409,-0.0613,470662.25,766333.889
600030.SH,20170317,15.6095,15.6565,15.3366,15.346,15.6001,-0.2540999999999993,-1.6288,626314.41,1029941.997
600030.SH,20170316,15.3931,15.6189,15.3837,15.6001,15.3366,0.26349999999999874,1.7181,961282.52,1588258.981
600030.SH,20170315,15.3931,15.4025,15.299,15.3366,15.4025,-0.06589999999999918,-0.4279,371118.07,605252.883
600030.SH,20170314,15.3743,15.4401,15.346,15.4025,15.3743,0.028200000000000003,0.1834,344605.68,563861.313
600030.SH,20170313,15.2802,15.3837,15.1673,15.3743,15.2802,0.09409999999999918,0.6158,472685.72,768771.036
600030.SH,20170310,15.346,15.3931,15.2708,15.2802,15.3649,-0.08469999999999978,-0.5513,249077.68,405594.91
600030.SH,20170309,15.3837,15.4119,15.2614,15.3649,15.4025,-0.03759999999999941,-0.2441,489456.46,797450.863
600030.SH,20170308,15.4684,15.4684,15.3649,15.4025,15.4778,-0.07530000000000037,-0.4865,332806.27,545008.656
600030.SH,20170307,15.4401,15.4966,15.3837,15.4778,15.4589,0.01890000000000036,0.1223,420307.58,689571.653
600030.SH,20170306,15.3743,15.4684,15.346,15.4589,15.4025,0.056400000000000006,0.3662,384293.48,630126.457
600030.SH,20170303,15.4589,15.4778,15.3272,15.4025,15.4872,-0.08469999999999978,-0.5469,566909.39,926687.949
600030.SH,20170302,15.6283,15.7789,15.4778,15.4872,15.5624,-0.0752000000000006,-0.4832,636448.25,1057107.304
600030.SH,20170301,15.5719,15.6754,15.5436,15.5624,15.5719,-0.009499999999999176,-0.061,403242.54,668369.712
600030.SH,20170228,15.5436,15.6189,15.5154,15.5719,15.5624,0.009499999999999176,0.061,333247.03,551095.544
600030.SH,20170227,15.6659,15.7318,15.5248,15.5624,15.7224,-0.16000000000000014,-1.0177,604971.17,1003574.885
600030.SH,20170224,15.6848,15.7412,15.6095,15.7224,15.6754,0.0470000000000006,0.2998,514810.22,857433.303
600030.SH,20170223,15.8071,15.8165,15.6377,15.6754,15.8071,-0.13170000000000037,-0.8332,540824.4,902652.556
600030.SH,20170222,15.8823,15.9294,15.7224,15.8071,15.9106,-0.10350000000000037,-0.6505,617253.49,1036997.637
600030.SH,20170221,15.8823,16.0893,15.8353,15.9106,15.8823,0.02829999999999977,0.1782,895354.28,1519152.033
600030.SH,20170220,15.6848,15.92,15.6001,15.8823,15.6848,0.19750000000000156,1.2592,942619.32,1575748.483
600030.SH,20170217,15.7789,16.0705,15.6377,15.6848,15.7318,-0.0470000000000006,-0.2988,1210731.21,2043050.931
600030.SH,20170216,15.5813,15.7506,15.5342,15.7318,15.5813,0.1504999999999992,0.9659,668389.49,1112893.759
600030.SH,20170215,15.6471,15.7789,15.553,15.5813,15.6565,-0.07519999999999882,-0.4803,601403.53,1001180.443
600030.SH,20170214,15.76,15.8165,15.5907,15.6565,15.7036,-0.047100000000000364,-0.2999,605299.46,1009170.379
600030.SH,20170213,15.7036,15.8353,15.6659,15.7036,15.6848,0.018800000000000594,0.1199,749567.9,1255339.232
600030.SH,20170210,15.5342,15.7694,15.5342,15.6848,15.5342,0.15059999999999896,0.9695,802784.42,1335785.771
600030.SH,20170209,15.4966,15.6754,15.4778,15.5342,15.5436,-0.009399999999999409,-0.0605,647666.63,1071782.097
600030.SH,20170208,15.3272,15.6189,15.2331,15.5436,15.3366,0.20699999999999896,1.3497,800078.11,1312889.874
600030.SH,20170207,15.3649,15.3931,15.2802,15.3366,15.3743,-0.03769999999999918,-0.2452,317909.36,517756.867
600030.SH,20170206,15.4401,15.4589,15.299,15.3743,15.4025,-0.028200000000000003,-0.1831,447958.27,731107.098
600030.SH,20170203,15.5719,15.5719,15.3931,15.4025,15.506,-0.10350000000000037,-0.6675,272822.98,448302.077
600030.SH,20170126,15.4589,15.5813,15.4589,15.506,15.4213,0.08469999999999978,0.5492,468233.71,772904.792
600030.SH,20170125,15.4119,15.4213,15.3554,15.4213,15.4119,0.009400000000001185,0.061,322191.53,527012.732
600030.SH,20170124,15.4872,15.4872,15.3837,15.4119,15.4684,-0.05650000000000155,-0.3653,402380.33,659456.246
600030.SH,20170123,15.4307,15.6095,15.4307,15.4684,15.4401,0.028300000000001546,0.1833,474987.45,783002.801
600030.SH,20170120,15.3178,15.4589,15.2896,15.4401,15.3084,0.1316999999999986,0.8603,631596.72,1034923.913
600030.SH,20170119,15.2708,15.4213,15.2708,15.3084,15.3084,0.0,0.0,398387.94,650136.876
600030.SH,20170118,15.2519,15.4589,15.2237,15.3084,15.299,0.009400000000001185,0.0614,480467.08,783819.438
600030.SH,20170117,15.299,15.3554,15.1673,15.299,15.3931,-0.09410000000000096,-0.6113,455598.32,739153.893
600030.SH,20170116,15.2237,15.4589,15.0732,15.3931,15.2519,0.14120000000000132,0.9258,1720906.79,2795618.925
600030.SH,20170113,15.1861,15.3837,15.0732,15.2519,15.1955,0.056400000000000006,0.3712,825208.18,1337353.957
600030.SH,20170112,15.1579,15.3178,15.139,15.1955,15.1484,0.04709999999999859,0.3109,559594.82,906327.637
600030.SH,20170111,15.1861,15.2802,15.1484,15.1484,15.1579,-0.009499999999999176,-0.0627,398776.1,644507.927
600030.SH,20170110,15.0826,15.2519,15.0732,15.1579,15.1202,0.03769999999999918,0.2493,454018.66,732620.888
600030.SH,20170109,15.0638,15.1673,15.0261,15.1202,15.0638,0.056400000000000006,0.3744,398407.35,639524.645
600030.SH,20170106,15.2143,15.2143,15.045,15.0638,15.1955,-0.1316999999999986,-0.8667,516640.11,829398.33
600030.SH,20170105,15.2802,15.299,15.1673,15.1955,15.2614,-0.06590000000000096,-0.4318,478622.89,774027.87
600030.SH,20170104,15.2237,15.3084,15.1767,15.2614,15.2331,0.02829999999999977,0.1858,516717.72,837514.08
600030.SH,20170103,15.1296,15.2708,15.092,15.2331,15.1108,0.12230000000000096,0.8094,623069.48,1007139.764
600030.SH,20161230,14.9791,15.139,14.9791,15.1108,14.9791,0.1316999999999986,0.8792,451734.07,723683.488
600030.SH,20161229,15.045,15.1014,14.9697,14.9791,15.0732,-0.09409999999999918,-0.6243,364415.35,581726.864
600030.SH,20161228,15.0544,15.1296,14.9979,15.0732,15.0732,0.0,0.0,347627.46,556542.22
600030.SH,20161227,15.1108,15.2049,15.0638,15.0732,15.139,-0.06579999999999941,-0.4346,284095.56,456987.689
600030.SH,20161226,14.9697,15.1767,14.8474,15.139,15.045,0.09399999999999942,0.6248,565052.5,903573.946
600030.SH,20161223,15.1955,15.1955,14.9885,15.045,15.2049,-0.15990000000000038,-1.0516,514373.59,823408.42
600030.SH,20161222,15.2049,15.2237,15.1108,15.2049,15.2143,-0.009399999999999409,-0.0618,461831.14,744656.364
600030.SH,20161221,15.1108,15.2708,15.1108,15.2143,15.1014,0.11289999999999978,0.7476,711907.64,1149758.578
600030.SH,20161220,15.139,15.1579,14.9603,15.1014,15.139,-0.03759999999999941,-0.2484,618335.28,989611.478
600030.SH,20161219,15.0544,15.1861,15.0261,15.139,15.1484,-0.009400000000001185,-0.0621,561104.3,900993.963
600030.SH,20161216,15.1484,15.2049,15.0732,15.1484,15.1673,-0.018899999999998585,-0.1246,695774.54,1119926.222
600030.SH,20161215,15.2425,15.4025,15.0544,15.1673,15.2802,-0.11290000000000155,-0.7389,993858.94,1605259.96
600030.SH,20161214,15.4307,15.4684,15.2614,15.2802,15.4307,-0.1504999999999992,-0.9753,620958.76,1013786.62
600030.SH,20161213,15.3837,15.5154,15.3366,15.4307,15.4778,-0.047100000000000364,-0.3043,710061.29,1164368.586
600030.SH,20161212,15.7506,15.8071,15.3366,15.4778,15.7883,-0.31049999999999933,-1.9666,1686491.9,2777149.16
600030.SH,20161209,15.6942,15.9012,15.6754,15.7883,15.713,0.07530000000000037,0.4792,896011.77,1505026.851
600030.SH,20161208,15.9106,15.9294,15.7036,15.713,15.8918,-0.17880000000000074,-1.1251,746223.46,1253656.578
600030.SH,20161207,15.8259,15.9106,15.7412,15.8918,15.7883,0.10350000000000037,0.6555,724254.63,1218500.961
600030.SH,20161206,15.8541,15.9576,15.7506,15.7883,15.8541,-0.06580000000000119,-0.415,1019634.53,1716880.932
600030.SH,20161205,16.0893,16.174,15.713,15.8541,16.334,-0.4798999999999989,-2.938,2210772.54,3739170.163
600030.SH,20161202,16.7668,16.7856,16.2963,16.334,16.7762,-0.4421999999999997,-2.6359,2223701.02,3895903.989
600030.SH,20161201,16.6445,16.8703,16.5598,16.7762,16.7009,0.07529999999999859,0.4509,1714147.66,3040506.158
600030.SH,20161130,16.8327,17.209,16.6068,16.7009,16.8985,-0.19759999999999778,-1.1693,2568354.6,4615208.859
600030.SH,20161129,16.4939,17.1243,16.3716,16.8985,16.5692,0.3292999999999999,1.9874,2758589.33,4907917.58
600030.SH,20161128,16.7103,16.795,16.5033,16.5692,16.6257,-0.05649999999999977,-0.3398,1516200.54,2677339.07
600030.SH,20161125,16.5974,16.6539,16.2963,16.6257,16.5598,0.06589999999999918,0.398,1322646.16,2315200.456
600030.SH,20161124,16.4469,16.7574,16.3998,16.5598,16.4469,0.11289999999999978,0.6865,1450540.51,2554420.884
600030.SH,20161123,16.6162,16.7574,16.4187,16.4469,16.5974,-0.15050000000000097,-0.9068,1600555.14,2820873.398
600030.SH,20161122,16.3998,16.6162,16.3528,16.5974,16.3622,0.23519999999999897,1.4375,1678082.92,2943142.933
600030.SH,20161121,16.1552,16.5692,16.1176,16.3622,16.1928,0.1694000000000031,1.0461,1448556.2,2523821.738
600030.SH,20161118,16.3716,16.3998,16.1646,16.1928,16.4187,-0.22590000000000288,-1.3759,923931.88,1598495.005
600030.SH,20161117,16.3998,16.4469,16.2305,16.4187,16.4281,-0.009399999999999409,-0.0572,984940.53,1710873.275
600030.SH,20161116,16.5222,16.541,16.334,16.4281,16.4187,0.009399999999999409,0.0573,1250382.66,2182618.378
600030.SH,20161115,16.5974,16.6821,16.3622,16.4187,16.6068,-0.1880999999999986,-1.1327,1459241.13,2553636.713
600030.SH,20161114,16.3716,16.9173,16.3434,16.6068,16.5128,0.0940000000000012,0.5693,3108645.72,5506196.991
600030.SH,20161111,16.0705,16.6351,15.9388,16.5128,16.0047,0.5080999999999989,3.1747,3304596.67,5739812.39
600030.SH,20161110,15.8635,16.1834,15.8447,16.0047,15.6754,0.3292999999999999,2.1007,1724191.99,2933781.872
600030.SH,20161109,15.9482,15.967,15.5248,15.6754,15.9388,-0.26340000000000074,-1.6526,1342071.61,2243407.292
600030.SH,20161108,16.127,16.1646,15.8823,15.9388,15.9294,0.009400000000001185,0.059,926532.73,1573774.131
600030.SH,20161107,15.8635,16.0329,15.8447,15.9294,15.8447,0.08469999999999978,0.5346,824711.02,1396326.957
600030.SH,20161104,15.8165,16.0988,15.7789,15.8447,15.8635,-0.018800000000000594,-0.1185,1057833.48,1787032.428
600030.SH,20161103,15.6283,16.1834,15.5907,15.8635,15.6471,0.21640000000000015,1.383,2126003.5,3606349.303
600030.SH,20161102,15.76,15.8918,15.6377,15.6471,15.8165,-0.16939999999999955,-1.071,744140.49,1246488.802
600030.SH,20161101,15.6471,15.9012,15.6001,15.8165,15.6283,0.18820000000000014,1.2042,671897.11,1125480.999
600030.SH,20161031,15.713,15.7506,15.4966,15.6283,15.8165,-0.18820000000000014,-1.1899,624325.97,1037504.172
600030.SH,20161028,15.8729,16.2305,15.7883,15.8165,15.7694,0.047100000000000364,0.2987,1423799.56,2422948.489
600030.SH,20161027,15.8165,15.8541,15.6754,15.7694,15.8165,-0.047100000000000364,-0.2978,485255.3,811957.533
600030.SH,20161026,15.8353,15.9953,15.7694,15.8165,15.8635,-0.0470000000000006,-0.2963,668886.41,1127504.002
600030.SH,20161025,15.9106,15.9858,15.7694,15.8635,15.9576,-0.09409999999999918,-0.5897,785863.11,1323263.08
600030.SH,20161024,15.6565,16.2587,15.6189,15.9576,15.6471,0.31049999999999933,1.9844,1972407.49,3354235.147
600030.SH,20161021,15.4966,15.8635,15.4872,15.6471,15.5154,0.13170000000000037,0.8488,836976.31,1392316.939
600030.SH,20161020,15.5624,15.6001,15.4872,15.5154,15.5436,-0.028200000000000003,-0.1814,340828.15,562645.483
600030.SH,20161019,15.6189,15.7036,15.4966,15.5436,15.6471,-0.10350000000000037,-0.6615,496696.43,822858.934
600030.SH,20161018,15.2802,15.6848,15.2519,15.6471,15.2614,0.38569999999999993,2.5273,929797.64,1532830.002
600030.SH,20161017,15.4872,15.506,15.2425,15.2614,15.4872,-0.22579999999999956,-1.458,466753.51,762930.027
600030.SH,20161014,15.4307,15.506,15.346,15.4872,15.4213,0.06589999999999918,0.4273,430726.21,706858.95
600030.SH,20161013,15.4401,15.506,15.3837,15.4213,15.4589,-0.03759999999999941,-0.2432,386022.76,633451.23
600030.SH,20161012,15.506,15.5342,15.4119,15.4589,15.5436,-0.08469999999999978,-0.5449,337591.24,554726.055
600030.SH,20161011,15.4401,15.6001,15.3837,15.5436,15.4401,0.10350000000000037,0.6703,781540.11,1285859.995
600030.SH,20161010,15.3272,15.4778,15.2425,15.4401,15.1673,0.27280000000000015,1.7986,717306.56,1171015.587
600030.SH,20160930,15.1579,15.2143,15.1296,15.1673,15.1955,-0.028200000000000003,-0.1856,568221.76,915742.212
600030.SH,20160929,15.1767,15.3743,15.139,15.1955,15.1108,0.08469999999999978,0.5605,674922.9,1094469.651
600030.SH,20160928,15.1767,15.1767,15.0732,15.1108,15.1767,-0.06590000000000096,-0.4342,290221.84,466495.516
600030.SH,20160927,14.9603,15.1955,14.9226,15.1767,14.9791,0.19759999999999955,1.3192,465564.46,745644.154
600030.SH,20160926,15.1861,15.1861,14.9603,14.9791,15.1955,-0.21639999999999837,-1.4241,578112.84,927254.938
600030.SH,20160923,15.346,15.3743,15.1861,15.1955,15.3272,-0.13170000000000037,-0.8593,386439.55,626874.447
600030.SH,20160922,15.3931,15.4495,15.3084,15.3272,15.2614,0.06579999999999941,0.4312,588694.91,961732.64
600030.SH,20160921,15.2614,15.3366,15.1861,15.2614,15.2425,0.01890000000000036,0.124,588145.17,954393.064
600030.SH,20160920,15.2708,15.2802,15.1484,15.2425,15.2708,-0.02829999999999977,-0.1853,401155.63,647811.069
600030.SH,20160919,15.2425,15.3178,15.2143,15.2708,15.2331,0.03769999999999918,0.2475,441389.5,716322.754
600030.SH,20160914,15.2896,15.3366,15.1579,15.2331,15.3649,-0.13180000000000014,-0.8578,635913.46,1030858.626
600030.SH,20160913,15.4307,15.4684,15.2331,15.3649,15.4872,-0.12229999999999919,-0.7897,588219.32,958839.422
600030.SH,20160912,15.4213,15.5154,15.2143,15.4872,15.7318,-0.24460000000000015,-1.5548,1366763.59,2229795.793
600030.SH,20160909,15.7318,15.8635,15.713,15.7318,15.7412,-0.009399999999999409,-0.0597,677130.39,1136955.396
600030.SH,20160908,15.7789,15.7789,15.6942,15.7412,15.8071,-0.06590000000000096,-0.4169,375093.24,627001.178
600030.SH,20160907,15.8165,15.8823,15.76,15.8071,15.8447,-0.03759999999999941,-0.2373,564630.71,949324.486
600030.SH,20160906,15.7883,15.8823,15.6001,15.8447,15.8165,0.028200000000000003,0.1783,699614.19,1169401.309
600030.SH,20160905,15.8447,15.9764,15.7694,15.8165,15.8071,0.009399999999999409,0.0595,569093.87,959747.604
600030.SH,20160902,15.6754,15.9388,15.6283,15.8071,15.6848,0.12230000000000096,0.7797,757490.3,1270149.069
600030.SH,20160901,15.8635,15.8918,15.6659,15.6848,15.9012,-0.21640000000000015,-1.3609,633314.55,1060332.047
600030.SH,20160831,15.8071,15.9858,15.7506,15.9012,15.8353,0.06589999999999918,0.4162,612778.72,1033007.084
600030.SH,20160830,15.7506,15.9106,15.7036,15.8353,15.7224,0.11289999999999978,0.7181,794530.74,1334307.972
600030.SH,20160829,15.76,15.7694,15.6377,15.7224,15.7412,-0.018799999999998818,-0.1194,466832.27,779201.325
600030.SH,20160826,15.7694,15.8635,15.713,15.7412,15.8071,-0.06590000000000096,-0.4169,574742.16,964774.976
600030.SH,20160825,15.7224,15.8447,15.6001,15.8071,15.7224,0.08469999999999978,0.5387,781529.94,1306701.081
600030.SH,20160824,15.8165,15.8729,15.6942,15.7224,15.8165,-0.09409999999999918,-0.5949,559313.03,936638.599
600030.SH,20160823,15.7883,15.9482,15.713,15.8165,15.7789,0.03759999999999941,0.2383,675725.79,1136819.313
600030.SH,20160822,15.8918,16.0423,15.7412,15.7789,15.9388,-0.15990000000000038,-1.0032,756986.39,1275344.618
600030.SH,20160819,15.9953,16.0235,15.7694,15.9388,15.967,-0.028200000000000003,-0.1766,886628.93,1496806.292
600030.SH,20160818,16.0389,16.2126,15.8105,15.9658,16.0938,-0.1280000000000019,-0.7953,1334417.08,2336697.373
600030.SH,20160817,16.176,16.3954,15.9476,16.0938,16.1486,-0.05479999999999663,-0.3393,1487526.29,2627197.024
600030.SH,20160816,16.3588,16.5233,16.0572,16.1486,16.4593,-0.31070000000000064,-1.8877,2508890.48,4462137.413
600030.SH,20160815,15.7099,17.1082,15.6094,16.4593,15.6734,0.785899999999998,5.0142,4202280.99,7507199.898
600030.SH,20160812,15.1159,15.6917,15.0885,15.6734,15.1068,0.5666000000000011,3.7506,2191406.99,3704624.794
600030.SH,20160811,14.9331,15.3261,14.9057,15.1068,14.9331,0.1737000000000002,1.1632,1150793.99,1907810.799
600030.SH,20160810,14.988,15.0519,14.9148,14.9331,15.0154,-0.08230000000000004,-0.5481,461476.34,756034.108
600030.SH,20160809,14.924,15.0428,14.8874,15.0154,14.9331,0.08230000000000004,0.5511,408338.49,668854.115
600030.SH,20160808,14.8417,14.9423,14.7138,14.9331,14.8417,0.09140000000000015,0.6158,377944.41,613977.533
600030.SH,20160805,14.796,14.988,14.7321,14.8417,14.8143,0.02740000000000009,0.185,421529.26,685149.6
600030.SH,20160804,14.7595,14.8509,14.6498,14.8143,14.7595,0.05480000000000018,0.3713,387291.74,625192.664
600030.SH,20160803,14.7595,14.8235,14.7229,14.7595,14.8143,-0.05480000000000018,-0.3699,301731.87,487484.573
600030.SH,20160802,14.7595,14.8326,14.7138,14.8143,14.7595,0.05480000000000018,0.3713,253758.93,410501.192
600030.SH,20160801,14.86,14.8783,14.6224,14.7595,14.8235,-0.06400000000000006,-0.4317,439426.6,708452.484
600030.SH,20160729,14.924,14.9788,14.796,14.8235,14.9057,-0.08220000000000027,-0.5515,416730.38,678560.794
600030.SH,20160728,15.0702,15.0794,14.7869,14.9057,15.2164,-0.31070000000000064,-2.0419,785885.93,1284512.687
600030.SH,20160727,15.3718,15.3992,14.7229,15.2164,15.3718,-0.1554000000000002,-1.0109,1492432.32,2452716.724
600030.SH,20160726,15.125,15.3992,15.1068,15.3718,15.1433,0.22850000000000037,1.5089,641536.84,1073538.565
600030.SH,20160725,15.1799,15.2804,15.0702,15.1433,15.189,-0.045700000000000074,-0.3009,551612.3,915465.468
600030.SH,20160722,15.2621,15.317,15.1616,15.189,15.2621,-0.07310000000000016,-0.479,553756.68,923395.208
600030.SH,20160721,15.1433,15.4175,15.1342,15.2621,15.1342,0.12790000000000035,0.8451,718824.87,1203585.328
600030.SH,20160720,15.1707,15.2347,15.1159,15.1342,15.1707,-0.0365000000000002,-0.2406,356851.83,592891.956
600030.SH,20160719,15.1159,15.2073,14.9971,15.1707,15.0976,0.07310000000000016,0.4842,539127.2,892210.338
600030.SH,20160718,15.2621,15.2621,15.0428,15.0976,15.3718,-0.27420000000000044,-1.7838,784746.09,1299515.323
600030.SH,20160715,15.5546,15.582,15.2804,15.3718,15.4997,-0.12790000000000035,-0.8252,724156.14,1220240.897
600030.SH,20160714,15.4449,15.5729,15.4084,15.4997,15.4815,0.018200000000000216,0.1176,717484.88,1215166.87
600030.SH,20160713,15.5637,15.8105,15.3718,15.4815,15.4723,0.009199999999999875,0.0595,1870287.09,3191111.591
600030.SH,20160712,15.1159,15.4906,15.0702,15.4723,15.125,0.3473000000000006,2.2962,1971564.99,3300007.805
600030.SH,20160711,15.1982,15.3992,15.1068,15.125,15.1616,-0.036599999999999966,-0.2414,1248223.09,2087217.604
600030.SH,20160708,15.1525,15.3352,15.1159,15.1616,15.1707,-0.009100000000000108,-0.06,812041.09,1350300.936
600030.SH,20160707,15.1342,15.2804,14.9697,15.1707,15.125,0.045700000000000074,0.3021,887793.59,1471507.244
600030.SH,20160706,15.125,15.2164,14.9331,15.125,15.1525,-0.027499999999999858,-0.1815,707461.21,1166813.902
600030.SH,20160705,15.125,15.2895,15.0794,15.1525,15.1707,-0.018200000000000216,-0.12,817223.3,1355710.715
600030.SH,20160704,14.6498,15.4266,14.6315,15.1707,14.7412,0.4295000000000009,2.9136,1460344.26,2412525.774
600030.SH,20160701,14.8966,14.9514,14.7229,14.7412,14.8326,-0.09140000000000015,-0.6162,682753.83,1107731.716
600030.SH,20160630,14.8692,14.988,14.7778,14.8326,14.7686,0.06400000000000006,0.4334,969783.76,1579929.333
600030.SH,20160629,14.86,14.9605,14.7138,14.7686,14.796,-0.02740000000000009,-0.1852,990906.07,1606919.79
600030.SH,20160628,14.4396,14.9423,14.4213,14.796,14.5676,0.22839999999999883,1.5679,1048526.15,1684908.135
600030.SH,20160627,14.3117,14.5858,14.266,14.5676,14.3391,0.22850000000000037,1.5935,658669.47,1043122.669
600030.SH,20160624,14.5401,14.7595,14.0832,14.3391,14.5858,-0.24670000000000059,-1.6914,900768.62,1422752.896
600030.SH,20160623,14.7047,14.7047,14.3756,14.5858,14.6772,-0.09139999999999837,-0.6227,574271.88,914596.713
600030.SH,20160622,14.3939,14.7321,14.3482,14.6772,14.4762,0.20099999999999874,1.3885,673901.19,1075771.707
600030.SH,20160621,14.3939,15.0794,14.3939,14.4762,14.3117,0.1645000000000003,1.1494,1174038.63,1887742.804
600030.SH,20160620,14.3574,14.3939,14.1655,14.3117,14.3208,-0.009100000000000108,-0.0635,467089.45,730260.464
600030.SH,20160617,14.3208,14.6224,14.2751,14.3208,14.2934,0.02740000000000009,0.1917,706809.44,1115936.701
600030.SH,20160616,14.4396,14.4945,14.2203,14.2934,14.5493,-0.25590000000000046,-1.7588,626376.94,982640.965
600030.SH,20160615,14.0741,14.7503,14.0466,14.5493,14.3482,0.20110000000000028,1.4016,832329.85,1317170.52
600030.SH,20160614,14.2386,14.4305,14.1472,14.3482,14.266,0.08220000000000027,0.5762,542214.15,847627.634
600030.SH,20160613,14.8052,14.8509,14.2111,14.266,14.9788,-0.7127999999999997,-4.7587,931678.51,1487800.313
600030.SH,20160608,15.0611,15.1068,14.9057,14.9788,15.0702,-0.09140000000000015,-0.6065,548049.14,899801.232
600030.SH,20160607,15.0885,15.2073,15.0154,15.0702,15.0428,0.02740000000000009,0.1821,594367.62,981719.688
600030.SH,20160606,15.2164,15.2621,15.0062,15.0428,15.189,-0.14620000000000033,-0.9625,551761.73,911940.85
600030.SH,20160603,15.2073,15.4266,15.0611,15.189,15.1707,0.018299999999999983,0.1206,1154137.75,1920684.598
600030.SH,20160602,15.1433,15.2713,15.0062,15.1707,15.1433,0.02740000000000009,0.1809,771421.14,1278390.667
600030.SH,20160601,15.3444,15.4815,15.1342,15.1433,15.3444,-0.20110000000000028,-1.3106,1166959.22,1949829.976
600030.SH,20160531,14.33,15.3809,14.33,15.3444,14.3208,1.0236,7.1476,2194125.92,3639685.734
600030.SH,20160530,14.1198,14.3574,13.9827,14.3208,14.1837,0.13710000000000022,0.9666,575433.44,896062.291
600030.SH,20160527,14.2294,14.3025,14.0923,14.1837,14.2294,-0.045700000000000074,-0.3212,375256.64,582950.168
600030.SH,20160526,14.202,14.3117,14.0192,14.2294,14.2111,0.018299999999999983,0.1288,502160.37,776271.918
600030.SH,20160525,14.3025,14.4579,14.202,14.2111,14.1837,0.02740000000000009,0.1932,466523.88,730763.902
600030.SH,20160524,14.3391,14.3482,14.1746,14.1837,14.3756,-0.1919000000000004,-1.3349,369453.19,575195.215
600030.SH,20160523,14.3391,14.5584,14.2568,14.3756,14.3391,0.0365000000000002,0.2545,793433.11,1250793.126
600030.SH,20160520,14.1015,14.3665,14.0284,14.3391,14.1929,0.14620000000000033,1.0301,634519.86,988923.258
600030.SH,20160519,14.1655,14.33,14.1289,14.1929,14.2477,-0.05480000000000018,-0.3846,502141.03,780700.096
600030.SH,20160518,14.1015,14.3025,13.9461,14.2477,14.2294,0.018299999999999983,0.1286,836031.27,1294061.094
600030.SH,20160517,14.2386,14.3939,14.0375,14.2294,14.2294,0.0,0.0,593108.78,921435.89
600030.SH,20160516,13.9918,14.2568,13.9096,14.2294,14.0832,0.14620000000000033,1.0381,460201.74,710148.38
600030.SH,20160513,14.2111,14.3482,14.0192,14.0832,14.2568,-0.17360000000000042,-1.2177,477475.42,740491.683
600030.SH,20160512,14.1198,14.3208,13.8547,14.2568,14.2294,0.02740000000000009,0.1926,638506.04,985512.908
600030.SH,20160511,14.3117,14.3665,14.1746,14.2294,14.2568,-0.02740000000000009,-0.1922,606057.83,946565.22
600030.SH,20160510,14.2294,14.3939,14.1563,14.2568,14.3025,-0.045700000000000074,-0.3195,607391.26,948899.502
600030.SH,20160509,14.6224,14.6224,14.1563,14.3025,14.7138,-0.41130000000000067,-2.7953,971442.8,1523663.443
600030.SH,20160506,15.2804,15.3352,14.6955,14.7138,15.2895,-0.5756999999999994,-3.7653,1321706.68,2160592.237
600030.SH,20160505,15.2347,15.317,15.1433,15.2895,15.2713,0.018200000000000216,0.1192,614295.66,1025316.875
600030.SH,20160504,15.2804,15.3992,15.1982,15.2713,15.3718,-0.10050000000000026,-0.6538,706520.14,1182867.9
600030.SH,20160503,14.9514,15.518,14.9423,15.3718,15.0245,0.3473000000000006,2.3116,1208200.96,2023766.871
600030.SH,20160429,15.0154,15.1707,14.9788,15.0245,15.0885,-0.06400000000000006,-0.4242,651027.94,1073309.672
600030.SH,20160428,15.2164,15.317,14.8966,15.0885,15.1799,-0.09140000000000015,-0.6021,927929.81,1531447.628
600030.SH,20160427,15.3078,15.4266,15.125,15.1799,15.4175,-0.23760000000000048,-1.5411,692887.34,1160107.984
600030.SH,20160426,15.2895,15.518,15.1525,15.4175,15.317,0.10050000000000026,0.6561,913681.3,1532373.0
600030.SH,20160425,15.582,15.5911,15.2256,15.317,15.5729,-0.25590000000000046,-1.6432,633219.48,1062890.07
600030.SH,20160422,15.3535,15.5911,15.2895,15.5729,15.4358,0.13710000000000022,0.8882,663815.5,1123792.872
600030.SH,20160421,15.4632,15.7465,15.4084,15.4358,15.7374,-0.30159999999999876,-1.9165,883637.89,1502706.2
600030.SH,20160420,15.8927,15.975,14.8966,15.7374,15.9384,-0.2010000000000005,-1.2611,2034110.44,3450852.353
600030.SH,20160419,16.0024,16.0755,15.7465,15.9384,15.8653,0.07310000000000016,0.4608,830277.05,1443187.921
600030.SH,20160418,16.1303,16.2034,15.8105,15.8653,16.3588,-0.49349999999999916,-3.0167,1220180.47,2127496.83
600030.SH,20160415,16.3771,16.4593,16.1303,16.3588,16.4502,-0.09140000000000015,-0.5556,1013829.07,1805152.996
600030.SH,20160414,16.3954,16.5233,16.24,16.4502,16.3131,0.13710000000000022,0.8404,1282329.11,2298021.608
600030.SH,20160413,16.1303,16.7061,16.1303,16.3131,15.847,0.46609999999999907,2.9413,2557467.79,4612400.507
600030.SH,20160412,15.8105,15.9841,15.7191,15.847,15.8927,-0.045700000000000074,-0.2876,836353.14,1446172.055
600030.SH,20160411,16.176,16.3588,15.8744,15.8927,15.4815,0.4111999999999991,2.6561,1947342.33,3429997.518
600030.SH,20160408,15.6003,15.6734,15.3535,15.4815,15.8379,-0.35639999999999894,-2.2503,1239750.2,2106879.308
600030.SH,20160407,16.3588,16.4136,15.8105,15.8379,16.2674,-0.4294999999999991,-2.6402,1303457.9,2283740.135
600030.SH,20160406,16.2491,16.4776,16.0846,16.2674,16.3862,-0.11880000000000024,-0.725,980469.61,1747928.413
600030.SH,20160405,16.0664,16.7061,16.0024,16.3862,16.176,0.2102000000000004,1.2995,1647726.18,2947731.629
600030.SH,20160401,16.176,16.3405,15.7739,16.176,16.2674,-0.09140000000000015,-0.5619,1262044.67,2222651.405
600030.SH,20160331,16.2583,16.6421,16.0846,16.2674,16.1578,0.10959999999999681,0.6783,1864683.09,3330753.168
600030.SH,20160330,15.8562,16.2948,15.8562,16.1578,15.6551,0.5027000000000026,3.2111,1946698.42,3433495.966
600030.SH,20160329,15.6094,15.8562,15.4449,15.6551,15.6003,0.054799999999998406,0.3513,1522830.97,2608250.916
600030.SH,20160328,15.9658,16.1669,15.5911,15.6003,15.9841,-0.38379999999999903,-2.4011,1351950.78,2348819.22
600030.SH,20160325,15.911,16.1395,15.7282,15.9841,15.911,0.07310000000000016,0.4594,1707821.31,2976681.706
600030.SH,20160324,16.4502,16.4502,15.8927,15.911,16.7701,-0.8590999999999998,-5.1228,2251809.43,3998800.13
600030.SH,20160323,16.3588,16.8889,16.1943,16.7701,16.4411,0.3290000000000006,2.0011,2536332.18,4584082.854
600030.SH,20160322,16.5873,16.9072,16.2491,16.4411,17.0442,-0.6031000000000013,-3.5384,3734032.68,6774289.211
600030.SH,20160321,15.9933,17.0442,15.911,17.0442,15.4906,1.5535999999999994,10.0293,6772506.93,12475892.987
600030.SH,20160318,15.2621,15.8744,15.189,15.4906,15.189,0.30160000000000053,1.9856,2822383.42,4799301.748
600030.SH,20160317,14.7869,15.4175,14.7047,15.189,14.7047,0.4842999999999993,3.2935,1941076.92,3202337.552
600030.SH,20160316,14.5767,14.86,14.5767,14.7047,14.6315,0.07319999999999993,0.5003,1925793.92,3106941.002
600030.SH,20160315,14.6681,14.7595,14.4488,14.6315,14.7778,-0.14629999999999832,-0.99,1143305.64,1825608.563
600030.SH,20160314,14.6224,15.2164,14.5401,14.7778,14.5767,0.2010999999999985,1.3796,2371347.14,3867532.977
600030.SH,20160311,13.9827,14.7686,13.9644,14.5767,14.1929,0.3838000000000008,2.7042,1868191.87,2961936.024
600030.SH,20160310,14.5036,14.6133,14.1655,14.1929,14.6224,-0.4295000000000009,-2.9373,892820.39,1408964.975
600030.SH,20160309,14.4396,14.659,14.3117,14.6224,14.7686,-0.14619999999999855,-0.9899,1567418.19,2484300.564
600030.SH,20160308,14.6041,14.7869,14.0741,14.7686,14.6041,0.16449999999999854,1.1264,1892085.94,2990745.829
600030.SH,20160307,14.7869,14.9148,14.531,14.6041,14.6224,-0.018299999999999983,-0.1252,1749144.5,2815094.223
600030.SH,20160304,14.4213,14.7686,14.2203,14.6224,14.5493,0.07310000000000016,0.5024,3194060.46,5072368.528
600030.SH,20160303,14.531,14.7138,14.33,14.5493,14.7321,-0.1828000000000003,-1.2408,2518420.34,3996301.046
600030.SH,20160302,14.0558,14.8509,13.9644,14.7321,14.0101,0.7220000000000013,5.1534,3474339.84,5491185.624
600030.SH,20160301,13.1602,14.3574,13.0688,14.0101,13.0505,0.9596,7.353,2711486.11,4078835.568
600030.SH,20160229,13.0596,13.1145,12.429,13.0505,13.151,-0.10050000000000026,-0.7642,2261670.01,3159150.871
600030.SH,20160226,13.087,13.3338,12.8312,13.151,12.9408,0.2102000000000004,1.6243,1298793.75,1866882.399
600030.SH,20160225,14.0649,14.0741,12.7946,12.9408,14.0923,-1.1515000000000004,-8.1711,1793212.2,2627516.534
600030.SH,20160224,13.8821,14.1289,13.6445,14.0923,13.9278,0.1645000000000003,1.1811,1038401.29,1576653.676
600030.SH,20160223,14.2203,14.2203,13.7542,13.9278,14.2386,-0.3108000000000004,-2.1828,1052736.47,1606782.053
600030.SH,20160222,14.0741,14.4945,13.809,14.2386,13.7999,0.43870000000000076,3.179,1605464.74,2484874.383
600030.SH,20160219,13.5988,13.9004,13.5714,13.7999,13.6628,0.13709999999999845,1.0035,886334.19,1332252.008
600030.SH,20160218,13.8547,14.1837,13.6354,13.6628,13.7176,-0.054799999999998406,-0.3995,1552803.78,2364322.278
600030.SH,20160217,13.4343,13.7633,13.3978,13.7176,13.5531,0.16449999999999854,1.2137,1339902.35,1993268.024
600030.SH,20160216,12.9408,13.6628,12.9408,13.5531,12.7763,0.7767999999999997,6.08,1664293.78,2437181.662
600030.SH,20160215,12.6027,12.8677,12.5296,12.7763,12.9591,-0.18279999999999852,-1.4106,773991.75,1074729.558
600030.SH,20160205,13.0779,13.2516,12.9225,12.9591,13.3704,-0.41130000000000067,-3.0762,1168070.87,1667396.613
600030.SH,20160204,13.3429,13.5988,13.2424,13.3704,13.2241,0.1463000000000001,1.1063,1177842.54,1728773.654
600030.SH,20160203,13.1784,13.3064,12.95,13.2241,13.3429,-0.11880000000000024,-0.8904,855917.43,1228141.847
600030.SH,20160202,12.9865,13.4892,12.8769,13.3429,13.0048,0.33810000000000073,2.5998,1241809.46,1807184.583
600030.SH,20160201,13.1145,13.2516,12.8037,13.0048,13.2516,-0.24680000000000035,-1.8624,1167888.74,1661278.51
600030.SH,20160129,12.6027,13.4161,12.4473,13.2516,12.5204,0.7311999999999994,5.8401,2117493.47,3031444.646
600030.SH,20160128,12.6118,13.0505,12.429,12.5204,12.7398,-0.21940000000000026,-1.7222,1361380.13,1897576.271
600030.SH,20160127,12.8494,12.9317,12.292,12.7398,12.7306,0.009199999999999875,0.0723,2032384.37,2821227.025
600030.SH,20160126,13.7999,13.937,12.6301,12.7306,14.0284,-1.2977999999999987,-9.2512,2062435.25,2988330.22
600030.SH,20160125,14.0192,14.2111,13.8639,14.0284,13.9644,0.06400000000000006,0.4583,909665.0,1396119.209
600030.SH,20160122,14.0192,14.138,13.5531,13.9644,13.7999,0.1645000000000003,1.192,1225058.28,1862098.237
600030.SH,20160121,14.3939,14.7229,13.7176,13.7999,14.4579,-0.6580000000000013,-4.5511,1545045.7,2424457.706
600030.SH,20160120,14.7138,14.8509,14.3482,14.4579,14.7321,-0.27420000000000044,-1.8612,1630363.3,2608427.607
600030.SH,20160119,14.3208,14.8874,14.1746,14.7321,14.3025,0.42960000000000065,3.0037,2090179.82,3340469.944
600030.SH,20160118,13.8456,14.5767,13.8456,14.3025,14.2111,0.09140000000000015,0.6432,1430001.88,2234447.135
600030.SH,20160115,14.6955,14.8052,13.9735,14.2111,14.8874,-0.6762999999999995,-4.5428,2162248.71,3402623.307
600030.SH,20160114,14.1655,14.9605,13.9644,14.8874,14.5219,0.36549999999999905,2.5169,2060976.5,3292342.153
600030.SH,20160113,14.6772,14.8966,14.3939,14.5219,14.5219,0.0,0.0,2391723.46,3840838.004
600030.SH,20160112,14.5493,14.9331,14.3482,14.5219,14.33,0.1919000000000004,1.3391,1888319.57,3028557.874
600030.SH,20160111,14.8966,15.0611,14.1746,14.33,15.3809,-1.0509000000000004,-6.8325,2434620.06,3924222.659
600030.SH,20160108,15.3901,15.9384,14.6224,15.3809,14.9331,0.44780000000000086,2.9987,2979253.28,5033516.732
600030.SH,20160107,15.975,16.0846,14.8052,14.9331,16.3862,-1.4530999999999992,-8.8678,679037.33,1145357.904
600030.SH,20160106,16.0389,16.5873,15.7191,16.3862,16.1303,0.25590000000000046,1.5865,1972783.38,3489306.223
600030.SH,20160105,15.3535,16.4319,15.1982,16.1303,15.9476,0.18269999999999875,1.1456,2333291.55,4072751.95
600030.SH,20160104,17.6291,17.6291,15.9201,15.9476,17.684,-1.7364000000000015,-9.819,1960583.73,3592571.285
600030.SH,20151231,17.9124,18.1226,17.6383,17.684,18.0038,-0.3197999999999972,-1.7763,1228058.0,2407355.484
600030.SH,20151230,18.013,18.1318,17.6383,18.0038,18.1044,-0.10060000000000002,-0.5557,1819513.18,3556376.391
600030.SH,20151229,17.7662,18.1409,17.7114,18.1044,17.8759,0.22849999999999682,1.2783,1843807.18,3617254.426
600030.SH,20151228,19.1736,19.2376,17.8211,17.8759,19.0,-1.1240999999999985,-5.9163,4050443.96,8159039.04
600030.SH,20151225,18.9177,19.2376,18.6527,19.0,18.8538,0.14620000000000033,0.7754,2748117.64,5682051.1
600030.SH,20151224,19.1736,19.5849,18.4791,18.8538,19.329,-0.47520000000000095,-2.4585,4814929.11,10013184.725
600030.SH,20151223,18.278,20.0327,18.2323,19.329,18.214,1.115000000000002,6.1217,7066379.66,15021910.777
600030.SH,20151222,17.9124,18.4882,17.7662,18.214,17.9399,0.2740999999999971,1.5279,2647285.83,5265257.57
600030.SH,20151221,17.1813,18.4973,17.1173,17.9399,17.2362,0.7037000000000013,4.0827,3338211.34,6562453.136
600030.SH,20151218,17.3641,17.5286,17.1539,17.2362,17.4189,-0.18270000000000053,-1.0489,1406047.85,2660594.436
600030.SH,20151217,17.2453,17.6474,17.0442,17.4189,17.0168,0.4021000000000008,2.363,2271455.98,4313997.224
600030.SH,20151216,17.1996,17.4555,16.9894,17.0168,17.1082,-0.09140000000000015,-0.5342,1458476.12,2740662.937
600030.SH,20151215,17.5195,17.6109,16.9254,17.1082,17.7754,-0.6672000000000011,-3.7535,2339803.54,4408501.078
600030.SH,20151214,16.0664,17.8576,16.0024,17.7754,16.3131,1.4623000000000026,8.964,3201005.37,5974162.841
600030.SH,20151211,16.0846,16.6421,15.9019,16.3131,16.2857,0.02740000000000009,0.1682,1398235.98,2480638.722
600030.SH,20151210,16.4045,17.0351,16.2217,16.2857,16.2583,0.02740000000000009,0.1685,1699606.83,3096319.94
600030.SH,20151209,16.0664,16.4959,16.0115,16.2583,16.1212,0.13709999999999667,0.8504,1003566.06,1785399.673
600030.SH,20151208,16.2766,16.5507,16.1121,16.1212,16.3588,-0.23759999999999692,-1.4524,1151590.96,2051860.931
600030.SH,20151207,16.4593,16.5507,16.2217,16.3588,16.6695,-0.31070000000000064,-1.8639,1327524.99,2374961.916
600030.SH,20151204,16.9254,17.0168,16.5964,16.6695,17.1265,-0.45700000000000074,-2.6684,1508958.37,2770569.479
600030.SH,20151203,17.0899,17.492,16.8797,17.1265,17.1996,-0.07310000000000016,-0.425,2217108.72,4165653.546
600030.SH,20151202,16.2126,17.5012,16.1303,17.1996,16.24,0.9596000000000018,5.9089,2914175.4,5355322.724
600030.SH,20151201,16.1121,16.5416,15.9019,16.24,16.1121,0.1278999999999968,0.7938,1603173.28,2846525.012
600030.SH,20151130,16.2583,16.4411,15.5363,16.1121,16.3588,-0.24669999999999703,-1.5081,2731712.39,4793467.613
600030.SH,20151127,17.4646,17.62,16.3588,16.3588,18.1775,-1.8186999999999998,-10.0052,4839750.51,8947270.903
600030.SH,20151126,18.5522,18.8263,18.1409,18.1775,18.3603,-0.1828000000000003,-0.9956,2047845.45,4130101.929
600030.SH,20151125,18.0861,18.5522,18.0038,18.3603,18.543,-0.18270000000000053,-0.9853,2051870.52,4094024.436
600030.SH,20151124,18.1866,18.8629,18.0038,18.543,18.3694,0.17360000000000042,0.945,1982494.69,3989681.529
600030.SH,20151123,18.7624,19.2833,18.2597,18.3694,18.7624,-0.3930000000000007,-2.0946,2254709.94,4616712.06
600030.SH,20151120,19.1919,19.1919,18.5339,18.7624,19.2559,-0.49350000000000094,-2.5629,2572673.23,5297143.367
600030.SH,20151119,18.735,19.3564,18.2597,19.2559,18.9908,0.26510000000000034,1.3959,3345630.19,6856697.726
600030.SH,20151118,18.735,20.2337,18.5248,18.9908,18.4608,0.5300000000000011,2.8709,7079877.93,14964502.806
600030.SH,20151117,18.4151,19.4569,18.3511,18.4608,18.1866,0.27420000000000044,1.5077,5409088.38,11184204.596
600030.SH,20151116,18.0221,18.2871,17.7479,18.1866,18.5156,-0.3290000000000006,-1.7769,2927257.75,5766523.929
600030.SH,20151113,18.0952,18.8446,18.013,18.5156,18.4242,0.09140000000000015,0.4961,3844869.79,7804344.279
600030.SH,20151112,19.0091,19.1096,18.3511,18.4242,19.064,-0.639800000000001,-3.3561,3733723.72,7617444.021
600030.SH,20151111,18.6436,19.4935,18.3146,19.064,18.8995,0.1645000000000003,0.8704,4962130.62,10183623.606
600030.SH,20151110,18.3237,19.9139,18.3146,18.8995,18.6344,0.26510000000000034,1.4226,6749083.46,14061805.408
600030.SH,20151109,19.1919,19.722,18.4608,18.6344,18.735,-0.10060000000000002,-0.537,8451933.11,17665970.591
600030.SH,20151106,16.8889,18.735,16.697,18.735,17.0351,1.6998999999999995,9.9788,8642425.32,16958693.671
600030.SH,20151105,16.1669,17.4464,15.9476,17.0351,15.8562,1.1789000000000005,7.4349,9924815.79,18436326.694
600030.SH,20151104,14.4853,15.8562,14.4031,15.8562,14.4122,1.443999999999999,10.0193,5218762.58,8713982.691
600030.SH,20151103,14.3482,14.5493,14.1929,14.4122,14.202,0.2102000000000004,1.4801,1669546.14,2628257.993
600030.SH,20151102,14.2111,14.5858,14.1472,14.202,14.5036,-0.30160000000000053,-2.0795,2007745.72,3148506.583
600030.SH,20151030,14.0284,14.8783,13.8273,14.5036,13.9735,0.5301000000000009,3.7936,3683078.2,5843530.389
600030.SH,20151029,14.0741,14.138,13.8821,13.9735,13.937,0.0365000000000002,0.2619,1241384.43,1904824.217
600030.SH,20151028,14.2751,14.3391,13.8821,13.937,14.3848,-0.44780000000000086,-3.113,1547335.07,2391913.796
600030.SH,20151027,14.3482,14.4762,13.8182,14.3848,14.4853,-0.10050000000000026,-0.6938,1910737.46,2951896.33
600030.SH,20151026,14.6041,15.0245,14.3756,14.4853,14.3482,0.13710000000000022,0.9555,3458300.44,5559018.503
600030.SH,20151023,14.1655,14.4579,13.9004,14.3482,14.0284,0.31980000000000075,2.2797,2093495.71,3253861.384
600030.SH,20151022,13.6994,14.0741,13.5349,14.0284,13.6628,0.3655999999999988,2.6759,1924558.97,2910367.043
600030.SH,20151021,14.6224,14.6772,13.5074,13.6628,14.6407,-0.9779,-6.6793,3007739.19,4674699.351
600030.SH,20151020,14.6315,14.7412,14.2568,14.6407,14.7412,-0.10049999999999848,-0.6818,2505141.0,3975343.616
600030.SH,20151019,14.531,15.2439,14.4031,14.7412,14.5219,0.21929999999999872,1.5101,3366573.02,5460329.999
600030.SH,20151016,14.5036,14.8966,14.1929,14.5219,14.3665,0.1554000000000002,1.0817,3266510.88,5191986.997
600030.SH,20151015,13.9187,14.3939,13.8821,14.3665,13.9461,0.4204000000000008,3.0145,2468342.35,3825626.754
600030.SH,20151014,13.8913,14.467,13.8364,13.9461,13.9461,0.0,0.0,2729642.93,4213010.342
600030.SH,20151013,13.7999,14.0101,13.7633,13.9461,14.0284,-0.08230000000000004,-0.5867,1653993.34,2514093.492
600030.SH,20151012,13.2972,14.3117,13.1327,14.0284,13.2424,0.7859999999999996,5.9355,3421129.05,5183017.236
600030.SH,20151009,13.0322,13.3704,12.95,13.2424,13.0322,0.2102000000000004,1.6129,2040149.07,2950626.876
600030.SH,20151008,13.3886,13.4252,12.9774,13.0322,12.4108,0.6213999999999995,5.0069,2524176.68,3647069.783
600030.SH,20150930,12.1731,12.7855,12.1457,12.4108,12.1914,0.21940000000000026,1.7996,1744838.59,2390948.321
600030.SH,20150929,12.0726,12.5113,11.8898,12.1914,12.3011,-0.10970000000000013,-0.8918,1281346.12,1704096.063
600030.SH,20150928,12.1275,12.3194,11.9995,12.3011,12.1549,0.14620000000000033,1.2028,763693.38,1018343.491
600030.SH,20150925,12.5204,12.6484,12.1183,12.1549,12.5844,-0.4295000000000009,-3.413,1181164.48,1593240.459
600030.SH,20150924,12.5387,12.6575,12.4839,12.5844,12.4656,0.11880000000000024,0.953,1060412.37,1458910.805
600030.SH,20150923,12.7398,12.8403,12.429,12.4656,12.9957,-0.5300999999999991,-4.079,1751118.53,2414937.921
600030.SH,20150922,12.6849,13.4161,12.6484,12.9957,12.7398,0.2558999999999987,2.0087,2717496.5,3903346.673
600030.SH,20150921,12.3377,12.8129,12.1366,12.7398,12.5935,0.1463000000000001,1.1617,1777943.57,2429756.341
600030.SH,20150918,12.7032,12.822,12.4473,12.5935,12.6392,-0.045700000000000074,-0.3616,1500420.22,2074433.497
600030.SH,20150917,12.8037,13.2333,12.621,12.6392,13.1876,-0.5483999999999991,-4.1585,2550290.45,3605442.081
600030.SH,20150916,12.2097,13.5897,11.7345,13.1876,12.3559,0.8316999999999997,6.7312,3339574.29,4553831.603
600030.SH,20150915,12.5661,12.9682,12.2737,12.3559,12.7123,-0.3564000000000007,-2.8036,1708858.83,2354542.79
600030.SH,20150914,13.7816,13.8273,12.4108,12.7123,13.7268,-1.0145,-7.3907,2622236.63,3739513.705
600030.SH,20150911,13.8639,14.0741,13.6354,13.7268,13.8456,-0.11879999999999846,-0.858,1413709.1,2142975.382
600030.SH,20150910,14.0741,14.1746,13.7725,13.8456,14.33,-0.48440000000000083,-3.3803,1925526.31,2949927.712
600030.SH,20150909,14.0192,14.4305,13.8821,14.33,13.9278,0.40220000000000056,2.8877,3280616.57,5101933.912
600030.SH,20150908,13.3429,13.9735,13.0505,13.9278,13.4892,0.4385999999999992,3.2515,2150041.5,3183032.713
600030.SH,20150907,13.5714,14.1106,13.4343,13.4892,13.5897,-0.10050000000000026,-0.7395,2008881.22,3032953.891
600030.SH,20150902,13.3612,13.8456,13.2607,13.5897,13.8821,-0.2923999999999989,-2.1063,3622960.14,5389001.267
600030.SH,20150901,13.3429,13.9918,12.9774,13.8821,13.7725,0.10959999999999859,0.7958,4987599.15,7443513.173
600030.SH,20150831,13.8547,13.9735,13.0414,13.7725,14.4945,-0.7219999999999995,-4.9812,5699421.56,8398848.517
600030.SH,20150828,14.0284,14.5858,13.5988,14.4945,14.0558,0.43870000000000076,3.1211,5306116.74,8104006.462
600030.SH,20150827,13.6994,14.0741,12.9865,14.0558,13.1327,0.9230999999999998,7.029,4012436.67,5979380.264
600030.SH,20150826,13.4709,14.138,12.8677,13.1327,13.4709,-0.3382000000000005,-2.5106,4252034.63,6294308.264
600030.SH,20150825,13.8913,14.8326,13.4709,13.4709,14.9697,-1.4987999999999992,-10.0122,5015538.31,7624133.689
600030.SH,20150824,15.9019,16.0664,14.9697,14.9697,16.633,-1.6632999999999996,-10.0,3125087.8,5192191.792
600030.SH,20150821,17.8211,18.1318,16.4776,16.633,18.0495,-1.4164999999999992,-7.8479,2350926.28,4461435.385
600030.SH,20150820,18.5522,18.7167,18.0038,18.0495,18.8355,-0.7860000000000014,-4.173,1553351.39,3118493.139
600030.SH,20150819,18.1866,18.8995,17.7297,18.8355,18.5704,0.26510000000000034,1.4275,2439662.7,4916935.543
600030.SH,20150818,20.1972,20.9831,18.4151,18.5704,20.0875,-1.5170999999999992,-7.5525,3635952.78,7991213.583
600030.SH,20150817,20.1149,20.316,19.7494,20.0875,20.4988,-0.41130000000000067,-2.0065,1956404.04,4286567.796
600030.SH,20150814,20.1058,20.8186,19.8773,20.4988,19.9961,0.5027000000000008,2.514,3101029.53,6897320.997
600030.SH,20150813,19.7176,20.1508,19.1671,19.9974,19.8349,0.16249999999999787,0.8193,2147393.69,4687605.293
600030.SH,20150812,19.6454,20.3854,19.492,19.8349,19.9522,-0.11730000000000018,-0.5879,2684534.44,5951291.092
600030.SH,20150811,19.853,20.2952,19.7537,19.9522,20.1327,-0.18049999999999855,-0.8966,3015068.17,6693367.257
600030.SH,20150810,18.4452,20.1327,18.3008,20.1327,18.3008,1.831900000000001,10.0099,3891087.97,8394579.999
600030.SH,20150807,18.1474,18.6437,18.0121,18.3008,17.9128,0.3879999999999981,2.166,1676439.48,3406717.451
600030.SH,20150806,17.9669,18.3189,17.8045,17.9128,18.3189,-0.4060999999999986,-2.2168,1356033.63,2713150.052
600030.SH,20150805,18.9415,18.9415,18.3008,18.3189,18.9686,-0.6496999999999993,-3.4251,1509434.88,3116123.002
600030.SH,20150804,18.4994,19.0137,18.373,18.9686,18.4542,0.5143999999999984,2.7874,1696277.33,3522834.449
600030.SH,20150803,18.3189,18.7881,18.1384,18.4542,18.7611,-0.30689999999999884,-1.6358,1627061.63,3310017.302
600030.SH,20150731,18.7791,19.0408,18.6347,18.7611,18.8423,-0.0812000000000026,-0.4309,1899921.83,3957970.442
600030.SH,20150730,19.8259,20.1056,18.6167,18.8423,19.8259,-0.9835999999999991,-4.9612,1943403.83,4230993.28
600030.SH,20150729,19.853,19.9883,19.3115,19.8259,20.0154,-0.1894999999999989,-0.9468,2435144.34,5283075.054
600030.SH,20150728,18.9506,20.4215,18.0121,20.0154,19.4108,0.6046000000000014,3.1148,4830586.76,10399712.483
600030.SH,20150727,21.2788,21.3419,19.4108,19.4108,21.5675,-2.1567000000000007,-9.9998,3445470.23,7777371.784
600030.SH,20150724,22.1631,22.2444,21.5405,21.5675,22.1451,-0.5776000000000003,-2.6083,2352727.88,5720621.598
600030.SH,20150723,21.6849,22.3707,21.6578,22.1451,21.6668,0.47830000000000084,2.2075,2468204.67,6053866.0
600030.SH,20150722,21.8473,22.1812,21.5405,21.6668,22.0639,-0.3971000000000018,-1.7998,1927790.98,4663668.37
600030.SH,20150721,21.9285,22.6775,21.5675,22.0639,22.1541,-0.09019999999999939,-0.4071,2816297.15,6887598.43
600030.SH,20150720,22.7407,22.867,21.9827,22.1541,22.9031,-0.7489999999999988,-3.2703,2766923.43,6857130.641
600030.SH,20150717,22.1541,23.2821,21.7571,22.9031,22.0909,0.8121999999999971,3.6766,2990548.26,7469277.456
600030.SH,20150716,22.2714,22.7317,21.3871,22.0909,22.2985,-0.20759999999999934,-0.931,2380329.62,5830866.79
600030.SH,20150715,22.7407,23.5348,21.6307,22.2985,23.1377,-0.8391999999999982,-3.627,3694569.93,9154279.855
600030.SH,20150714,24.3018,24.726,22.8309,23.1377,24.735,-1.5973000000000006,-6.4577,4166017.31,10987813.88
600030.SH,20150713,24.4553,25.7728,23.9228,24.735,25.0147,-0.27970000000000184,-1.1181,6131866.22,16871032.622
600030.SH,20150710,23.0114,25.5381,22.5692,25.0147,23.2551,1.7596000000000025,7.5665,7239973.87,19867755.035
600030.SH,20150709,21.1434,23.2551,19.131,23.2551,21.1434,2.111699999999999,9.9875,6722629.94,16331911.306
600030.SH,20150708,21.2066,22.9934,21.1434,21.1434,23.4897,-2.3462999999999994,-9.9886,6309054.56,15121081.248
600030.SH,20150707,23.4626,24.3379,22.109,23.4897,24.0672,-0.5775000000000006,-2.3995,5465865.37,14179111.799
600030.SH,20150706,24.7891,24.7891,22.8309,24.0672,22.5331,1.5340999999999987,6.8082,5760621.64,15223538.483
600030.SH,20150703,22.7587,23.9499,21.0983,22.5331,23.0114,-0.4782999999999973,-2.0785,3854870.75,9769607.725
600030.SH,20150702,23.6611,24.0492,22.0458,23.0114,22.9121,0.0992999999999995,0.4334,4117881.81,10672789.31
600030.SH,20150701,24.004,24.6177,22.6053,22.9121,24.2838,-1.3717000000000006,-5.6486,3355312.85,8884330.237
600030.SH,20150630,22.5602,24.3199,21.6849,24.2838,22.1992,2.0845999999999982,9.3904,4729283.23,12154295.392
600030.SH,20150629,24.2748,24.3018,21.1434,22.1992,23.4897,-1.290499999999998,-5.4939,5148404.62,13072967.438
600030.SH,20150626,25.3577,26.4406,23.2731,23.4897,25.854,-2.3643,-9.1448,4547534.32,12445942.32
600030.SH,20150625,26.3503,27.0542,25.6284,25.854,26.2059,-0.35190000000000055,-1.3428,3052367.88,8949841.105
600030.SH,20150624,26.621,26.6752,25.8269,26.2059,26.4315,-0.22560000000000002,-0.8535,2756504.08,8004304.458
600030.SH,20150623,25.6103,26.5488,24.8162,26.4315,25.5742,0.8572999999999986,3.3522,2748155.37,7859387.94
600030.SH,20150619,26.5849,27.4061,25.4389,25.5742,26.982,-1.4077999999999982,-5.2176,2611754.94,7705557.805
600030.SH,20150618,27.9837,28.0829,26.9369,26.982,28.2634,-1.2814000000000014,-4.5338,2365960.55,7214496.689
600030.SH,20150617,28.2183,28.3717,27.4964,28.2634,28.1912,0.07220000000000226,0.2561,2344467.63,7252592.142
600030.SH,20150616,28.2002,28.9312,27.6768,28.1912,28.11,0.08119999999999905,0.2889,2732533.77,8585330.266
600030.SH,20150615,29.2922,29.4907,28.0288,28.11,28.868,-0.7579999999999991,-2.6257,3031548.66,9632653.336
600030.SH,20150612,29.0575,29.3192,28.6154,28.868,28.9492,-0.0812000000000026,-0.2805,2775221.2,8904457.95
600030.SH,20150611,29.4817,29.4907,28.7236,28.9492,29.4907,-0.5414999999999992,-1.8362,2796840.56,8979098.78
600030.SH,20150610,29.599,29.8968,29.3192,29.4907,29.9599,-0.4692000000000007,-1.5661,2940254.21,9655676.002
600030.SH,20150609,30.718,30.9436,29.5719,29.9599,30.2126,-0.25269999999999726,-0.8364,4806977.34,16120193.104
600030.SH,20150608,28.8139,30.366,28.5883,30.2126,28.7778,1.4347999999999992,4.9858,6138303.1,20081046.918
600030.SH,20150605,29.3553,29.608,28.3176,28.7778,29.0666,-0.28880000000000194,-0.9936,4081010.33,13078433.647
600030.SH,20150604,28.6063,29.3824,27.0813,29.0666,28.5973,0.4693000000000005,1.6411,3745612.07,11857669.503
600030.SH,20150603,28.8771,29.3734,28.3898,28.5973,28.8951,-0.29779999999999873,-1.0306,2955205.61,9408046.044
600030.SH,20150602,29.1929,29.3102,28.4258,28.8951,29.3373,-0.4421999999999997,-1.5073,3061103.23,9793028.835
600030.SH,20150601,27.4152,30.0321,27.0722,29.3373,27.4061,1.9312000000000005,7.0466,4417797.69,13952581.216
600030.SH,20150529,27.749,28.3266,26.8827,27.4061,27.731,-0.3249000000000031,-1.1716,3960783.74,12138194.079
600030.SH,20150528,30.5465,30.5555,27.6949,27.731,30.6187,-2.887699999999999,-9.4312,5079918.0,16582667.731
600030.SH,20150527,31.0428,31.2684,30.5736,30.6187,31.0338,-0.4150999999999989,-1.3376,3458824.61,11818707.502
600030.SH,20150526,31.2684,31.3857,30.3931,31.0338,30.8984,0.13540000000000063,0.4382,4541932.87,15529617.811
600030.SH,20150525,30.0051,31.2955,30.0051,30.8984,29.8877,1.0107,3.3817,4633712.44,15838124.92
600030.SH,20150522,29.4185,30.4924,29.4185,29.8877,29.1568,0.7308999999999983,2.5068,4030642.43,13394765.505
600030.SH,20150521,29.229,29.5087,28.8771,29.1568,29.247,-0.09019999999999939,-0.3084,2303640.52,7422018.255
600030.SH,20150520,29.7795,29.8517,29.0846,29.247,29.7885,-0.5414999999999992,-1.8178,3465597.78,11288195.55
600030.SH,20150519,27.8303,30.2758,27.7761,29.7885,27.9566,1.8318999999999974,6.5527,4628121.95,15049428.808
600030.SH,20150518,28.5432,28.5883,27.9115,27.9566,28.859,-0.9024000000000001,-3.1269,2717351.88,8493783.278
600030.SH,20150515,29.7795,29.7795,28.7236,28.859,29.8607,-1.0016999999999996,-3.3546,3028979.03,9800427.699
600030.SH,20150514,30.1224,30.4382,29.6802,29.8607,30.1134,-0.25269999999999726,-0.8392,2294496.78,7630347.292
600030.SH,20150513,31.0428,31.0428,29.9238,30.1134,31.0428,-0.9294000000000011,-2.9939,3162023.43,10653186.046
600030.SH,20150512,30.6638,31.846,30.1946,31.0428,30.6458,0.39699999999999847,1.2954,4613785.31,15869445.74
600030.SH,20150511,30.3209,30.6819,29.8968,30.6458,30.0682,0.5776000000000003,1.921,3537322.17,11891319.072
600030.SH,20150508,30.727,30.8623,29.3012,30.0682,29.9238,0.14440000000000097,0.4826,2920045.38,9706047.733
600030.SH,20150507,29.9058,30.5465,29.8156,29.9238,30.0321,-0.10829999999999984,-0.3606,2641097.46,8825749.859
600030.SH,20150506,30.2216,31.0067,29.608,30.0321,29.8426,0.1894999999999989,0.635,3524493.87,11819842.847
600030.SH,20150505,30.5285,31.5392,29.608,29.8426,30.4563,-0.6136999999999979,-2.015,3653459.02,12422668.749
600030.SH,20150504,30.8714,30.8804,30.0953,30.4563,31.0067,-0.5503999999999998,-1.7751,2765913.58,9324506.953
600030.SH,20150430,31.5843,31.9001,30.9526,31.0067,32.1077,-1.1010000000000026,-3.4291,4496074.48,15632138.983
600030.SH,20150429,31.855,32.3603,31.6745,32.1077,32.0445,0.06320000000000192,0.1972,2955111.77,10503118.023
600030.SH,20150428,32.2701,32.9379,31.8099,32.0445,32.2611,-0.21659999999999968,-0.6714,4612229.12,16503974.799
600030.SH,20150427,32.2791,32.9559,31.9362,32.2611,31.9452,0.3158999999999992,0.9889,4163908.62,14911842.956
600030.SH,20150424,32.4957,32.7394,31.4038,31.9452,33.2447,-1.2995000000000019,-3.9089,5370441.13,19070401.908
600030.SH,20150423,34.1652,34.6164,32.9469,33.2447,34.1291,-0.8843999999999994,-2.5913,6982244.83,26128665.049
600030.SH,20150422,31.9362,34.2915,31.6113,34.1291,31.6565,2.4726,7.8107,8083413.75,29312281.33
600030.SH,20150421,30.0953,32.1077,30.0953,31.6565,30.348,1.3085000000000022,4.3117,5071411.88,17615872.602
600030.SH,20150420,31.7648,31.9001,30.3209,30.348,31.7106,-1.3626000000000005,-4.297,5373192.29,18552391.104
600030.SH,20150417,32.0355,32.4506,31.3677,31.7106,31.5933,0.11730000000000018,0.3713,4976607.68,17607998.137
600030.SH,20150416,30.3931,31.7196,30.2397,31.5933,30.7721,0.821200000000001,2.6687,3639872.38,12546978.261
600030.SH,20150415,31.6655,31.864,30.727,30.7721,31.7557,-0.9836000000000027,-3.0974,3407864.65,11810163.402
600030.SH,20150414,31.9272,32.1979,30.8714,31.7557,31.9272,-0.1714999999999982,-0.5372,4985005.03,17379744.849
600030.SH,20150413,32.4145,32.6581,31.6023,31.9272,32.3423,-0.41510000000000247,-1.2835,4404897.06,15595270.384
600030.SH,20150410,32.1979,32.4686,31.494,32.3423,32.2791,0.06320000000000192,0.1958,5134936.31,18205967.861
600030.SH,20150409,32.9379,34.6525,32.216,32.2791,32.5589,-0.2798000000000016,-0.8594,8572540.06,31644827.489
600030.SH,20150408,31.3677,33.1184,30.8984,32.5589,31.2504,1.3085000000000022,4.1871,7575452.99,26972906.988
600030.SH,20150407,31.467,31.5392,30.7089,31.2504,30.8804,0.36999999999999744,1.1982,5459528.5,18774609.306
600030.SH,20150403,29.9238,30.9887,29.8877,30.8804,30.1765,0.7039000000000009,2.3326,5754744.88,19509446.751
600030.SH,20150402,30.9977,31.1331,29.6712,30.1765,30.6277,-0.45120000000000005,-1.4732,4648737.62,15584227.219
600030.SH,20150401,29.7343,30.745,29.6531,30.6277,29.617,1.0107,3.4126,5164895.24,17314623.686
600030.SH,20150331,30.1585,31.5482,29.5087,29.617,29.6982,-0.08119999999999905,-0.2734,6770227.99,22901842.679
600030.SH,20150330,29.0214,29.9058,28.7146,29.6982,28.9853,0.7129000000000012,2.4595,5200927.48,16950887.19
600030.SH,20150327,28.8951,29.5539,28.6515,28.9853,28.8951,0.09019999999999939,0.3122,3107481.66,10043423.023
600030.SH,20150326,28.8771,29.7704,28.5161,28.8951,29.2109,-0.3157999999999994,-1.0811,3929182.07,12658644.127
600030.SH,20150325,29.2741,30.2577,28.9763,29.2109,29.2831,-0.07220000000000226,-0.2466,4819505.72,15796196.639
600030.SH,20150324,30.0502,30.0592,28.85,29.2831,30.0682,-0.7850999999999999,-2.6111,5931958.34,19343553.032
600030.SH,20150323,29.4997,30.1314,28.8771,30.0682,29.1929,0.8752999999999993,2.9983,7691939.31,25133275.357
600030.SH,20150320,26.8918,29.4726,26.594,29.1929,26.7925,2.400400000000001,8.9592,9566650.81,30097819.797
600030.SH,20150319,27.1444,27.1535,26.6932,26.7925,27.0542,-0.26170000000000115,-0.9673,3488274.19,10391902.129
600030.SH,20150318,27.0813,27.2527,26.7835,27.0542,26.7113,0.3429000000000002,1.2837,4932672.54,14777348.749
600030.SH,20150317,26.3954,26.8918,26.0615,26.7113,25.9623,0.7490000000000023,2.885,5313016.98,15588876.707
600030.SH,20150316,25.6284,26.1067,25.2313,25.9623,25.475,0.4872999999999976,1.9129,3310644.99,9445821.964
600030.SH,20150313,25.5562,26.0525,25.3125,25.475,25.4479,0.02710000000000079,0.1065,2637975.85,7507250.628
600030.SH,20150312,25.096,25.5742,24.735,25.4479,24.7891,0.6587999999999994,2.6576,2920381.57,8169473.593
600030.SH,20150311,24.8433,25.3306,24.717,24.7891,24.8433,-0.05419999999999803,-0.2182,2089043.16,5787379.091
600030.SH,20150310,24.9606,25.3486,24.5274,24.8433,24.9606,-0.11730000000000018,-0.4699,2512944.19,6921397.793
600030.SH,20150309,24.365,25.3667,24.1845,24.9606,25.3667,-0.4061000000000021,-1.6009,3656965.39,9949610.272
600030.SH,20150306,25.5381,25.8901,25.3306,25.3667,25.5201,-0.15339999999999776,-0.6011,2042677.31,5781353.846
600030.SH,20150305,25.3577,25.9623,25.2674,25.5201,25.6013,-0.08119999999999905,-0.3172,2655264.41,7510665.248
600030.SH,20150304,25.7998,26.0254,25.4479,25.6013,25.8269,-0.22560000000000002,-0.8735,2423923.49,6889449.189
600030.SH,20150303,26.7293,26.7293,25.7998,25.8269,26.9549,-1.1280000000000001,-4.1848,3721022.99,10786614.526
600030.SH,20150302,27.1805,27.5054,26.7293,26.9549,26.6481,0.3067999999999991,1.1513,3876786.92,11639701.431
600030.SH,20150227,26.9639,27.1625,26.603,26.6481,27.0091,-0.36100000000000065,-1.3366,3118775.39,9287682.946
600030.SH,20150226,25.7006,27.2347,25.3035,27.0091,25.9352,1.0739000000000019,4.1407,4856365.17,14237902.808
600030.SH,20150225,26.3954,26.4406,25.7367,25.9352,26.3323,-0.3971000000000018,-1.508,2008829.87,5793630.551
600030.SH,20150217,26.2691,26.8286,26.1789,26.3323,26.1428,0.1894999999999989,0.7249,2626912.36,7709917.749
600030.SH,20150216,26.2601,26.4135,25.9172,26.1428,26.2871,-0.14429999999999765,-0.5489,2395099.44,6936727.832
600030.SH,20150213,26.3954,26.8015,26.1789,26.2871,26.1698,0.11730000000000018,0.4482,3360854.05,9854165.949
600030.SH,20150212,26.4586,26.4586,25.8269,26.1698,26.4586,-0.28880000000000194,-1.0915,2502673.13,7254123.946
600030.SH,20150211,26.7925,26.8827,26.2149,26.4586,26.6571,-0.19849999999999923,-0.7446,2703933.86,7925359.62
600030.SH,20150210,26.4586,26.9639,26.242,26.6571,26.5398,0.11730000000000018,0.442,4160010.39,12252573.036
600030.SH,20150209,25.3125,26.973,25.2584,26.5398,25.5472,0.9925999999999995,3.8854,5783691.14,16809358.08
600030.SH,20150206,25.2313,25.854,24.9967,25.5472,25.3396,0.20759999999999934,0.8193,3490856.54,9871918.004
600030.SH,20150205,26.3232,26.3503,25.3125,25.3396,25.2945,0.04510000000000147,0.1783,5541535.65,15893338.645
600030.SH,20150204,25.8269,26.5759,25.2674,25.2945,25.6284,-0.33389999999999986,-1.3029,5279664.1,15200429.4
600030.SH,20150203,24.6718,25.7637,24.3379,25.6284,24.2928,1.3355999999999995,5.4979,4554529.85,12597196.688
600030.SH,20150202,24.365,24.8794,24.0853,24.2928,25.1411,-0.8483000000000018,-3.3742,3213996.36,8701630.61
600030.SH,20150130,25.7186,25.9172,25.0689,25.1411,25.4299,-0.2887999999999984,-1.1357,3042182.45,8558898.665
600030.SH,20150129,25.3577,25.7908,25.096,25.4299,26.0525,-0.6225999999999985,-2.3898,3863109.57,10875839.058
600030.SH,20150128,25.3125,26.8557,25.1862,26.0525,25.3125,0.7399999999999984,2.9235,6048275.38,17496098.505
600030.SH,20150127,25.845,25.9803,24.8162,25.3125,25.8269,-0.5143999999999984,-1.9917,4363279.04,12277370.296
600030.SH,20150126,26.3503,26.3503,25.6194,25.8269,26.3593,-0.5324000000000026,-2.0198,3838737.04,11007166.8
600030.SH,20150123,25.9081,27.4603,25.8991,26.3593,25.6555,0.7038000000000011,2.7433,6172941.48,18244498.054
600030.SH,20150122,25.9442,25.9442,25.2855,25.6555,25.9442,-0.2886999999999986,-1.1128,5325448.2,15096108.166
600030.SH,20150121,24.4553,26.3503,24.2026,25.9442,24.0853,1.8588999999999984,7.718,10171616.22,28203004.085
600030.SH,20150120,24.0582,25.0599,24.0582,24.0853,26.7293,-2.6439999999999984,-9.8918,13108546.72,35201772.279
600030.SH,20150119,26.7293,26.7293,26.7293,26.7293,29.6982,-2.9689000000000014,-9.9969,496775.0,1471447.55
600030.SH,20150116,30.3119,30.3209,29.0485,29.6982,30.1134,-0.4151999999999987,-1.3788,5856670.98,19350255.898
600030.SH,20150115,29.3373,30.3119,28.5973,30.1134,29.4726,0.6407999999999987,2.1742,7344479.21,23956482.828
600030.SH,20150114,29.0124,29.7253,28.7507,29.4726,29.0305,0.44209999999999994,1.5229,4835025.44,15653332.128
600030.SH,20150113,29.969,30.357,28.6695,29.0305,30.2577,-1.2271999999999998,-4.0558,6243921.29,20346445.031
600030.SH,20150112,31.3136,31.9272,29.987,30.2577,31.5482,-1.2905000000000015,-4.0906,6602671.88,22582319.947
600030.SH,20150109,31.5933,33.2989,31.0519,31.5482,31.8099,-0.2616999999999976,-0.8227,7636402.58,27142298.016
600030.SH,20150108,32.8476,33.1184,31.2955,31.8099,32.622,-0.8121000000000009,-2.4894,6376268.69,22618463.394
600030.SH,20150107,31.0519,33.6147,30.9436,32.622,31.3226,1.2993999999999986,4.1484,7315084.83,26387179.538
600030.SH,20150106,30.5014,32.1077,30.2848,31.3226,31.2775,0.04510000000000147,0.1442,6681193.68,23149379.272
600030.SH,20150105,30.5916,31.8099,29.7885,31.2775,30.5916,0.6859000000000002,2.2421,6986272.15,23874098.135
600030.SH,20141231,29.9148,31.9091,29.5087,30.5916,30.1946,0.39699999999999847,1.3148,7028976.18,23999491.023
600030.SH,20141230,29.229,31.2053,27.8664,30.1946,29.0485,1.1461000000000006,3.9455,8584937.29,28251894.829
600030.SH,20141229,30.718,30.727,28.4258,29.0485,28.9853,0.06320000000000192,0.218,9288996.26,30440805.715
600030.SH,20141226,26.251,28.9853,25.9893,28.9853,26.3503,2.634999999999998,9.9999,8691433.42,27002586.854
600030.SH,20141225,25.5381,26.7564,24.5455,26.3503,25.4479,0.9024000000000001,3.5461,7161382.87,20450157.541
600030.SH,20141224,28.498,28.6966,25.1952,25.4479,27.9837,-2.5357999999999983,-9.0617,8458086.51,24758624.909
600030.SH,20141223,27.5234,28.6875,27.0813,27.9837,27.74,0.24370000000000047,0.8785,5416393.42,16883884.114
600030.SH,20141222,28.2454,29.229,27.0813,27.74,29.0846,-1.3445999999999998,-4.6231,7067522.57,22144230.572
600030.SH,20141219,28.8771,30.0502,26.8647,29.0846,28.6424,0.4421999999999997,1.5439,9965669.56,31534624.213
600030.SH,20141218,29.1748,30.0502,28.4258,28.6424,29.5539,-0.9115000000000002,-3.0842,10116445.9,32816298.244
600030.SH,20141217,28.4258,29.5539,27.1535,29.5539,26.8647,2.6891999999999996,10.0102,12294739.7,39050850.13
600030.SH,20141216,24.9065,26.8647,24.6357,26.8647,24.4192,2.445499999999999,10.0147,11243363.08,32867995.497
600030.SH,20141215,22.7046,24.5274,22.3887,24.4192,22.9843,1.434899999999999,6.243,6879470.18,17816078.645
600030.SH,20141212,21.6578,24.2206,21.5675,22.9843,22.2985,0.6858000000000004,3.0755,8595966.29,21920329.984
600030.SH,20141211,23.4626,24.6087,22.1992,22.2985,24.6087,-2.3101999999999983,-9.3877,8429898.7,22023163.376
600030.SH,20141210,24.004,25.1772,21.8383,24.6087,23.9499,0.6587999999999994,2.7507,12733537.88,33260275.878
600030.SH,20141209,23.7784,25.3125,21.7029,23.9499,23.0114,0.9385000000000012,4.0784,13844996.97,37927036.647
600030.SH,20141208,20.9088,23.0114,20.5839,23.0114,20.9178,2.0935999999999986,10.0087,8967311.95,22144611.842
600030.SH,20141205,20.2771,20.9178,19.5913,20.9178,19.0137,1.9040999999999997,10.0144,12191009.04,27823228.213
600030.SH,20141204,17.2721,19.0137,17.1638,19.0137,17.2811,1.7326000000000015,10.026,7309667.43,14857753.756
600030.SH,20141203,17.0555,18.1835,16.5863,17.2811,16.9653,0.3157999999999994,1.8614,8403896.39,16266474.404
600030.SH,20141202,15.5214,17.3443,15.4312,16.9653,15.8102,1.1550999999999991,7.306,7366191.64,13402108.999
600030.SH,20141201,15.738,16.4238,15.35,15.8102,15.5756,0.23460000000000036,1.5062,6107746.17,10789097.571
600030.SH,20141128,15.6297,15.8102,15.1605,15.5756,15.8012,-0.22560000000000002,-1.4277,5132786.16,8802830.634
600030.SH,20141127,15.4492,15.9275,15.0973,15.8012,15.359,0.4421999999999997,2.8791,5694356.75,9794381.255
600030.SH,20141126,14.98,15.7651,14.9709,15.359,14.8536,0.5053999999999998,3.4025,4580137.96,7779567.936
600030.SH,20141125,14.7995,15.0612,14.7002,14.8536,14.9258,-0.07220000000000049,-0.4837,3462747.37,5711582.13
600030.SH,20141124,14.4295,15.2326,14.3302,14.9258,14.0505,0.8753000000000011,6.2297,7210249.29,11834149.618
600030.SH,20141121,13.2113,14.1498,13.0578,14.0505,13.1752,0.8752999999999993,6.6435,5031656.51,7623298.655
600030.SH,20141120,13.0308,13.3195,12.9766,13.1752,12.9947,0.18050000000000033,1.389,2291382.37,3346698.041
600030.SH,20141119,13.0849,13.2203,12.9405,12.9947,13.13,-0.13530000000000086,-1.0305,2283332.34,3312030.575
600030.SH,20141118,13.3556,13.482,13.0488,13.13,13.5,-0.3699999999999992,-2.7407,3231308.78,4734747.179
600030.SH,20141117,13.9873,14.0685,13.4639,13.5,13.879,-0.37899999999999956,-2.7307,4082788.47,6226351.96
600030.SH,20141114,13.5,14.0324,13.3556,13.879,13.5903,0.2887000000000004,2.1243,4423713.87,6740925.528
600030.SH,20141113,13.7888,14.0685,13.482,13.5903,13.879,-0.2887000000000004,-2.0801,5124008.85,7850271.682
600030.SH,20141112,12.8322,13.9242,12.6879,13.879,12.8683,1.0107,7.8542,5374510.64,7935957.642
600030.SH,20141111,13.0849,13.4278,12.6788,12.8683,12.742,0.12629999999999875,0.9912,6322146.15,9191442.284
600030.SH,20141110,12.6788,12.8142,12.372,12.742,12.2998,0.4422000000000015,3.5952,5520756.26,7710405.21
600030.SH,20141107,11.9569,12.751,11.9208,12.2998,11.8937,0.4060999999999986,3.4144,6009049.21,8220935.093
600030.SH,20141106,11.9479,12.002,11.7854,11.8937,11.9659,-0.07219999999999871,-0.6034,1316118.45,1735214.828
600030.SH,20141105,11.9118,12.1284,11.7764,11.9659,11.8486,0.11730000000000018,0.99,2352757.78,3125696.34
600030.SH,20141104,11.8576,11.975,11.7584,11.8486,11.9208,-0.07220000000000049,-0.6057,1410348.44,1853533.903
600030.SH,20141103,12.0471,12.1464,11.8667,11.9208,11.975,-0.054199999999999804,-0.4526,2257092.7,3003175.938
600030.SH,20141031,11.7764,12.2096,11.7403,11.975,11.7133,0.2616999999999994,2.2342,2983926.23,3958877.494
600030.SH,20141030,11.6772,11.7674,11.614,11.7133,11.6772,0.03610000000000113,0.3091,1203045.87,1558050.726
600030.SH,20141029,11.4967,11.8576,11.4064,11.6772,11.4786,0.198599999999999,1.7302,2065657.57,2665573.258
600030.SH,20141028,11.1538,11.4967,11.1538,11.4786,11.1267,0.35190000000000055,3.1627,1416130.37,1774452.941
600030.SH,20141027,11.226,11.2621,11.0545,11.1267,11.4425,-0.3158000000000012,-2.7599,1335751.73,1650857.272
600030.SH,20141024,11.5779,11.605,11.3974,11.4425,11.5598,-0.1172999999999984,-1.0147,1006127.07,1283376.486
600030.SH,20141023,11.7133,11.8215,11.5328,11.5598,11.7584,-0.19860000000000078,-1.689,1357129.95,1754545.831
600030.SH,20141022,11.8937,12.011,11.7403,11.7584,11.8937,-0.13530000000000086,-1.1376,1389407.32,1823836.116
600030.SH,20141021,11.9569,12.1193,11.8757,11.8937,11.9569,-0.06319999999999837,-0.5286,1465343.11,1949112.948
600030.SH,20141020,12.0201,12.0471,11.8937,11.9569,12.002,-0.04510000000000147,-0.3758,1190123.72,1578668.653
600030.SH,20141017,11.8937,12.0832,11.7313,12.002,11.8576,0.14440000000000097,1.2178,1622705.92,2144102.12
600030.SH,20141016,11.8757,12.1374,11.8215,11.8576,12.0381,-0.18050000000000033,-1.4994,1572521.33,2089206.47
600030.SH,20141015,11.7223,12.1013,11.6952,12.0381,11.7133,0.32479999999999976,2.7729,1913556.61,2532755.755
600030.SH,20141014,11.7313,11.8937,11.6772,11.7133,11.8125,-0.09919999999999973,-0.8398,1043181.05,1361659.755
600030.SH,20141013,11.8576,11.8667,11.6772,11.8125,11.9479,-0.13540000000000063,-1.1333,1160576.4,1510914.275
600030.SH,20141010,12.011,12.1284,11.9118,11.9479,12.0832,-0.1352999999999991,-1.1197,1277500.06,1697474.564
600030.SH,20141009,12.0652,12.1735,11.975,12.0832,12.0562,0.026999999999999247,0.224,1205379.58,1613316.05
600030.SH,20141008,12.0742,12.1013,11.9389,12.0562,12.0201,0.03610000000000113,0.3003,1244748.72,1657250.777
600030.SH,20140930,12.1013,12.1374,11.984,12.0201,12.0832,-0.06310000000000038,-0.5222,1051292.89,1402742.999
600030.SH,20140929,12.0381,12.1825,11.9389,12.0832,11.984,0.09919999999999973,0.8278,1728034.17,2308688.811
600030.SH,20140926,11.9569,12.0381,11.8937,11.984,12.011,-0.026999999999999247,-0.2248,1255030.24,1663233.045
600030.SH,20140925,12.2818,12.3179,11.9389,12.011,12.1735,-0.16250000000000142,-1.3349,1719144.64,2313782.007
600030.SH,20140924,11.7133,12.3269,11.6862,12.1735,11.7764,0.3971,3.372,2516775.55,3366014.764
600030.SH,20140923,11.5869,11.8486,11.5779,11.7764,11.5869,0.18950000000000067,1.6355,924799.81,1201043.93
600030.SH,20140922,11.7764,11.7854,11.5418,11.5869,11.8306,-0.24370000000000047,-2.0599,1001341.05,1291425.523
600030.SH,20140919,11.7584,11.8667,11.6862,11.8306,11.7223,0.10829999999999984,0.9239,711187.0,929564.09
600030.SH,20140918,11.632,11.9028,11.5508,11.7223,11.6681,0.054199999999999804,0.4645,932539.03,1211354.574
600030.SH,20140917,11.6772,11.7584,11.5959,11.6681,11.605,0.06310000000000038,0.5437,727429.28,940259.925
600030.SH,20140916,12.011,12.0742,11.5598,11.605,11.984,-0.37899999999999956,-3.1626,1588512.77,2084788.799
600030.SH,20140915,12.0742,12.0742,11.8486,11.984,12.0742,-0.09019999999999939,-0.747,1042880.65,1381063.846
600030.SH,20140912,11.984,12.0923,11.9208,12.0742,12.0742,0.0,0.0,1000236.29,1330645.693
600030.SH,20140911,11.984,12.4171,11.9569,12.0742,12.002,0.07219999999999871,0.6016,1685680.53,2271719.748
600030.SH,20140910,12.0201,12.1103,11.9298,12.002,12.1193,-0.11730000000000018,-0.9679,1065958.39,1418004.045
600030.SH,20140909,12.3088,12.3088,12.0652,12.1193,12.2998,-0.18049999999999855,-1.4675,1073652.52,1445851.056
600030.SH,20140905,12.3269,12.5344,12.2367,12.2998,12.2276,0.07219999999999871,0.5905,1979706.32,2714893.12
600030.SH,20140904,11.984,12.2547,11.9479,12.2276,11.9659,0.26170000000000115,2.187,1737019.59,2328496.218
600030.SH,20140903,11.9389,12.0562,11.8937,11.9659,11.9118,0.05410000000000004,0.4542,1430751.27,1898952.362
600030.SH,20140902,11.6772,11.9569,11.5689,11.9118,11.6681,0.2436999999999987,2.0886,1646308.12,2145763.772
600030.SH,20140901,11.6411,11.6772,11.5418,11.6681,11.632,0.03610000000000113,0.3104,738578.74,950189.882
600030.SH,20140829,11.5147,11.6411,11.4245,11.632,11.4064,0.22560000000000002,1.9778,678038.0,866985.991
600030.SH,20140828,11.3974,11.5418,11.3613,11.4064,11.3884,0.017999999999998906,0.1581,653876.24,829699.941
600030.SH,20140827,11.3974,11.5057,11.3703,11.3884,11.3974,-0.008999999999998565,-0.079,541798.68,685558.196
600030.SH,20140826,11.5328,11.605,11.3252,11.3974,11.5418,-0.14440000000000097,-1.2511,955399.54,1212605.174
600030.SH,20140825,11.7313,11.7313,11.4877,11.5418,11.7133,-0.17149999999999999,-1.4641,928354.29,1190853.178
600030.SH,20140822,11.5779,11.7764,11.5418,11.7133,11.5959,0.11739999999999995,1.0124,1140402.89,1473032.112
600030.SH,20140821,11.8215,11.8576,11.5057,11.5959,11.8215,-0.22560000000000002,-1.9084,1351696.01,1742303.422
600030.SH,20140820,11.8757,11.9118,11.7854,11.8215,11.9028,-0.08129999999999882,-0.683,783121.11,1027630.059
600030.SH,20140819,12.0471,12.0562,11.8035,11.9028,12.011,-0.10820000000000007,-0.9008,1023738.81,1352294.865
600030.SH,20140818,12.0923,12.1645,11.9028,12.011,12.0201,-0.009100000000000108,-0.0757,1143597.7,1522296.984
600030.SH,20140815,11.8306,12.0923,11.7584,12.0201,11.7494,0.2706999999999997,2.3039,1350782.2,1791722.47
600030.SH,20140814,11.8929,11.9821,11.7234,11.7502,11.9375,-0.18730000000000047,-1.569,1196551.41,1592971.584
600030.SH,20140813,11.8037,12.0624,11.7234,11.9375,11.8037,0.1338000000000008,1.1335,1435192.4,1907932.784
600030.SH,20140812,11.8662,11.8929,11.7413,11.8037,11.9197,-0.11600000000000144,-0.9732,997643.56,1321004.108
600030.SH,20140811,11.6877,12.0268,11.6699,11.9197,11.652,0.2677000000000014,2.2975,1465559.78,1952722.761
600030.SH,20140808,11.6877,11.768,11.545,11.652,11.6699,-0.017900000000000915,-0.1534,1209605.99,1581303.163
600030.SH,20140807,12.0089,12.0178,11.652,11.6699,12.0178,-0.3478999999999992,-2.8949,1534280.48,2028456.629
600030.SH,20140806,11.9821,12.1249,11.8572,12.0178,11.9821,0.03569999999999851,0.2979,1567576.36,2104685.878
600030.SH,20140805,12.1338,12.1338,11.8751,11.9821,12.1427,-0.16059999999999874,-1.3226,1720334.67,2310809.145
600030.SH,20140804,11.5361,12.1874,11.5271,12.1427,11.4468,0.6959,6.0794,2724075.11,3638302.219
600030.SH,20140801,11.7056,11.8126,11.429,11.4468,11.7413,-0.2945000000000011,-2.5082,1297578.19,1691299.859
600030.SH,20140731,11.6163,11.7502,11.5539,11.7413,11.6163,0.125,1.0761,1094938.11,1429344.878
600030.SH,20140730,11.7769,11.9108,11.5539,11.6163,11.7234,-0.10709999999999908,-0.9136,1378277.9,1807332.408
600030.SH,20140729,11.7769,11.8126,11.6342,11.7234,11.7948,-0.07140000000000057,-0.6054,1341621.47,1760280.576
600030.SH,20140728,11.3398,12.0446,11.3398,11.7948,11.2952,0.49960000000000093,4.4231,3019635.81,3949592.632
600030.SH,20140725,11.1792,11.3041,11.0453,11.2952,11.1613,0.1338999999999988,1.1997,1299558.26,1629315.649
600030.SH,20140724,10.8223,11.2416,10.8223,11.1613,10.8134,0.347900000000001,3.2173,2174368.49,2706946.392
600030.SH,20140723,10.7063,10.9204,10.6617,10.8134,10.7063,0.10709999999999908,1.0003,1450407.21,1757207.479
600030.SH,20140722,10.5903,10.7509,10.5011,10.7063,10.4922,0.21410000000000018,2.0406,1365049.98,1630900.966
600030.SH,20140721,10.5457,10.5903,10.403,10.4922,10.5725,-0.08029999999999937,-0.7595,639358.54,750850.925
600030.SH,20140718,10.3851,10.626,10.3494,10.5725,10.4297,0.14279999999999937,1.3692,1084804.01,1280489.742
600030.SH,20140717,10.3762,10.4565,10.3137,10.4297,10.4119,0.017800000000001148,0.171,597915.49,694758.277
600030.SH,20140716,10.4387,10.6349,10.3673,10.4119,10.4297,-0.017800000000001148,-0.1707,678016.08,796797.986
600030.SH,20140715,10.4208,10.4833,10.3584,10.4297,10.4476,-0.01789999999999914,-0.1713,601714.19,702864.417
600030.SH,20140714,10.2691,10.4565,10.2513,10.4476,10.2691,0.17849999999999966,1.7382,1132345.7,1316451.646
600030.SH,20140711,10.171,10.3316,10.1442,10.2691,10.171,0.09810000000000052,0.9645,445136.98,511940.835
600030.SH,20140710,10.1621,10.2067,10.1264,10.171,10.171,0.0,0.0,461612.52,525972.004
600030.SH,20140709,10.2959,10.3227,10.171,10.171,10.2602,-0.08919999999999995,-0.8694,680491.65,780852.983
600030.SH,20140708,10.2602,10.3048,10.171,10.2602,10.2513,0.008899999999998798,0.0868,455199.9,521870.814
600030.SH,20140707,10.3048,10.3494,10.2334,10.2513,10.3048,-0.05349999999999966,-0.5192,385746.53,444511.829
600030.SH,20140704,10.2781,10.394,10.2691,10.3048,10.2959,0.008900000000000574,0.0864,523208.89,605725.571
600030.SH,20140703,10.2334,10.3584,10.2067,10.2959,10.2602,0.03570000000000029,0.3479,768784.0,887190.963
600030.SH,20140702,10.1978,10.2691,10.1442,10.2602,10.1799,0.08029999999999937,0.7888,676553.82,774527.447
600030.SH,20140701,10.2602,10.2781,10.1532,10.1799,10.2245,-0.04460000000000086,-0.4362,433304.89,494716.256
600030.SH,20140630,10.2156,10.2959,10.1799,10.2245,10.1888,0.03570000000000029,0.3504,583540.49,669372.812
600030.SH,20140627,10.171,10.2156,10.0907,10.1888,10.171,0.017800000000001148,0.175,444977.36,506808.324
600030.SH,20140626,10.0639,10.2245,10.0639,10.171,10.055,0.11599999999999966,1.1537,572775.92,653931.036
600030.SH,20140625,10.1442,10.1442,10.0193,10.055,10.1532,-0.09820000000000029,-0.9672,312742.81,352774.751
600030.SH,20140624,10.0461,10.1799,10.0372,10.1532,10.0372,0.11599999999999966,1.1557,374488.42,424244.02
600030.SH,20140623,10.0729,10.1264,10.0193,10.0372,10.0818,-0.044599999999999085,-0.4424,421417.35,475810.423
600030.SH,20140620,10.0193,10.0907,9.9658,10.0818,10.0193,0.0625,0.6238,472105.52,531339.585
600030.SH,20140619,10.2245,10.2959,9.9747,10.0193,10.2245,-0.20520000000000138,-2.0069,643611.05,730118.832
600030.SH,20140618,10.287,10.3673,10.2245,10.2245,10.2959,-0.0713999999999988,-0.6935,488895.15,563963.724
600030.SH,20140617,10.3494,10.394,10.2513,10.2959,10.394,-0.09810000000000052,-0.9438,570873.44,659204.879
600030.SH,20140616,10.2513,10.4387,10.2156,10.394,10.2245,0.16949999999999932,1.6578,1074135.65,1245258.322
600030.SH,20140613,10.0996,10.3316,10.0818,10.2245,10.1085,0.11600000000000144,1.1475,949416.25,1089887.263
600030.SH,20140612,10.1353,10.1888,10.0818,10.1085,10.1442,-0.03570000000000029,-0.3519,440530.11,500410.929
600030.SH,20140611,10.171,10.2334,10.0996,10.1442,10.2602,-0.11599999999999966,-1.1306,652213.99,743204.74
600030.SH,20140610,10.0282,10.287,9.9658,10.2602,9.9747,0.285499999999999,2.8622,1209673.85,1378379.007
600030.SH,20140609,10.0015,10.1532,9.9301,9.9747,10.0818,-0.10709999999999908,-1.0623,565837.48,636375.535
600030.SH,20140606,10.1799,10.1888,9.9926,10.0818,10.1799,-0.09810000000000052,-0.9637,592651.17,669358.314
600030.SH,20140605,10.0282,10.1978,9.9926,10.1799,10.0461,0.1338000000000008,1.3319,521452.08,590286.592
600030.SH,20140604,10.0907,10.0907,9.9658,10.0461,10.0907,-0.04460000000000086,-0.442,461481.04,517820.427
600030.SH,20140603,10.0996,10.2781,10.0818,10.0907,10.0996,-0.008900000000000574,-0.0881,588469.96,671066.711
600030.SH,20140530,10.0818,10.2513,10.0193,10.0996,10.0729,0.026699999999999946,0.2651,600149.24,681375.455
600030.SH,20140529,10.2156,10.2781,10.0639,10.0729,10.2424,-0.16949999999999932,-1.6549,620734.26,707492.141
600030.SH,20140528,9.9926,10.3048,9.9212,10.2424,9.9747,0.2676999999999996,2.6838,951972.47,1083479.349
600030.SH,20140527,10.1442,10.1621,9.9658,9.9747,10.1532,-0.17849999999999966,-1.7581,547935.68,618027.602
600030.SH,20140526,10.2156,10.2513,10.0729,10.1532,10.1888,-0.03560000000000052,-0.3494,558651.08,634499.51
600030.SH,20140523,10.0282,10.1978,10.0015,10.1888,10.0282,0.16060000000000052,1.6015,533326.71,604410.396
600030.SH,20140522,10.055,10.2602,9.9926,10.0282,10.055,-0.026799999999999713,-0.2665,736259.18,836577.755
600030.SH,20140521,9.8587,10.0818,9.832,10.055,9.9658,0.08919999999999995,0.8951,574315.09,641969.175
600030.SH,20140520,9.9569,10.0193,9.8587,9.9658,9.8677,0.09810000000000052,0.9942,488142.83,543666.915
600030.SH,20140519,10.0104,10.0193,9.8141,9.8677,10.1175,-0.24980000000000047,-2.469,927525.68,1027255.562
600030.SH,20140516,10.3851,10.4297,10.0818,10.1175,10.3762,-0.25870000000000104,-2.4932,899426.78,1029966.361
600030.SH,20140515,10.6349,10.6706,10.2959,10.3762,10.6349,-0.25869999999999926,-2.4326,854824.42,1002787.771
600030.SH,20140514,10.6171,10.7242,10.5368,10.6349,10.5725,0.06240000000000023,0.5902,785587.95,935994.35
600030.SH,20140513,10.6439,10.7063,10.5279,10.5725,10.6885,-0.11599999999999966,-1.0853,803943.89,955871.362
600030.SH,20140512,10.5279,10.7955,10.394,10.6885,10.287,0.40149999999999864,3.903,1697772.04,2020857.352
600030.SH,20140509,10.2156,10.403,10.1799,10.287,10.2245,0.0625,0.6113,795981.99,917780.139
600030.SH,20140508,10.1532,10.4833,10.0461,10.2245,10.1799,0.04460000000000086,0.4381,912761.54,1052842.696
600030.SH,20140507,10.171,10.3048,10.1442,10.1799,10.2067,-0.026799999999999713,-0.2626,630200.72,721281.394
600030.SH,20140506,10.1978,10.3316,10.171,10.2067,10.287,-0.08030000000000115,-0.7806,558674.33,640850.186
600030.SH,20140505,10.1264,10.3137,10.0015,10.287,10.1621,0.12490000000000023,1.2291,619173.44,703265.526
600030.SH,20140430,10.1888,10.2067,10.055,10.1621,10.1978,-0.03570000000000029,-0.3501,631741.16,719100.897
600030.SH,20140429,9.939,10.2067,9.7963,10.1978,9.9658,0.2320000000000011,2.328,908123.66,1019528.799
600030.SH,20140428,10.0104,10.0996,9.8587,9.9658,10.0015,-0.03570000000000029,-0.3569,808898.08,903050.328
600030.SH,20140425,10.2334,10.2959,9.9836,10.0015,10.2067,-0.2051999999999996,-2.0104,727500.78,827968.547
600030.SH,20140424,10.1442,10.2959,10.1264,10.2067,10.1978,0.008899999999998798,0.0873,647864.05,740662.196
600030.SH,20140423,10.171,10.2959,10.0907,10.1978,10.2513,-0.05349999999999966,-0.5219,825191.4,942314.116
600030.SH,20140422,10.1175,10.2602,9.9212,10.2513,10.171,0.08030000000000115,0.7895,1234356.74,1400617.884
600030.SH,20140421,10.5368,10.6528,10.1442,10.171,10.5814,-0.410400000000001,-3.8785,1187889.69,1386236.281
600030.SH,20140418,10.4119,10.6439,10.3405,10.5814,10.5011,0.08030000000000115,0.7647,1024665.55,1207549.404
600030.SH,20140417,10.6082,10.6617,10.4387,10.5011,10.5011,0.0,0.0,1083474.3,1282167.178
600030.SH,20140416,10.403,10.6795,10.394,10.5011,10.4476,0.05349999999999966,0.5121,1267725.38,1496462.737
600030.SH,20140415,10.7331,10.7598,10.4387,10.4476,10.8401,-0.39250000000000007,-3.6208,1726237.95,2043416.558
600030.SH,20140414,10.8223,10.974,10.6795,10.8401,10.9115,-0.07140000000000057,-0.6544,1615249.27,1952076.673
600030.SH,20140411,10.974,11.3219,10.858,10.9115,10.9561,-0.044599999999999085,-0.4071,4232956.6,5240655.887
600030.SH,20140410,9.9926,10.9829,9.9123,10.9561,9.9836,0.9725000000000001,9.741,4596214.99,5497219.85
600030.SH,20140409,10.0729,10.1085,9.9123,9.9836,10.055,-0.07140000000000057,-0.7101,728936.71,816319.883
600030.SH,20140408,9.7249,10.0996,9.6892,10.055,9.7338,0.32119999999999926,3.2998,1651243.45,1843100.682
600030.SH,20140404,9.5643,9.7517,9.5465,9.7338,9.6178,0.11599999999999966,1.2061,490884.96,531249.279
600030.SH,20140403,9.6803,9.8677,9.6089,9.6178,9.6178,0.0,0.0,952049.72,1040594.688
600030.SH,20140402,9.5732,9.6357,9.4929,9.6178,9.5554,0.06240000000000023,0.653,503833.05,541176.761
600030.SH,20140401,9.4126,9.5821,9.3769,9.5554,9.3948,0.16060000000000052,1.7095,455020.62,484969.851
600030.SH,20140331,9.5286,9.5643,9.3413,9.3948,9.5108,-0.11599999999999966,-1.2197,520480.03,550290.955
600030.SH,20140328,9.4483,9.6178,9.3948,9.5108,9.4037,0.10709999999999908,1.1389,813171.71,868628.83
600030.SH,20140327,9.5465,9.6624,9.3145,9.4037,9.4751,-0.0713999999999988,-0.7536,900949.76,957780.704
600030.SH,20140326,9.7249,9.7695,9.4572,9.4751,9.6,-0.12490000000000023,-1.301,692720.72,742565.438
600030.SH,20140325,9.5465,9.7249,9.5019,9.6,9.6,0.0,0.0,962041.09,1038585.206
600030.SH,20140324,9.4572,9.7606,9.3859,9.6,9.4216,0.1783999999999999,1.8935,1456539.06,1560062.214
600030.SH,20140321,8.9308,9.4572,8.8952,9.4216,8.9665,0.45509999999999984,5.0756,1235997.56,1278943.723
600030.SH,20140320,9.0022,9.1361,8.9576,8.9665,9.0201,-0.053599999999999426,-0.5942,466014.0,472723.212
600030.SH,20140319,9.0914,9.1093,8.9665,9.0201,9.1182,-0.09810000000000052,-1.0759,489177.62,493638.085
600030.SH,20140318,9.1807,9.2253,9.1093,9.1182,9.1717,-0.05349999999999966,-0.5833,398728.62,409036.162
600030.SH,20140317,9.1896,9.2431,9.0647,9.1717,9.1271,0.044599999999999085,0.4887,451834.23,462269.992
600030.SH,20140314,9.1004,9.252,9.0468,9.1271,9.1896,-0.0625,-0.6801,572836.57,585793.04
600030.SH,20140313,9.0647,9.3056,9.0468,9.1896,9.0201,0.1695000000000011,1.8791,759036.63,781733.75
600030.SH,20140312,9.029,9.1004,8.9219,9.0201,9.0825,-0.06240000000000023,-0.687,737089.15,744094.538
600030.SH,20140311,9.029,9.1093,8.9219,9.0825,9.029,0.05349999999999966,0.5925,745189.19,752441.323
600030.SH,20140310,9.261,9.2877,9.0022,9.029,9.3859,-0.35689999999999955,-3.8025,872512.99,894258.594
600030.SH,20140307,9.4394,9.5911,9.368,9.3859,9.5019,-0.11599999999999966,-1.2208,742645.12,788821.5
600030.SH,20140306,9.4751,9.5643,9.3145,9.5019,9.484,0.01789999999999914,0.1887,849699.8,900621.535
600030.SH,20140305,9.5286,9.6,9.3769,9.484,9.5019,-0.01789999999999914,-0.1884,698807.62,743654.396
600030.SH,20140304,9.4662,9.6,9.4483,9.5019,9.5019,0.0,0.0,863907.53,920644.515
600030.SH,20140303,9.5732,9.5911,9.4216,9.5019,9.6624,-0.16050000000000075,-1.6611,908896.71,967576.485
600030.SH,20140228,9.3323,9.7071,9.261,9.6624,9.3145,0.3478999999999992,3.735,1271052.15,1354110.52
600030.SH,20140227,9.3591,9.4394,9.2163,9.3145,9.2788,0.03570000000000029,0.3847,788984.14,823706.469
600030.SH,20140226,9.368,9.3948,9.1093,9.2788,9.3948,-0.11599999999999966,-1.2347,991141.84,1028362.179
600030.SH,20140225,9.5732,9.6357,9.3591,9.3948,9.5375,-0.1426999999999996,-1.4962,959879.78,1018527.616
600030.SH,20140224,9.7249,9.7249,9.4572,9.5375,9.7963,-0.2588000000000008,-2.6418,1077289.67,1152963.201
600030.SH,20140221,9.9033,9.9301,9.716,9.7963,9.9479,-0.15160000000000018,-1.5239,1112035.73,1224215.342
600030.SH,20140220,10.2334,10.3673,9.9212,9.9479,10.2513,-0.3033999999999999,-2.9596,1294634.12,1469235.713
600030.SH,20140219,10.2513,10.3673,10.0818,10.2513,10.2602,-0.008899999999998798,-0.0867,1297532.7,1483239.628
600030.SH,20140218,10.6171,10.626,10.2067,10.2602,10.626,-0.3658000000000001,-3.4425,1275369.58,1477416.456
600030.SH,20140217,10.6885,10.742,10.5546,10.626,10.5903,0.03570000000000029,0.3371,787781.75,936319.814
600030.SH,20140214,10.5725,10.6617,10.5279,10.5903,10.5903,0.0,0.0,520423.09,616708.895
600030.SH,20140213,10.6171,10.7509,10.4922,10.5903,10.6349,-0.04460000000000086,-0.4194,804669.04,956610.929
600030.SH,20140212,10.6617,10.8401,10.5814,10.6349,10.6528,-0.01789999999999914,-0.168,792141.67,946880.068
600030.SH,20140211,10.5279,10.8401,10.4565,10.6528,10.5457,0.10709999999999908,1.0156,1219994.64,1458463.15
600030.SH,20140210,10.287,10.5814,10.287,10.5457,10.2424,0.3033000000000001,2.9612,808082.67,949119.056
600030.SH,20140207,10.171,10.2691,10.1175,10.2424,10.3316,-0.08919999999999995,-0.8634,713618.25,815642.338
600030.SH,20140130,10.3673,10.403,10.2959,10.3316,10.4208,-0.08919999999999995,-0.856,413488.26,479837.298
600030.SH,20140129,10.403,10.4297,10.3048,10.4208,10.3494,0.07140000000000057,0.6899,511523.33,595515.48
600030.SH,20140128,10.394,10.4654,10.2691,10.3494,10.3137,0.03569999999999851,0.3461,497851.11,577282.63
600030.SH,20140127,10.5725,10.6171,10.2781,10.3137,10.6706,-0.35689999999999955,-3.3447,958085.22,1116084.808
600030.SH,20140124,10.5636,10.8045,10.5457,10.6706,10.626,0.04460000000000086,0.4197,721827.88,866175.864
600030.SH,20140123,10.7598,10.7866,10.5546,10.626,10.7777,-0.15169999999999995,-1.4075,724090.99,864779.141
600030.SH,20140122,10.5279,10.8134,10.4654,10.7777,10.4476,0.33009999999999984,3.1596,964499.41,1155764.608
600030.SH,20140121,10.3048,10.5992,10.3048,10.4476,10.2691,0.17849999999999966,1.7382,616706.9,723617.19
600030.SH,20140120,10.3048,10.403,10.2245,10.2691,10.394,-0.12490000000000023,-1.2017,382184.94,441567.386
600030.SH,20140117,10.2781,10.4119,10.1264,10.394,10.3137,0.08029999999999937,0.7786,798346.79,916384.031
600030.SH,20140116,10.2424,10.4565,10.1621,10.3137,10.2245,0.08919999999999995,0.8724,621322.59,720186.42
600030.SH,20140115,10.3227,10.3316,10.1175,10.2245,10.3316,-0.10709999999999908,-1.0366,470188.46,538306.838
600030.SH,20140114,10.1978,10.3851,10.1442,10.3316,10.1888,0.14279999999999937,1.4015,445778.74,513250.305
600030.SH,20140113,10.2602,10.3851,10.1353,10.1888,10.2781,-0.08929999999999971,-0.8688,551522.85,632531.514
600030.SH,20140110,10.51,10.5457,10.2602,10.2781,10.5457,-0.26759999999999984,-2.5375,759610.04,882822.756
600030.SH,20140109,10.7063,10.8045,10.5368,10.5457,10.7777,-0.23199999999999932,-2.1526,694232.12,831226.45
600030.SH,20140108,10.8045,10.9294,10.6706,10.7777,10.742,0.03569999999999851,0.3323,755163.96,912001.97
600030.SH,20140107,10.7509,10.8401,10.6795,10.742,10.9115,-0.16949999999999932,-1.5534,451627.78,543938.746
600030.SH,20140106,10.8848,10.9294,10.5814,10.9115,10.9115,0.0,0.0,1048667.22,1259462.642
600030.SH,20140103,11.1524,11.1524,10.8848,10.9115,11.2327,-0.32119999999999926,-2.8595,840376.19,1032334.582
600030.SH,20140102,11.2505,11.3219,11.1346,11.2327,11.3755,-0.14280000000000115,-1.2553,678216.33,852322.075
600030.SH,20131231,10.974,11.4201,10.9204,11.3755,11.0097,0.3658000000000001,3.3225,1460806.99,1835939.249
600030.SH,20131230,11.1881,11.2059,10.9918,11.0097,11.0721,-0.06240000000000023,-0.5636,894530.15,1112600.576
600030.SH,20131227,10.9026,11.1167,10.8669,11.0721,10.9204,0.15169999999999995,1.3891,1063412.32,1315903.361
600030.SH,20131226,11.0632,11.0721,10.7955,10.9204,11.1167,-0.19629999999999903,-1.7658,761345.11,930677.837
600030.SH,20131225,11.0097,11.1703,10.9561,11.1167,10.9918,0.12490000000000023,1.1363,686429.95,851201.59
600030.SH,20131224,11.0186,11.1256,10.8491,10.9918,10.9561,0.03570000000000029,0.3258,511124.67,630710.472
600030.SH,20131223,10.974,11.1167,10.8312,10.9561,10.9294,0.026699999999999946,0.2443,640909.29,788047.451
600030.SH,20131220,11.2416,11.2952,10.8312,10.9294,11.2416,-0.3122000000000007,-2.7772,1005523.33,1239015.62
600030.SH,20131219,11.2952,11.4111,11.1703,11.2416,11.2327,0.008900000000000574,0.0792,585071.44,741545.291
600030.SH,20131218,11.1078,11.3041,11.09,11.2327,11.1524,0.08029999999999937,0.72,474190.81,597002.89
600030.SH,20131217,11.1346,11.2416,11.0453,11.1524,11.1078,0.04460000000000086,0.4015,534731.57,668365.954
600030.SH,20131216,11.3665,11.4201,11.0543,11.1078,11.3398,-0.2320000000000011,-2.0459,865791.5,1084796.207
600030.SH,20131213,11.1078,11.3933,11.0721,11.3398,11.2505,0.08929999999999971,0.7937,674644.65,853081.316
600030.SH,20131212,11.2595,11.3576,11.1346,11.2505,11.313,-0.0625,-0.5525,737578.78,929903.26
600030.SH,20131211,11.5985,11.6253,11.1524,11.313,11.7145,-0.40149999999999864,-3.4274,1364159.3,1732272.933
600030.SH,20131210,11.652,11.8216,11.652,11.7145,11.652,0.0625,0.5364,744398.44,979661.504
600030.SH,20131209,11.6966,11.884,11.5985,11.652,11.6877,-0.03570000000000029,-0.3054,894642.1,1176954.526
600030.SH,20131206,11.9108,11.9554,11.5539,11.6877,12.0,-0.31230000000000047,-2.6025,2108873.4,2756362.931
600030.SH,20131205,11.9465,12.116,11.8572,12.0,11.9375,0.0625,0.5236,1037601.28,1396520.393
600030.SH,20131204,11.9554,12.2052,11.8929,11.9375,11.9554,-0.01789999999999914,-0.1497,1395371.23,1883749.286
600030.SH,20131203,11.9554,12.0446,11.7859,11.9554,12.0981,-0.14270000000000138,-1.1795,1337738.81,1785323.569
600030.SH,20131202,11.9108,12.3479,11.652,12.0981,11.5093,0.5888000000000009,5.1159,4017280.88,5404420.246
600030.SH,20131129,11.4825,11.545,11.3844,11.5093,11.4558,0.05349999999999966,0.467,869589.76,1117006.064
600030.SH,20131128,11.4825,11.7234,11.4111,11.4558,11.5182,-0.06240000000000023,-0.5418,1678835.99,2173811.411
600030.SH,20131127,11.1524,11.5896,11.1256,11.5182,11.1703,0.347900000000001,3.1145,2015663.39,2577532.954
600030.SH,20131126,11.1703,11.4468,11.0989,11.1703,11.197,-0.026699999999999946,-0.2385,1114300.17,1403133.03
600030.SH,20131125,11.1524,11.6431,11.081,11.197,11.313,-0.11600000000000144,-1.0254,1639713.91,2096004.223
600030.SH,20131122,11.3219,11.5361,11.1792,11.313,11.2059,0.10710000000000086,0.9557,2124268.03,2708012.778
600030.SH,20131121,11.3308,11.3308,10.9829,11.2059,11.4468,-0.2408999999999999,-2.1045,1985402.98,2486152.39
600030.SH,20131120,11.4914,11.5539,11.2149,11.4468,11.3755,0.07129999999999903,0.6268,1913982.0,2438066.105
600030.SH,20131119,11.4379,11.4647,11.2149,11.3755,11.3398,0.03570000000000029,0.3148,2589444.93,3288400.229
600030.SH,20131118,10.5903,11.3398,10.4565,11.3398,10.3048,1.0350000000000001,10.0439,4049204.02,4984694.336
600030.SH,20131115,9.7963,10.5725,9.7517,10.3048,9.7249,0.5799000000000003,5.963,1619912.83,1873428.922
600030.SH,20131114,9.6535,9.7606,9.6,9.7249,9.6357,0.08919999999999995,0.9257,385088.13,418346.441
600030.SH,20131113,9.8855,9.939,9.6357,9.6357,10.0015,-0.3658000000000001,-3.6575,656054.69,717597.232
600030.SH,20131112,9.8855,10.0461,9.8587,10.0015,9.8409,0.16060000000000052,1.632,524162.05,585923.737
600030.SH,20131111,9.8766,9.9301,9.7071,9.8409,9.8766,-0.03570000000000029,-0.3615,497689.95,547703.925
600030.SH,20131108,10.2245,10.3316,9.7249,9.8766,10.2513,-0.3747000000000007,-3.6551,849635.1,953648.054
600030.SH,20131107,10.3316,10.4119,10.2156,10.2513,10.3227,-0.0713999999999988,-0.6917,454357.1,525090.522
600030.SH,20131106,10.5279,10.5992,10.3137,10.3227,10.5636,-0.2408999999999999,-2.2805,565921.2,662846.263
600030.SH,20131105,10.5457,10.6171,10.3851,10.5636,10.6171,-0.053500000000001435,-0.5039,547049.23,643618.705
600030.SH,20131104,10.7598,10.7955,10.5546,10.6171,10.6885,-0.0713999999999988,-0.668,408062.86,486716.488
600030.SH,20131101,10.5992,10.7598,10.5368,10.6885,10.5725,0.11599999999999966,1.0972,669855.72,801778.221
600030.SH,20131031,10.7955,10.8045,10.5546,10.5725,10.7955,-0.22300000000000075,-2.0657,661621.49,789795.616
600030.SH,20131030,10.6795,10.8134,10.5636,10.7955,10.7331,0.06240000000000023,0.5814,904689.84,1082581.232
600030.SH,20131029,10.4833,10.7688,10.3048,10.7331,10.4476,0.28550000000000075,2.7327,1095402.3,1296250.357
600030.SH,20131028,10.403,10.5011,10.3494,10.4476,10.3851,0.0625,0.6018,521974.94,610793.443
600030.SH,20131025,10.5457,10.6617,10.3048,10.3851,10.5546,-0.1695000000000011,-1.6059,901829.14,1060449.461
600030.SH,20131024,10.6885,10.7063,10.51,10.5546,10.7598,-0.2051999999999996,-1.9071,615425.88,730878.578
600030.SH,20131023,10.8401,11.0453,10.7509,10.7598,10.7688,-0.009000000000000341,-0.0836,929363.02,1133725.036
600030.SH,20131022,10.974,10.974,10.7331,10.7688,10.9026,-0.13379999999999903,-1.2272,823798.12,1002431.766
600030.SH,20131021,10.7777,10.9383,10.5814,10.9026,10.7063,0.19629999999999903,1.8335,1300499.43,1572646.509
600030.SH,20131018,10.5279,10.9204,10.519,10.7063,10.5368,0.1695000000000011,1.6086,1093925.34,1318933.625
600030.SH,20131017,10.7331,10.7688,10.4833,10.5368,10.626,-0.08919999999999995,-0.8395,920340.46,1094869.902
600030.SH,20131016,10.8848,10.9026,10.5011,10.626,10.9294,-0.3033999999999999,-2.776,852051.46,1021854.746
600030.SH,20131015,10.8848,10.9383,10.7866,10.9294,10.8312,0.09819999999999851,0.9066,802112.95,976751.391
600030.SH,20131014,10.974,10.974,10.7509,10.8312,10.974,-0.14279999999999937,-1.3013,815065.62,990600.486
600030.SH,20131011,10.8669,11.0453,10.7598,10.974,10.7509,0.22310000000000052,2.0752,1093502.87,1337247.819
600030.SH,20131010,11.197,11.2059,10.7152,10.7509,11.1703,-0.41939999999999955,-3.7546,1154047.73,1406760.244
600030.SH,20131009,11.0453,11.2773,10.965,11.1703,11.081,0.08929999999999971,0.8059,876084.07,1092675.214
600030.SH,20131008,10.8937,11.1792,10.742,11.081,10.965,0.11599999999999966,1.0579,1035069.3,1273428.392
600030.SH,20130930,11.0543,11.1167,10.9026,10.965,11.0275,-0.0625,-0.5668,612936.67,753353.228
600030.SH,20130927,10.8312,11.0543,10.742,11.0275,10.7242,0.3033000000000001,2.8282,947215.87,1157439.404
600030.SH,20130926,10.9472,10.9561,10.7063,10.7242,10.9383,-0.21410000000000018,-1.9573,836610.3,1010341.307
600030.SH,20130925,10.9204,11.1881,10.8491,10.9383,10.9294,0.008900000000000574,0.0814,974568.0,1200813.148
600030.SH,20130924,11.3487,11.3576,10.8134,10.9294,11.3933,-0.46390000000000065,-4.0717,1650804.37,2033974.902
600030.SH,20130923,11.4022,11.4468,11.2238,11.3933,11.4111,-0.017799999999999372,-0.156,1031592.07,1311020.762
600030.SH,20130918,11.1524,11.429,10.9829,11.4111,11.2059,0.2051999999999996,1.8312,1343672.19,1690392.509
600030.SH,20130917,11.3933,11.4647,11.1524,11.2059,11.4647,-0.2588000000000008,-2.2574,1394238.35,1763393.833
600030.SH,20130916,11.8483,11.8483,11.2505,11.4647,11.7948,-0.33009999999999984,-2.7987,2284893.11,2931728.418
600030.SH,20130913,11.9821,12.0357,11.6342,11.7948,12.0981,-0.3033000000000001,-2.507,2176260.65,2881589.166
600030.SH,20130912,11.9554,12.3569,11.7323,12.0981,11.7502,0.347900000000001,2.9608,3574645.31,4824712.481
600030.SH,20130911,12.2141,12.223,11.661,11.7502,11.6342,0.11599999999999966,0.9971,4232911.12,5671850.136
600030.SH,20130910,10.6706,11.6342,10.6439,11.6342,10.5725,1.0617,10.0421,3682603.38,4561573.628
600030.SH,20130909,9.9747,10.7063,9.9212,10.5725,9.8766,0.6959,7.0459,2648730.1,3076779.097
600030.SH,20130906,9.8141,9.9926,9.8141,9.8766,9.8587,0.01789999999999914,0.1816,726291.52,803818.949
600030.SH,20130905,9.9033,9.9747,9.8409,9.8587,9.8944,-0.03569999999999851,-0.3608,449187.38,498745.353
600030.SH,20130904,9.9569,10.0104,9.8677,9.8944,9.9747,-0.08030000000000115,-0.805,586898.93,652772.779
600030.SH,20130903,9.939,9.9926,9.832,9.9747,9.8677,0.1070000000000011,1.0843,887542.3,988114.882
600030.SH,20130902,9.8409,9.9479,9.7338,9.8677,9.8409,0.026799999999999713,0.2723,598312.68,660853.329
600030.SH,20130830,9.7963,9.9926,9.6803,9.8409,9.8141,0.026799999999999713,0.2731,1006744.01,1113393.702
600030.SH,20130829,9.9747,10.0282,9.7606,9.8141,9.7784,0.03570000000000029,0.3651,724296.63,802355.561
600030.SH,20130828,9.823,9.9033,9.7427,9.7784,9.9479,-0.1695000000000011,-1.7039,696403.08,766287.432
600030.SH,20130827,9.8141,10.0282,9.7874,9.9479,9.8677,0.08020000000000138,0.8128,862355.88,955635.526
600030.SH,20130826,9.5643,9.939,9.5108,9.8677,9.3769,0.4908000000000001,5.2341,1412130.88,1538931.329
600030.SH,20130823,9.5465,9.5732,9.1896,9.3769,9.484,-0.10710000000000086,-1.1293,730415.02,769341.202
600030.SH,20130822,9.5197,9.6446,9.4572,9.484,9.5643,-0.08029999999999937,-0.8396,690113.33,737884.911
600030.SH,20130821,9.5286,9.6178,9.4305,9.5643,9.4929,0.0713999999999988,0.7521,624569.98,666998.453
600030.SH,20130820,9.6357,9.8052,9.4572,9.4929,9.7071,-0.21419999999999995,-2.2066,1244619.18,1341464.841
600030.SH,20130819,9.5911,9.7874,9.368,9.7071,9.823,-0.11589999999999989,-1.1799,1446178.12,1551642.63
600030.SH,20130816,9.8766,10.9472,9.7963,9.823,9.9479,-0.12490000000000023,-1.2555,2784981.29,3197063.127
600030.SH,20130815,10.0193,10.2602,9.939,9.9479,10.0193,-0.0713999999999988,-0.7126,695126.88,785835.612
600030.SH,20130814,10.1264,10.2691,9.9658,10.0193,10.1085,-0.08919999999999995,-0.8824,767136.93,871300.022
600030.SH,20130813,10.1175,10.2156,10.0282,10.1085,10.0818,0.026699999999999946,0.2648,925384.29,1049208.772
600030.SH,20130812,9.7249,10.0818,9.7249,10.0818,9.6981,0.38369999999999926,3.9564,1304902.81,1456180.713
600030.SH,20130809,9.6357,9.7695,9.5019,9.6981,9.5554,0.1426999999999996,1.4934,675195.77,730592.726
600030.SH,20130808,9.6535,9.7249,9.4572,9.5554,9.6535,-0.09809999999999874,-1.0162,566976.08,608268.596
600030.SH,20130807,9.6968,9.9312,9.5753,9.6534,9.6968,-0.043400000000000105,-0.4476,1016121.0,1141878.131
600030.SH,20130806,9.584,9.7663,9.4798,9.6968,9.6187,0.07809999999999917,0.812,776257.96,858895.333
600030.SH,20130805,9.4538,9.6187,9.419,9.6187,9.4972,0.12150000000000105,1.2793,564222.13,620474.016
600030.SH,20130802,9.6013,9.6708,9.393,9.4972,9.5232,-0.0259999999999998,-0.273,820463.78,900155.114
600030.SH,20130801,9.3583,9.5927,9.2367,9.5232,9.2454,0.27779999999999916,3.0047,916795.03,998128.937
600030.SH,20130731,9.419,9.5145,9.2107,9.2454,9.176,0.0693999999999999,0.7563,604440.59,653000.951
600030.SH,20130730,9.0978,9.4017,8.9763,9.176,8.9937,0.18229999999999968,2.027,623607.09,661289.483
600030.SH,20130729,9.0978,9.176,8.9763,8.9937,9.2541,-0.26039999999999885,-2.8139,535031.7,558583.683
600030.SH,20130726,9.2715,9.4104,9.1846,9.2541,9.3409,-0.08680000000000021,-0.9292,476406.12,510460.064
600030.SH,20130725,9.4364,9.5319,9.2888,9.3409,9.3669,-0.0259999999999998,-0.2776,735298.95,796746.045
600030.SH,20130724,9.3322,9.4538,9.1326,9.3669,9.4277,-0.06080000000000041,-0.6449,805011.61,861059.256
600030.SH,20130723,9.011,9.5058,8.9676,9.4277,8.9589,0.4687999999999999,5.2328,1070190.51,1148607.51
600030.SH,20130722,8.7419,9.0197,8.6898,8.9589,8.7853,0.17360000000000042,1.976,578702.61,594092.65
600030.SH,20130719,9.0197,9.1586,8.7766,8.7853,8.985,-0.1997,-2.2226,715255.7,739505.269
600030.SH,20130718,9.1586,9.3062,8.9589,8.985,9.2367,-0.25170000000000137,-2.725,809813.69,847196.149
600030.SH,20130717,9.4798,9.6274,9.202,9.2367,9.5232,-0.2864999999999984,-3.0084,927698.05,1004182.954
600030.SH,20130716,9.4624,9.5319,9.3322,9.5232,9.5145,0.008699999999999264,0.0914,801963.35,871656.533
600030.SH,20130715,9.3756,9.801,9.2454,9.5145,9.1499,0.36459999999999937,3.9847,1518316.37,1668553.138
600030.SH,20130712,9.4277,9.5927,9.1152,9.1499,9.5579,-0.4079999999999995,-4.2687,1161149.97,1256550.924
600030.SH,20130711,8.8982,9.7142,8.8287,9.5579,8.8548,0.703100000000001,7.9403,2051918.33,2206178.818
600030.SH,20130710,8.603,8.8808,8.5162,8.8548,8.5683,0.2864999999999984,3.3437,985456.71,992672.597
600030.SH,20130709,8.5596,8.7072,8.5422,8.5683,8.5422,0.026100000000001344,0.3055,424399.08,420634.567
600030.SH,20130708,8.6291,8.7506,8.5075,8.5422,8.7593,-0.2171000000000003,-2.4785,578768.82,573523.782
600030.SH,20130705,8.7679,8.9068,8.7245,8.7593,8.7332,0.026099999999999568,0.2989,645965.76,655699.643
600030.SH,20130704,8.577,8.9068,8.4815,8.7332,8.6551,0.07810000000000095,0.9024,895531.98,898804.468
600030.SH,20130703,8.7853,8.7853,8.577,8.6551,8.8461,-0.19100000000000072,-2.1591,699971.08,698010.257
600030.SH,20130702,8.8461,8.9676,8.6725,8.8461,8.8374,0.008699999999999264,0.0984,669519.6,678883.649
600030.SH,20130701,8.9242,8.9329,8.6551,8.8374,8.794,0.043400000000000105,0.4935,659290.42,668145.619
600030.SH,20130628,8.5249,9.0718,8.4728,8.794,8.5422,0.25180000000000113,2.9477,1180577.72,1196763.719
600030.SH,20130627,8.7245,8.8634,8.4728,8.5422,8.6725,-0.13030000000000008,-1.5025,891609.31,891176.629
600030.SH,20130626,8.6985,8.7766,8.5249,8.6725,8.6811,-0.008600000000001273,-0.0991,881361.47,878545.483
600030.SH,20130625,8.7332,8.8808,8.0648,8.6811,8.7593,-0.07819999999999894,-0.8928,1554332.04,1531345.384
600030.SH,20130624,9.5058,9.5232,8.7419,8.7593,9.5927,-0.833400000000001,-8.6879,1334535.93,1394820.67
600030.SH,20130621,9.202,9.6187,9.1499,9.5927,9.393,0.1997,2.1261,948994.61,1029984.303
600030.SH,20130620,9.584,9.584,9.3583,9.393,9.6795,-0.2865000000000002,-2.9599,709130.94,773270.244
600030.SH,20130619,9.6795,9.7142,9.3583,9.6795,9.7402,-0.060699999999998866,-0.6232,877490.57,965029.133
600030.SH,20130618,9.7316,9.8097,9.6187,9.7402,9.6534,0.08680000000000021,0.8992,519806.5,582885.492
600030.SH,20130617,9.8705,9.8965,9.5666,9.6534,9.8444,-0.19100000000000072,-1.9402,748509.54,836007.193
600030.SH,20130614,9.9052,9.9573,9.7576,9.8444,9.8531,-0.008699999999999264,-0.0883,903339.9,1022385.996
600030.SH,20130613,10.3132,10.3132,9.6447,9.8531,10.5215,-0.6684000000000001,-6.3527,1402090.19,1608492.149
600030.SH,20130607,10.9469,11.0685,10.426,10.5215,11.0424,-0.520900000000001,-4.7173,1603079.48,1978007.827
600030.SH,20130606,11.1119,11.1987,11.0077,11.0424,11.1813,-0.13889999999999958,-1.2423,609239.93,779768.198
600030.SH,20130605,11.1119,11.1813,11.0858,11.1813,11.0598,0.12150000000000105,1.0986,647033.05,829914.757
600030.SH,20130604,11.2594,11.2594,11.025,11.0598,11.2768,-0.21700000000000053,-1.9243,801065.75,1024981.098
600030.SH,20130603,11.2768,11.4851,11.216,11.2768,11.2768,0.0,0.0,789117.82,1029561.331
600030.SH,20130531,11.5112,11.5893,11.2594,11.2768,11.4678,-0.19100000000000072,-1.6655,802065.71,1055910.535
600030.SH,20130530,11.381,11.6588,11.3462,11.4678,11.4157,0.052100000000001145,0.4564,1133280.28,1506396.843
600030.SH,20130529,11.5459,11.5806,11.407,11.4157,11.5025,-0.08680000000000021,-0.7546,1294556.66,1713390.624
600030.SH,20130528,11.1813,11.5199,11.1466,11.5025,11.1639,0.33859999999999957,3.033,1723543.97,2251353.213
600030.SH,20130527,10.9816,11.2594,10.9469,11.1639,11.0077,0.15620000000000012,1.419,878149.81,1129120.605
600030.SH,20130524,11.0077,11.0858,10.8514,11.0077,10.9035,0.10420000000000051,0.9557,653417.72,826812.895
600030.SH,20130523,11.0945,11.1726,10.8861,10.9035,11.1553,-0.25180000000000113,-2.2572,909664.96,1155306.376
600030.SH,20130522,11.1987,11.3462,11.0858,11.1553,11.1119,0.043400000000000105,0.3906,870566.97,1124775.312
600030.SH,20130521,11.1987,11.2334,11.0164,11.1119,11.2334,-0.12149999999999928,-1.0816,910424.74,1164935.193
600030.SH,20130520,11.1292,11.3636,11.0424,11.2334,11.1032,0.13020000000000032,1.1726,1362297.06,1761510.656
600030.SH,20130517,10.9122,11.1639,10.8341,11.1032,10.9382,0.16499999999999915,1.5085,1117599.07,1417313.491
600030.SH,20130516,10.617,11.0077,10.5215,10.9382,10.6518,0.28640000000000043,2.6887,993513.37,1238255.795
600030.SH,20130515,10.6084,10.6952,10.5476,10.6518,10.5997,0.05209999999999937,0.4915,556145.85,680208.745
600030.SH,20130514,10.7646,10.7733,10.5302,10.5997,10.7993,-0.19960000000000022,-1.8483,755685.07,923286.467
600030.SH,20130513,11.0164,11.025,10.6778,10.7993,10.973,-0.1737000000000002,-1.583,782074.19,973457.621
600030.SH,20130510,10.8688,11.0771,10.8688,10.973,10.973,0.0,0.0,530337.55,670673.873
600030.SH,20130509,11.0077,11.0424,10.8167,10.973,11.0424,-0.0693999999999999,-0.6285,712074.24,896177.2
600030.SH,20130508,11.1205,11.2073,10.8948,11.0424,11.1205,-0.07809999999999917,-0.7023,983181.62,1247206.141
600030.SH,20130507,11.2334,11.2334,10.9643,11.1205,11.2508,-0.13030000000000008,-1.1581,871596.34,1111958.773
600030.SH,20130506,11.2594,11.3636,11.1379,11.2508,11.1639,0.08689999999999998,0.7784,917628.26,1189906.002
600030.SH,20130503,10.9556,11.3983,10.9469,11.1639,10.8341,0.32980000000000054,3.0441,1217907.93,1572104.914
600030.SH,20130502,10.6952,10.9035,10.5997,10.8341,10.782,0.05209999999999937,0.4832,673784.61,838046.524
600030.SH,20130426,10.8948,11.0164,10.7299,10.782,10.8601,-0.07809999999999917,-0.7191,661986.52,827319.342
600030.SH,20130425,10.8688,11.1726,10.7212,10.8601,10.9469,-0.08680000000000021,-0.7929,955566.13,1205188.738
600030.SH,20130424,10.6084,11.0945,10.4868,10.9469,10.5563,0.39059999999999917,3.7002,1084688.78,1349010.073
600030.SH,20130423,11.025,11.0598,10.4868,10.5563,11.1032,-0.546899999999999,-4.9256,1089032.01,1344060.627
600030.SH,20130422,11.0598,11.1553,10.9903,11.1032,11.1292,-0.026000000000001577,-0.2336,821111.08,1047222.105
600030.SH,20130419,10.5736,11.2421,10.5736,11.1292,10.5476,0.5816000000000017,5.5141,2006175.34,2536150.544
600030.SH,20130418,10.4087,10.7038,10.3045,10.5476,10.4781,0.06949999999999967,0.6633,673146.71,817293.615
600030.SH,20130417,10.5042,10.6257,10.3392,10.4781,10.5563,-0.07820000000000071,-0.7408,716243.79,865692.563
600030.SH,20130416,10.0528,10.7038,9.9833,10.5563,10.1396,0.4167000000000005,4.1096,1136462.16,1357500.23
600030.SH,20130415,10.1135,10.2524,9.9833,10.1396,10.1743,-0.03470000000000084,-0.3411,611244.38,713149.842
600030.SH,20130412,10.3826,10.4608,10.1396,10.1743,10.374,-0.1997,-1.925,662690.39,783796.398
600030.SH,20130411,10.5997,10.6518,10.3306,10.374,10.426,-0.0519999999999996,-0.4988,598892.72,720944.633
600030.SH,20130410,10.5215,10.5649,10.3045,10.426,10.5302,-0.10420000000000051,-0.9895,482420.91,579997.719
600030.SH,20130409,10.3826,10.6778,10.3653,10.5302,10.3306,0.19960000000000022,1.9321,944487.88,1144638.841
600030.SH,20130408,10.2437,10.3826,10.1656,10.3306,10.5215,-0.19089999999999918,-1.8144,1013302.06,1198141.14
600030.SH,20130403,10.6778,10.7472,10.5129,10.5215,10.6691,-0.14760000000000062,-1.3834,642135.58,785668.515
600030.SH,20130402,10.6431,10.7646,10.4174,10.6691,10.5823,0.08680000000000021,0.8202,1088447.26,1331574.305
600030.SH,20130401,10.5563,10.7038,10.5042,10.5823,10.5649,0.017400000000000304,0.1647,718531.65,878008.823
600030.SH,20130329,10.6778,10.7125,10.4955,10.5649,10.6518,-0.08689999999999998,-0.8158,645550.25,787357.427
600030.SH,20130328,10.7472,10.7993,10.5129,10.6518,11.0858,-0.43400000000000105,-3.9149,1443869.2,1771462.056
600030.SH,20130327,11.0077,11.2421,10.8601,11.0858,10.973,0.11280000000000001,1.028,1012622.1,1287861.877
600030.SH,20130326,11.2247,11.2247,10.8948,10.973,11.2768,-0.30379999999999896,-2.694,1268407.99,1606592.439
600030.SH,20130325,11.6501,11.6935,11.2508,11.2768,11.5546,-0.27780000000000094,-2.4042,1102998.19,1450812.218
600030.SH,20130322,11.7022,11.7369,11.4504,11.5546,11.6935,-0.13889999999999958,-1.1878,844234.54,1126210.219
600030.SH,20130321,11.6761,11.7629,11.5546,11.6935,11.6761,0.017400000000000304,0.149,1143235.66,1534619.844
600030.SH,20130320,11.0598,11.7195,10.9903,11.6761,10.9903,0.6858000000000004,6.24,1938897.91,2547512.754
600030.SH,20130319,10.9382,11.1466,10.7038,10.9903,10.9556,0.034699999999999065,0.3167,1262566.43,1590828.481
600030.SH,20130318,11.1553,11.1813,10.808,10.9556,11.19,-0.23439999999999905,-2.0947,1550590.94,1950645.881
600030.SH,20130315,11.4591,11.8237,10.8948,11.19,11.4244,-0.23440000000000083,-2.0517,1985998.24,2596435.919
600030.SH,20130314,11.3723,11.5286,11.3289,11.4244,11.4678,-0.043400000000000105,-0.3785,1109483.88,1460793.359
600030.SH,20130313,11.7543,11.789,11.3028,11.4678,11.7543,-0.2865000000000002,-2.4374,975020.89,1294042.361
600030.SH,20130312,11.8324,12.0928,11.624,11.7543,11.8845,-0.13019999999999854,-1.0955,885409.04,1208752.465
600030.SH,20130311,11.8932,12.0147,11.6588,11.8845,11.9279,-0.043400000000000105,-0.3639,822235.93,1119920.213
600030.SH,20130308,12.1536,12.2664,11.8584,11.9279,12.1362,-0.20830000000000126,-1.7164,883343.72,1222496.538
600030.SH,20130307,12.5008,12.6224,11.9973,12.1362,12.4922,-0.35599999999999987,-2.8498,1341393.28,1907324.5
600030.SH,20130306,12.6745,12.7005,12.3706,12.4922,12.5703,-0.07809999999999917,-0.6213,1076868.92,1555183.23
600030.SH,20130305,12.0321,12.605,12.0321,12.5703,11.9887,0.5815999999999999,4.8512,1593464.48,2259650.949
600030.SH,20130304,12.4574,12.5877,11.7629,11.9887,12.822,-0.8332999999999995,-6.499,2195823.1,3090593.185
600030.SH,20130301,12.7352,12.9089,12.414,12.822,12.7179,0.10409999999999897,0.8185,1269503.22,1861158.271
600030.SH,20130228,12.2664,12.7265,12.0841,12.7179,12.1102,0.6076999999999995,5.0181,1719815.2,2463856.261
600030.SH,20130227,11.8063,12.2925,11.8063,12.1102,11.7543,0.3559000000000001,3.0278,1342390.39,1866973.867
600030.SH,20130226,11.815,12.223,11.6761,11.7543,12.0147,-0.26039999999999885,-2.1673,1147088.05,1579305.335
600030.SH,20130225,12.1102,12.2404,11.9018,12.0147,11.9018,0.11289999999999978,0.9486,867953.6,1204178.491
600030.SH,20130222,12.0755,12.1796,11.8758,11.9018,12.0755,-0.1737000000000002,-1.4384,866466.07,1198557.497
600030.SH,20130221,12.5703,12.5703,11.98,12.0755,12.7526,-0.6770999999999994,-5.3095,1703094.31,2406081.706
600030.SH,20130220,12.605,12.822,12.3533,12.7526,12.605,0.14759999999999884,1.171,1193854.12,1725789.251
600030.SH,20130219,12.9349,12.9957,12.5529,12.605,13.0043,-0.3993000000000002,-3.0705,1360592.12,1988927.802
600030.SH,20130218,13.5947,13.6641,12.987,13.0043,13.4558,-0.45149999999999935,-3.3554,1094004.08,1663127.481
600030.SH,20130208,13.2735,13.5947,13.1866,13.4558,13.3082,0.14760000000000062,1.1091,1226115.04,1895852.823
600030.SH,20130207,13.2735,13.4905,12.9175,13.3082,13.2995,0.008699999999999264,0.0654,1600986.1,2442750.236
600030.SH,20130206,13.1172,13.6207,13.0651,13.2995,13.1172,0.18229999999999968,1.3898,1236388.12,1908420.794
600030.SH,20130205,13.0304,13.1953,12.8134,13.1172,13.2735,-0.15629999999999988,-1.1775,1491837.11,2234957.927
600030.SH,20130204,13.803,13.8638,13.204,13.2735,13.6641,-0.39059999999999917,-2.8586,2095974.25,3269782.627
600030.SH,20130201,13.0738,13.7596,13.0391,13.6641,13.178,0.48609999999999864,3.6887,1588708.91,2462881.919
600030.SH,20130131,13.2301,13.3603,12.9609,13.178,13.2301,-0.05209999999999937,-0.3938,1238623.96,1872890.765
600030.SH,20130130,13.0304,13.4558,12.822,13.2301,12.987,0.2431000000000001,1.8719,1752003.93,2654390.044
600030.SH,20130129,12.4748,13.0998,12.414,12.987,12.4488,0.5381999999999998,4.3233,2310652.99,3410330.242
600030.SH,20130128,11.8237,12.4922,11.8237,12.4488,11.7543,0.6944999999999997,5.9085,2009774.37,2843673.78
600030.SH,20130125,12.0234,12.1623,11.7109,11.7543,12.0321,-0.27779999999999916,-2.3088,1067488.81,1469089.203
600030.SH,20130124,11.9887,12.4227,11.9192,12.0321,12.0234,0.008699999999999264,0.0724,2311837.38,3249202.703
600030.SH,20130123,11.9105,12.1449,11.8063,12.0234,11.9539,0.06949999999999967,0.5814,887794.39,1222127.637
600030.SH,20130122,11.9279,12.223,11.7629,11.9539,11.98,-0.026099999999999568,-0.2179,1465792.39,2029671.505
600030.SH,20130121,11.789,12.0668,11.6674,11.98,11.7195,0.2605000000000004,2.2228,1346609.44,1848782.063
600030.SH,20130118,11.6761,11.9626,11.5459,11.7195,11.5633,0.15620000000000012,1.3508,1151847.37,1558456.286
600030.SH,20130117,11.5806,11.7977,11.407,11.5633,11.6327,-0.0693999999999999,-0.5966,848131.39,1131121.59
600030.SH,20130116,11.815,11.8498,11.3723,11.6327,11.8324,-0.1997,-1.6877,1145673.2,1529344.313
600030.SH,20130115,11.8063,12.006,11.7022,11.8324,11.7977,0.034699999999999065,0.2941,1503333.25,2056777.559
600030.SH,20130114,10.9643,11.8584,10.9382,11.7977,11.0337,0.7640000000000011,6.9242,1643087.27,2183016.587
600030.SH,20130111,11.4591,11.5372,10.9209,11.0337,11.4765,-0.4428000000000001,-3.8583,1176733.66,1512799.996
600030.SH,20130110,11.3289,11.7543,11.2942,11.4765,11.3115,0.16499999999999915,1.4587,1058183.33,1402853.911
600030.SH,20130109,11.2421,11.4938,11.1292,11.3115,11.3289,-0.017400000000000304,-0.1536,858974.04,1117425.271
600030.SH,20130108,11.5199,11.572,11.1553,11.3289,11.5112,-0.18229999999999968,-1.5837,1113939.8,1450599.339
600030.SH,20130107,11.4504,11.7803,11.3202,11.5112,11.5112,0.0,0.0,897895.65,1194370.357
600030.SH,20130104,11.8063,11.9105,11.3636,11.5112,11.598,-0.08680000000000021,-0.7484,1265743.64,1698015.326
600030.SH,20121231,11.4244,11.6154,11.3289,11.598,11.4244,0.17360000000000042,1.5196,1579458.38,2092252.355
600030.SH,20121228,10.6778,11.4938,10.5823,11.4244,10.591,0.833400000000001,7.8689,1775556.53,2247161.764
600030.SH,20121227,10.7212,10.782,10.5649,10.591,10.6604,-0.0693999999999999,-0.651,768511.86,944128.442
600030.SH,20121226,10.6865,10.7993,10.5476,10.6604,10.7212,-0.06080000000000041,-0.5671,662312.11,815242.414
600030.SH,20121225,10.2958,10.808,10.2003,10.7212,10.3479,0.3733000000000004,3.6075,1367136.04,1673092.592
600030.SH,20121224,10.3045,10.5823,10.2437,10.3479,10.3045,0.04339999999999833,0.4212,648791.27,779084.39
600030.SH,20121221,10.4868,10.6344,10.2437,10.3045,10.4521,-0.14759999999999884,-1.4122,857585.56,1029654.14
600030.SH,20121220,10.183,10.5476,10.1483,10.4521,10.2437,0.20839999999999925,2.0344,845890.64,1006404.393
600030.SH,20121219,10.2437,10.3826,10.0962,10.2437,10.2698,-0.026099999999999568,-0.2541,875452.64,1031803.251
600030.SH,20121218,10.2003,10.5476,10.1396,10.2698,10.2351,0.03470000000000084,0.339,1110686.85,1325693.318
600030.SH,20121217,10.0007,10.3479,9.9833,10.2351,10.0094,0.2256999999999998,2.2549,1289743.95,1514802.395
600030.SH,20121214,9.3756,10.1135,9.3496,10.0094,9.3235,0.6859000000000002,7.3567,1726516.89,1952643.321
600030.SH,20121213,9.3583,9.4017,9.2801,9.3235,9.393,-0.06950000000000145,-0.7399,357709.56,384865.037
600030.SH,20121212,9.4277,9.5145,9.3062,9.393,9.3669,0.026100000000001344,0.2786,446663.67,483502.709
600030.SH,20121211,9.4017,9.4798,9.3409,9.3669,9.4538,-0.08689999999999998,-0.9192,452563.72,490217.951
600030.SH,20121210,9.4017,9.584,9.3322,9.4538,9.2975,0.15629999999999988,1.6811,1046584.38,1144217.614
600030.SH,20121207,9.1152,9.393,9.0718,9.2975,9.1065,0.19099999999999895,2.0974,1249857.58,1336124.944
600030.SH,20121206,9.1673,9.228,9.0544,9.1065,9.1673,-0.06079999999999863,-0.6632,800274.92,843476.797
600030.SH,20121205,8.7766,9.419,8.7679,9.1673,8.8287,0.33859999999999957,3.8352,1950562.99,2066767.374
600030.SH,20121204,8.6898,8.8548,8.5943,8.8287,8.6811,0.14759999999999884,1.7002,476271.62,478348.959
600030.SH,20121203,8.6551,8.8982,8.6117,8.6811,8.6898,-0.008699999999999264,-0.1001,557228.46,562285.156
600030.SH,20121130,8.5336,8.7072,8.2818,8.6898,8.5075,0.18229999999999968,2.1428,719542.68,705439.17
600030.SH,20121129,8.9329,8.9937,8.4641,8.5075,8.8982,-0.39069999999999894,-4.3908,759906.59,760556.785
600030.SH,20121128,9.0023,9.0631,8.8721,8.8982,9.0197,-0.12150000000000105,-1.3471,349561.07,359578.318
600030.SH,20121127,9.1586,9.176,9.0023,9.0197,9.1933,-0.17360000000000042,-1.8883,400288.81,419298.478
600030.SH,20121126,9.2454,9.3409,9.1673,9.1933,9.2888,-0.09549999999999947,-1.0281,262266.75,279359.887
600030.SH,20121123,9.3583,9.393,9.2715,9.2888,9.2715,0.017300000000000537,0.1866,394092.34,423406.943
600030.SH,20121122,9.2541,9.3062,9.1846,9.2715,9.3235,-0.0519999999999996,-0.5577,423793.87,451288.276
600030.SH,20121121,9.0805,9.3409,9.0718,9.3235,9.0631,0.26039999999999885,2.8732,489928.14,520540.374
600030.SH,20121120,9.2715,9.2801,9.0544,9.0631,9.1933,-0.13020000000000032,-1.4162,212557.18,224435.961
600030.SH,20121119,9.1152,9.2888,9.0284,9.1933,9.1239,0.0693999999999999,0.7606,479440.33,507932.777
600030.SH,20121116,9.1065,9.202,9.0197,9.1239,9.1239,0.0,0.0,378058.07,396491.027
600030.SH,20121115,9.2454,9.3235,9.1065,9.1239,9.3149,-0.19099999999999895,-2.0505,292846.87,310941.8
600030.SH,20121114,9.2367,9.3756,9.1326,9.3149,9.2801,0.03480000000000061,0.375,320243.81,342104.561
600030.SH,20121113,9.4624,9.4624,9.0284,9.2801,9.4277,-0.14760000000000062,-1.5656,587973.79,621681.235
600030.SH,20121112,9.3583,9.4538,9.2888,9.4277,9.3583,0.0693999999999999,0.7416,327598.68,354203.996
600030.SH,20121109,9.4104,9.4711,9.3322,9.3583,9.4624,-0.10410000000000075,-1.1001,441331.24,476818.668
600030.SH,20121108,9.5666,9.6187,9.4451,9.4624,9.6621,-0.1997,-2.0668,558708.86,612792.364
600030.SH,20121107,9.7576,9.7923,9.6187,9.6621,9.7836,-0.12149999999999928,-1.2419,466185.14,520211.11
600030.SH,20121106,9.827,9.8531,9.5493,9.7836,9.7836,0.0,0.0,576598.36,643989.002
600030.SH,20121105,9.8097,9.8791,9.7489,9.7836,9.827,-0.043400000000000105,-0.4416,313455.33,353930.366
600030.SH,20121102,9.7229,9.8444,9.6274,9.827,9.7142,0.11280000000000001,1.1612,506112.2,568413.311
600030.SH,20121101,9.4711,9.7402,9.4711,9.7142,9.4538,0.26040000000000063,2.7544,955470.49,1061386.831
600030.SH,20121031,9.419,9.4798,9.3496,9.4538,9.3496,0.10419999999999874,1.1145,330136.51,357833.108
600030.SH,20121030,9.3235,9.4885,9.2975,9.3496,9.3322,0.017400000000000304,0.1865,455628.47,491993.534
600030.SH,20121029,9.5927,9.6013,9.2801,9.3322,9.5493,-0.2171000000000003,-2.2735,593279.46,641603.203
600030.SH,20121026,9.8184,9.8531,9.4798,9.5493,9.801,-0.2516999999999996,-2.5681,666595.42,737233.059
600030.SH,20121025,9.9052,9.9746,9.7836,9.801,9.9052,-0.10420000000000051,-1.052,349344.62,397389.572
600030.SH,20121024,9.9573,10.0267,9.8878,9.9052,9.9833,-0.07809999999999917,-0.7823,347904.59,398861.507
600030.SH,20121023,10.2698,10.2871,9.9399,9.9833,10.2524,-0.2690999999999999,-2.6248,594474.84,691049.669
600030.SH,20121022,10.1222,10.2871,10.1048,10.2524,10.183,0.0693999999999999,0.6815,343047.3,404299.405
600030.SH,20121019,10.2611,10.2958,10.1483,10.183,10.2524,-0.0693999999999999,-0.6769,335062.74,394501.406
600030.SH,20121018,10.1135,10.2958,10.0441,10.2524,10.0788,0.17360000000000042,1.7224,533999.64,626708.291
600030.SH,20121017,10.1656,10.2177,9.9746,10.0788,10.1135,-0.03470000000000084,-0.3431,368877.16,429964.692
600030.SH,20121016,10.0354,10.2351,10.0354,10.1135,10.0701,0.043400000000000105,0.431,400570.22,467847.866
600030.SH,20121015,10.0528,10.1656,9.9312,10.0701,10.018,0.05209999999999937,0.5201,352879.46,408173.834
600030.SH,20121012,10.1396,10.2351,9.827,10.018,10.0528,-0.03479999999999883,-0.3462,506598.08,583339.428
600030.SH,20121011,10.2003,10.2698,9.9833,10.0528,10.2437,-0.19090000000000096,-1.8636,459586.19,535112.827
600030.SH,20121010,10.2524,10.2871,10.183,10.2437,10.2958,-0.05209999999999937,-0.506,421126.47,496560.401
600030.SH,20121009,10.0614,10.374,10.0614,10.2958,9.9746,0.32119999999999926,3.2202,698697.61,826007.339
600030.SH,20121008,10.2351,10.3479,9.8965,9.9746,10.2351,-0.2604999999999986,-2.5452,630681.3,732760.114
600030.SH,20120928,9.9225,10.2524,9.8878,10.2351,10.018,0.21709999999999852,2.1671,1052928.25,1229941.973
600030.SH,20120927,9.5579,10.1656,9.5493,10.018,9.5493,0.4687000000000001,4.9082,1226679.41,1401496.468
600030.SH,20120926,9.5753,9.7229,9.5145,9.5493,9.5666,-0.01729999999999876,-0.1808,409795.71,452475.513
600030.SH,20120925,9.3756,9.7663,9.3669,9.5666,9.4017,0.16489999999999938,1.7539,762325.15,842694.135
600030.SH,20120924,9.2194,9.5753,9.176,9.4017,9.3496,0.05209999999999937,0.5572,542901.21,587624.735
600030.SH,20120921,9.3062,9.4711,9.2715,9.3496,9.3756,-0.0259999999999998,-0.2773,347340.68,374740.431
600030.SH,20120920,9.4711,9.4711,9.3062,9.3756,9.4885,-0.11289999999999978,-1.1899,566675.19,612645.795
600030.SH,20120919,9.393,9.5493,9.3756,9.4885,9.393,0.09549999999999947,1.0167,442909.7,483216.945
600030.SH,20120918,9.4017,9.5232,9.2888,9.393,9.4624,-0.0693999999999999,-0.7334,351791.13,381872.214
600030.SH,20120917,9.827,9.8965,9.4451,9.4624,9.8618,-0.3994,-4.05,655395.24,726357.14
600030.SH,20120914,9.9139,10.0267,9.7489,9.8618,9.7576,0.10420000000000051,1.0679,701840.35,799853.869
600030.SH,20120913,9.8097,9.9746,9.7489,9.7576,9.8444,-0.08680000000000021,-0.8817,381101.7,433849.411
600030.SH,20120912,9.8791,9.9833,9.7316,9.8444,9.801,0.043400000000000105,0.4428,559491.38,634659.396
600030.SH,20120911,9.8965,9.8965,9.6187,9.801,9.9399,-0.13889999999999958,-1.3974,788399.9,883254.531
600030.SH,20120910,9.9659,10.1483,9.8184,9.9399,9.9659,-0.0259999999999998,-0.2609,872598.39,1005387.049
600030.SH,20120907,9.3756,10.0528,9.3756,9.9659,9.2628,0.7030999999999992,7.5906,1461379.7,1648934.393
600030.SH,20120906,9.2454,9.3409,9.1673,9.2628,9.2194,0.043400000000000105,0.4707,324922.23,345806.637
600030.SH,20120905,9.1239,9.3062,9.1239,9.2194,9.1846,0.03480000000000061,0.3789,354763.55,377035.6
600030.SH,20120904,9.2454,9.393,9.1326,9.1846,9.1326,0.0519999999999996,0.5694,622149.87,664962.92
600030.SH,20120903,8.8114,9.2367,8.7766,9.1326,8.8721,0.2605000000000004,2.9362,636278.82,665152.698
600030.SH,20120831,8.8982,9.0023,8.8548,8.8721,8.9763,-0.10420000000000051,-1.1608,277908.17,285637.609
600030.SH,20120830,8.7245,9.0805,8.7245,8.9763,8.8287,0.14760000000000062,1.6718,703608.13,723966.966
600030.SH,20120829,8.7679,8.9589,8.7419,8.8287,8.8895,-0.06080000000000041,-0.684,350356.3,357216.953
600030.SH,20120828,8.8461,9.0631,8.6725,8.8895,8.8461,0.043400000000000105,0.4906,716068.85,729863.766
600030.SH,20120827,9.2975,9.3149,8.82,8.8461,9.3409,-0.4947999999999997,-5.2971,979812.79,1014250.837
600030.SH,20120824,9.3669,9.3843,9.2454,9.3409,9.3843,-0.043400000000000105,-0.4625,348413.95,374161.16
600030.SH,20120823,9.4104,9.5232,9.3235,9.3843,9.3843,0.0,0.0,409856.69,444361.901
600030.SH,20120822,9.3756,9.4277,9.2975,9.3843,9.3496,0.034699999999999065,0.3711,411130.22,442619.864
600030.SH,20120821,9.3149,9.4798,9.2628,9.3496,9.3322,0.017400000000000304,0.1865,424776.57,458569.149
600030.SH,20120820,9.2715,9.3756,9.1673,9.3322,9.3756,-0.043400000000000105,-0.4629,469967.55,500758.632
600030.SH,20120817,9.3149,9.393,9.2454,9.3756,9.3149,0.06070000000000064,0.6516,324766.3,348295.617
600030.SH,20120816,9.2888,9.5058,9.2801,9.3149,9.2888,0.026099999999999568,0.281,549711.94,593589.589
600030.SH,20120815,9.3583,9.3583,9.2454,9.2888,9.3843,-0.09549999999999947,-1.0177,429076.46,459199.176
600030.SH,20120814,9.5579,9.5927,9.1152,9.3843,9.5406,-0.15629999999999988,-1.6383,1076962.25,1151573.592
600030.SH,20120813,10.4781,10.4781,9.4624,9.5406,10.4955,-0.9549000000000003,-9.0982,1751485.88,1983026.372
600030.SH,20120810,10.6257,10.6257,10.4347,10.4955,10.6257,-0.13020000000000032,-1.2253,321808.35,389392.585
600030.SH,20120809,10.591,10.6431,10.4087,10.6257,10.5997,0.0259999999999998,0.2453,386940.47,469699.301
600030.SH,20120808,10.6604,10.7299,10.5649,10.5997,10.5736,0.026099999999999568,0.2468,420227.95,514782.403
600030.SH,20120807,10.617,10.6865,10.5302,10.5736,10.591,-0.017399999999998528,-0.1643,327227.59,399979.059
600030.SH,20120806,10.4174,10.6431,10.374,10.591,10.426,0.16499999999999915,1.5826,445725.93,541946.855
600030.SH,20120803,10.4695,10.5042,10.2524,10.426,10.3826,0.043400000000000105,0.418,328782.72,392209.874
600030.SH,20120802,10.4695,10.4868,10.2351,10.3826,10.4174,-0.03480000000000061,-0.3341,379637.38,453565.101
600030.SH,20120801,10.2657,10.5003,10.2657,10.4165,10.2405,0.17599999999999838,1.7187,527406.68,654959.995
600030.SH,20120731,10.1232,10.2992,10.0729,10.2405,10.1065,0.13400000000000034,1.3259,331082.93,403657.815
600030.SH,20120730,10.2405,10.3579,10.0729,10.1065,10.2322,-0.12570000000000014,-1.2285,592094.24,719419.299
600030.SH,20120727,10.2992,10.4417,10.14,10.2322,10.2405,-0.008300000000000196,-0.0811,483691.11,592396.003
600030.SH,20120726,10.1819,10.3327,10.14,10.2405,10.2238,0.01670000000000016,0.1633,440577.1,538265.09
600030.SH,20120725,10.2657,10.383,10.1567,10.2238,10.2824,-0.05860000000000021,-0.5699,352229.8,430778.623
600030.SH,20120724,10.2405,10.4249,10.1065,10.2824,10.3076,-0.02519999999999989,-0.2445,822685.1,1007130.485
600030.SH,20120723,10.6512,10.6763,10.2322,10.3076,10.7434,-0.43579999999999863,-4.0564,801885.36,998065.044
600030.SH,20120720,10.7601,10.8858,10.6847,10.7434,10.8439,-0.10050000000000026,-0.9268,384670.07,494056.542
600030.SH,20120719,10.8104,11.0953,10.7434,10.8439,10.8523,-0.008399999999999963,-0.0774,772070.0,1009193.831
600030.SH,20120718,10.7182,10.8942,10.4752,10.8523,10.7434,0.10890000000000022,1.0136,533201.2,683585.747
600030.SH,20120717,10.4082,10.9445,10.3998,10.7434,10.4668,0.2766000000000002,2.6426,630208.44,806835.786
600030.SH,20120716,10.6763,10.6931,10.3914,10.4668,10.6093,-0.14250000000000007,-1.3432,361023.7,452793.292
600030.SH,20120713,10.5925,10.911,10.5925,10.6093,10.6763,-0.06700000000000017,-0.6276,467751.04,598173.073
600030.SH,20120712,10.3411,10.8104,10.2489,10.6763,10.4082,0.2680999999999987,2.5759,838443.19,1054970.765
600030.SH,20120711,10.1567,10.4165,10.1484,10.4082,10.1819,0.22630000000000017,2.2226,472051.84,581899.188
600030.SH,20120710,10.0981,10.3076,10.0897,10.1819,10.14,0.04190000000000005,0.4132,465168.14,566065.743
600030.SH,20120709,10.3914,10.5003,10.1316,10.14,10.5339,-0.3938999999999986,-3.7394,467644.19,574833.372
600030.SH,20120706,10.3076,10.6344,10.0981,10.5339,10.207,0.3268999999999984,3.2027,583266.94,719538.624
600030.SH,20120705,10.4082,10.4333,10.1819,10.207,10.492,-0.28500000000000014,-2.7164,419108.71,513786.398
600030.SH,20120704,10.5925,10.6177,10.4836,10.492,10.559,-0.0669999999999984,-0.6345,242873.31,305158.021
600030.SH,20120703,10.5506,10.6679,10.3914,10.559,10.5339,0.025100000000000122,0.2383,626833.56,788808.104
600030.SH,20120702,10.5674,10.7015,10.4752,10.5339,10.5841,-0.050200000000000244,-0.4743,494234.6,624347.745
600030.SH,20120629,10.0562,10.6093,10.031,10.5841,10.1065,0.4775999999999989,4.7257,754988.51,938303.777
600030.SH,20120628,10.3998,10.5087,10.0981,10.1065,10.3746,-0.2680999999999987,-2.5842,539306.28,665298.658
600030.SH,20120627,10.3495,10.5171,10.3243,10.3746,10.3495,0.025099999999998346,0.2425,324958.43,403775.596
600030.SH,20120626,10.2657,10.4417,10.1651,10.3495,10.316,0.033500000000000085,0.3247,508039.38,627032.143
600030.SH,20120625,10.6009,10.6009,10.2741,10.316,10.6009,-0.2848999999999986,-2.6875,863046.84,1066652.836
600030.SH,20120621,11.1456,11.1456,10.559,10.6009,11.2294,-0.6285000000000007,-5.5969,1216538.5,1566527.94
600030.SH,20120619,11.3551,11.3802,11.2126,11.2294,11.3886,-0.15920000000000023,-1.3979,363310.7,487965.608
600030.SH,20120618,11.33,11.5227,11.3132,11.3886,11.2797,0.10890000000000022,0.9655,527973.57,719340.463
600030.SH,20120615,11.2713,11.3467,11.1037,11.2797,11.1875,0.09220000000000006,0.8241,439599.72,589670.235
600030.SH,20120614,11.2629,11.3802,11.154,11.1875,11.3216,-0.1341000000000001,-1.1845,523163.33,704636.068
600030.SH,20120613,11.221,11.4054,10.9612,11.3216,11.1372,0.18440000000000012,1.6557,909751.83,1219000.643
600030.SH,20120612,11.2126,11.2713,11.0786,11.1372,11.2964,-0.15920000000000023,-1.4093,451029.74,600930.061
600030.SH,20120611,11.0702,11.3132,11.0534,11.2964,11.0115,0.2849000000000004,2.5873,580208.35,776380.398
600030.SH,20120608,11.2043,11.2294,10.9612,11.0115,11.0199,-0.008399999999999963,-0.0762,540266.11,715415.579
600030.SH,20120607,11.1205,11.2629,10.9529,11.0199,10.978,0.04190000000000005,0.3817,617648.89,819995.078
600030.SH,20120606,11.045,11.1624,10.8942,10.978,11.0031,-0.025100000000000122,-0.2281,491372.79,644609.12
600030.SH,20120605,11.1875,11.2462,10.9612,11.0031,11.1791,-0.17600000000000016,-1.5744,629180.82,830447.735
600030.SH,20120604,11.397,11.5562,11.1205,11.1791,11.6317,-0.45260000000000034,-3.8911,887823.31,1200522.264
600030.SH,20120601,11.5395,11.7238,11.5395,11.6317,11.5395,0.09220000000000006,0.799,717990.74,998649.614
600030.SH,20120531,11.4808,11.6819,11.4389,11.5395,11.5814,-0.04190000000000005,-0.3618,589309.38,813185.702
600030.SH,20120530,11.5143,11.6317,11.464,11.5814,11.5143,0.06709999999999994,0.5828,882067.34,1217479.895
600030.SH,20120529,11.2881,11.6736,11.2378,11.5143,11.3048,0.20950000000000024,1.8532,1490903.65,2048848.038
600030.SH,20120528,11.045,11.3048,10.8774,11.3048,11.0953,0.20950000000000024,1.8882,828179.35,1098672.364
600030.SH,20120525,11.2378,11.397,11.0283,11.0953,11.2629,-0.1676000000000002,-1.4881,829393.27,1110595.702
600030.SH,20120524,11.397,11.4808,11.1875,11.2629,11.397,-0.1341000000000001,-1.1766,841879.2,1138625.204
600030.SH,20120523,11.1205,11.4389,11.0786,11.397,11.1456,0.2514000000000003,2.2556,1547852.44,2082910.217
600030.SH,20120522,10.8942,11.1875,10.8942,11.1456,10.8439,0.3017000000000003,2.7822,941591.73,1244270.149
600030.SH,20120521,10.9026,11.0367,10.7853,10.8439,10.9529,-0.10899999999999999,-0.9952,599875.14,780467.611
600030.SH,20120518,11.0367,11.1456,10.911,10.9529,11.154,-0.20110000000000028,-1.8029,842342.42,1106516.257
600030.SH,20120517,10.7685,11.2126,10.7685,11.154,10.7434,0.4106000000000005,3.8219,1370557.99,1806457.472
600030.SH,20120516,10.8774,11.0953,10.7266,10.7434,10.9193,-0.1759000000000004,-1.6109,770641.74,1002078.332
600030.SH,20120515,10.7015,10.9696,10.6596,10.9193,10.7853,0.13400000000000034,1.2424,678079.99,876052.6
600030.SH,20120514,10.8355,11.0031,10.6512,10.7853,10.7015,0.0838000000000001,0.7831,1019461.91,1320660.932
600030.SH,20120511,10.8272,10.911,10.6596,10.7015,10.8774,-0.1759000000000004,-1.6171,595682.39,765634.76
600030.SH,20120510,10.7936,10.9529,10.7015,10.8774,10.7936,0.0838000000000001,0.7764,784805.36,1013403.265
600030.SH,20120509,10.8272,10.9864,10.7853,10.7936,10.9696,-0.17600000000000016,-1.6044,881316.09,1141525.501
600030.SH,20120508,11.2294,11.2964,10.8942,10.9696,11.1959,-0.22630000000000017,-2.0213,1086609.03,1425928.848
600030.SH,20120507,11.2545,11.3467,11.1037,11.1959,11.3383,-0.1424000000000003,-1.2559,1040545.68,1390480.333
600030.SH,20120504,11.3132,11.4389,11.1037,11.3383,11.3467,-0.008399999999999963,-0.074,1098371.43,1473368.319
600030.SH,20120503,11.0199,11.4138,10.978,11.3467,11.0367,0.3100000000000005,2.8088,1456595.19,1955591.445
600030.SH,20120502,11.2294,11.2713,10.9948,11.0367,10.8942,0.14250000000000007,1.308,1318816.96,1750772.211
600030.SH,20120427,10.9948,11.1121,10.8774,10.8942,11.0031,-0.10890000000000022,-0.9897,651169.7,851740.162
600030.SH,20120426,11.0618,11.154,10.8607,11.0031,11.0283,-0.02519999999999989,-0.2285,1055849.72,1388974.739
600030.SH,20120425,11.1037,11.2545,10.9864,11.0283,11.1037,-0.07540000000000013,-0.6791,972157.69,1287140.047
600030.SH,20120424,10.9361,11.3132,10.7098,11.1037,10.9948,0.10890000000000022,0.9905,1780953.21,2335152.174
600030.SH,20120423,11.2629,11.2629,10.978,10.9948,11.3132,-0.31840000000000046,-2.8144,1225807.66,1629304.989
600030.SH,20120420,11.1456,11.4808,10.9948,11.3132,11.1372,0.17600000000000016,1.5803,1816800.99,2443375.527
600030.SH,20120419,11.2294,11.2881,11.0367,11.1372,11.221,-0.0838000000000001,-0.7468,1300558.79,1736979.621
600030.SH,20120418,10.7266,11.2378,10.6177,11.221,10.7098,0.5112000000000005,4.7732,1865679.51,2450245.322
600030.SH,20120417,11.0199,11.0786,10.6763,10.7098,11.045,-0.3352000000000004,-3.0349,913590.61,1180674.088
600030.SH,20120416,10.8942,11.1624,10.8272,11.045,11.0199,0.025100000000000122,0.2278,970697.33,1280219.337
600030.SH,20120413,10.9026,11.2378,10.8691,11.0199,10.8858,0.1341000000000001,1.2319,1735747.57,2294790.055
600030.SH,20120412,10.5003,10.911,10.4584,10.8858,10.4584,0.42740000000000045,4.0867,1844358.45,2360354.231
600030.SH,20120411,10.316,10.6009,10.2489,10.4584,10.4668,-0.008399999999999963,-0.0803,691137.22,862533.736
600030.SH,20120410,10.2489,10.4752,10.0646,10.4668,10.2908,0.17599999999999838,1.7103,683697.02,839078.575
600030.SH,20120409,10.4082,10.4752,10.2573,10.2908,10.4082,-0.11739999999999995,-1.128,459126.0,567421.742
600030.SH,20120406,10.2489,10.5087,10.2489,10.4082,10.2741,0.1341000000000001,1.3052,886876.95,1099580.579
600030.SH,20120405,9.7545,10.6847,9.6707,10.2741,9.7126,0.5615000000000006,5.7812,1598718.95,1952532.145
600030.SH,20120330,9.5366,9.7713,9.5366,9.7126,9.4612,0.2514000000000003,2.6572,731571.55,844021.576
600030.SH,20120329,9.5199,9.6372,9.3523,9.4612,9.6037,-0.14250000000000007,-1.4838,683091.63,773540.938
600030.SH,20120328,9.7796,9.7964,9.5701,9.6037,9.7964,-0.19270000000000032,-1.967,569254.06,657518.905
600030.SH,20120327,9.8551,9.9053,9.7629,9.7964,9.7629,0.033500000000000085,0.3431,308027.32,361822.249
600030.SH,20120326,9.7545,9.8299,9.6875,9.7629,9.7629,0.0,0.0,334389.97,389176.373
600030.SH,20120323,9.7796,9.9389,9.6707,9.7629,9.8383,-0.07540000000000013,-0.7664,568187.13,665598.876
600030.SH,20120322,9.7461,9.9305,9.6791,9.8383,9.7294,0.10890000000000022,1.1193,460973.04,539860.562
600030.SH,20120321,9.9724,10.0059,9.5869,9.7294,9.8467,-0.11730000000000018,-1.1913,939325.88,1095742.183
600030.SH,20120320,10.2238,10.2573,9.8048,9.8467,10.2657,-0.4190000000000005,-4.0816,1032009.34,1226743.884
600030.SH,20120319,10.2657,10.3495,10.0981,10.2657,10.3076,-0.04190000000000005,-0.4065,650744.35,795808.058
600030.SH,20120316,10.0059,10.3243,10.0059,10.3076,9.9724,0.3352000000000004,3.3613,849728.15,1035151.754
600030.SH,20120315,10.0394,10.1316,9.8634,9.9724,10.0394,-0.06700000000000017,-0.6674,919756.96,1100780.395
600030.SH,20120314,10.5171,10.6679,10.0059,10.0394,10.4249,-0.3854999999999986,-3.6979,1522577.33,1882811.252
600030.SH,20120313,10.3411,10.4752,10.316,10.4249,10.3579,0.0669999999999984,0.6468,451034.07,560200.133
600030.SH,20120312,10.4333,10.5841,10.2154,10.3579,10.4501,-0.09220000000000006,-0.8823,815539.52,1010419.877
600030.SH,20120309,10.4752,10.5087,10.3662,10.4501,10.4501,0.0,0.0,777567.99,968863.745
600030.SH,20120308,10.1819,10.5255,10.1819,10.4501,10.1316,0.3185000000000002,3.1436,1306125.62,1623168.136
600030.SH,20120307,10.0646,10.2992,9.9305,10.1316,10.207,-0.07540000000000013,-0.7387,981780.35,1186644.39
600030.SH,20120306,10.2741,10.2741,10.14,10.207,10.2824,-0.07540000000000013,-0.7333,653961.65,796287.916
600030.SH,20120305,10.3495,10.5087,10.2741,10.2824,10.2573,0.025100000000000122,0.2447,1146249.3,1422622.66
600030.SH,20120302,9.9389,10.2992,9.9389,10.2573,9.9305,0.3268000000000004,3.2909,1088991.26,1320279.528
600030.SH,20120301,9.8215,10.031,9.7964,9.9305,9.8886,0.04190000000000005,0.4237,461556.86,547935.047
600030.SH,20120229,10.0394,10.0394,9.788,9.8886,10.0646,-0.17600000000000016,-1.7487,693353.26,819488.493
600030.SH,20120228,9.9891,10.1232,9.9305,10.0646,10.0227,0.04190000000000005,0.4181,689258.27,824409.478
600030.SH,20120227,9.9556,10.207,9.9556,10.0227,9.8802,0.14250000000000007,1.4423,1537740.33,1854617.74
600030.SH,20120224,9.6456,9.9389,9.6204,9.8802,9.6456,0.23460000000000036,2.4322,1138315.25,1332453.847
600030.SH,20120223,9.7126,9.7461,9.5618,9.6456,9.7126,-0.06700000000000017,-0.6898,724840.44,836639.935
600030.SH,20120222,9.4109,9.7629,9.369,9.7126,9.4109,0.3017000000000003,3.2059,1173387.29,1345631.258
600030.SH,20120221,9.3858,9.4528,9.2517,9.4109,9.3523,0.05860000000000021,0.6266,509856.07,569439.016
600030.SH,20120220,9.4863,9.5701,9.3355,9.3523,9.3355,0.016799999999999926,0.18,725013.87,819491.205
600030.SH,20120217,9.4025,9.4612,9.2852,9.3355,9.3271,0.008399999999999963,0.0901,415843.42,464366.104
600030.SH,20120216,9.2936,9.3942,9.2265,9.3271,9.2936,0.033500000000000085,0.3605,690136.61,766979.869
600030.SH,20120215,9.0673,9.3942,9.0589,9.2936,9.1092,0.18440000000000012,2.0243,771588.43,856189.894
600030.SH,20120214,9.1595,9.2182,9.0506,9.1092,9.1763,-0.06709999999999994,-0.7312,331266.7,360781.682
600030.SH,20120213,9.0506,9.3104,8.9835,9.1763,9.193,-0.01670000000000016,-0.1817,511703.18,561008.17
600030.SH,20120210,9.0757,9.3942,9.0422,9.193,9.1092,0.0838000000000001,0.9199,865457.18,955758.792
600030.SH,20120209,9.2014,9.2098,9.0589,9.1092,9.1763,-0.06709999999999994,-0.7312,682237.71,744013.235
600030.SH,20120208,8.8243,9.2768,8.7573,9.1763,8.8159,0.3604000000000003,4.0881,695554.84,753610.152
600030.SH,20120207,9.017,9.0506,8.7573,8.8159,9.0841,-0.2682000000000002,-2.9524,461101.39,486913.584
600030.SH,20120206,9.1595,9.2265,9.0087,9.0841,9.1344,-0.05030000000000001,-0.5507,393237.28,427710.972
600030.SH,20120203,9.0338,9.2182,8.9332,9.1344,9.0506,0.0838000000000001,0.9259,548721.68,594107.193
600030.SH,20120202,8.8159,9.0589,8.7154,9.0506,8.774,0.2766000000000002,3.1525,480276.71,510173.033
600030.SH,20120201,8.9332,8.9919,8.7405,8.774,8.9584,-0.18440000000000012,-2.0584,307916.03,325458.498
600030.SH,20120131,8.9584,9.0338,8.8578,8.9584,8.95,0.008399999999999963,0.0939,388253.99,414370.689
600030.SH,20120130,9.2265,9.2684,8.9249,8.95,9.2265,-0.2765000000000004,-2.9968,589045.33,642157.019
600030.SH,20120120,9.1176,9.2936,9.017,9.2265,9.0841,0.1424000000000003,1.5676,787605.08,863555.284
600030.SH,20120119,8.8578,9.1427,8.7824,9.0841,8.774,0.31010000000000026,3.5343,777699.83,837570.041
600030.SH,20120118,8.7573,9.1763,8.7154,8.774,8.8075,-0.033500000000000085,-0.3804,843578.74,898240.859
600030.SH,20120117,8.2377,8.8494,8.2126,8.8075,8.2377,0.569799999999999,6.917,851844.45,870783.503
600030.SH,20120116,8.3802,8.4472,8.2209,8.2377,8.2126,0.025100000000000122,0.3056,458496.64,456755.095
600030.SH,20120113,8.4221,8.464,8.1623,8.2126,8.4053,-0.19270000000000032,-2.2926,521583.59,515381.234
600030.SH,20120112,8.4556,8.5059,8.3718,8.4053,8.4472,-0.04190000000000005,-0.496,363785.16,366106.944
600030.SH,20120111,8.5059,8.5645,8.3634,8.4472,8.4807,-0.033500000000000085,-0.395,478367.03,482098.308
600030.SH,20120110,8.2042,8.5897,8.1371,8.4807,8.1706,0.31010000000000026,3.7953,844565.48,843167.539
600030.SH,20120109,7.8438,8.2042,7.76,8.1706,7.869,0.30160000000000053,3.8328,623061.16,596959.88
600030.SH,20120106,7.7014,7.9025,7.5757,7.869,7.7852,0.0838000000000001,1.0764,555029.83,513423.431
600030.SH,20120105,7.9779,8.1455,7.7097,7.7852,8.0114,-0.2262000000000004,-2.8235,478352.28,453575.472
600030.SH,20120104,8.2042,8.2545,8.0114,8.0114,8.1371,-0.12570000000000014,-1.5448,354005.33,343726.604
600030.SH,20111230,8.112,8.1958,8.0868,8.1371,8.0449,0.09220000000000006,1.1461,358922.19,348835.799
600030.SH,20111229,8.0449,8.1706,8.0366,8.0449,8.1455,-0.10060000000000002,-1.235,381592.21,368876.176
600030.SH,20111228,7.9695,8.1874,7.936,8.1455,8.0366,0.10890000000000022,1.3551,490380.85,471098.247
600030.SH,20111227,8.0366,8.2628,7.9611,8.0366,8.0366,0.0,0.0,393265.4,380673.182
600030.SH,20111226,8.1706,8.2126,8.0282,8.0366,8.2377,-0.20110000000000028,-2.4412,392481.93,379486.539
600030.SH,20111222,8.3047,8.3634,7.9947,8.2377,8.355,-0.11730000000000018,-1.4039,506283.86,494886.287
600030.SH,20111221,8.5645,8.6064,8.3383,8.355,8.464,-0.10899999999999999,-1.2878,399855.3,403119.753
600030.SH,20111220,8.6148,8.6735,8.4388,8.464,8.6316,-0.1676000000000002,-1.9417,357286.24,364672.984
600030.SH,20111219,8.598,8.707,8.3718,8.6316,8.7237,-0.09209999999999852,-1.0557,521520.98,528939.893
600030.SH,20111216,8.4053,8.774,8.4053,8.7237,8.5478,0.1758999999999986,2.0578,416157.59,424566.658
600030.SH,20111215,8.7573,8.8327,8.5142,8.5478,8.8075,-0.2596999999999987,-2.9486,393603.56,406842.626
600030.SH,20111214,8.883,8.9584,8.7405,8.8075,8.8997,-0.09220000000000006,-1.036,283727.52,299948.171
600030.SH,20111213,9.0925,9.126,8.883,8.8997,9.1344,-0.23470000000000013,-2.5694,452232.02,484982.571
600030.SH,20111212,9.2098,9.2601,9.1008,9.1344,9.2265,-0.09210000000000029,-0.9982,207822.82,227084.244
600030.SH,20111209,9.2349,9.3187,9.1763,9.2265,9.2768,-0.05030000000000001,-0.5422,269578.27,296725.312
600030.SH,20111208,9.3271,9.4863,9.1679,9.2768,9.3606,-0.0838000000000001,-0.8952,316168.25,351143.444
600030.SH,20111207,9.2349,9.3774,9.1763,9.3606,9.2098,0.15080000000000027,1.6374,356068.97,395588.889
600030.SH,20111206,9.0589,9.2433,9.0589,9.2098,9.0757,0.1341000000000001,1.4776,331279.53,362928.404
600030.SH,20111205,9.193,9.2014,9.0338,9.0757,9.1679,-0.09220000000000006,-1.0057,268738.76,292080.536
600030.SH,20111202,9.2684,9.2936,9.0338,9.1679,9.3271,-0.15920000000000023,-1.7069,455997.32,498470.559
600030.SH,20111201,9.4696,9.5534,9.2852,9.3271,9.0003,0.3268000000000004,3.631,956997.25,1075487.859
600030.SH,20111130,9.4193,9.4277,8.9416,9.0003,9.4444,-0.4441000000000006,-4.7023,675602.64,736579.264
600030.SH,20111129,9.4193,9.4612,9.3355,9.4444,9.3355,0.10890000000000022,1.1665,328311.5,368622.927
600030.SH,20111128,9.3355,9.4277,9.2768,9.3355,9.2936,0.04190000000000005,0.4508,347578.64,387641.233
600030.SH,20111125,9.3523,9.3858,9.2601,9.2936,9.3439,-0.05030000000000001,-0.5383,246398.06,273778.761
600030.SH,20111124,9.3104,9.4277,9.2768,9.3439,9.3774,-0.033500000000000085,-0.3572,316639.68,353275.535
600030.SH,20111123,9.6791,9.6958,9.2601,9.3774,9.6623,-0.2849000000000004,-2.9486,675114.33,758148.631
600030.SH,20111122,9.5534,9.6791,9.5031,9.6623,9.6204,0.04190000000000005,0.4355,272602.0,312576.089
600030.SH,20111121,9.5953,9.6372,9.5115,9.6204,9.5785,0.04190000000000005,0.4374,240675.47,274852.775
600030.SH,20111118,9.7377,9.9053,9.5115,9.5785,9.8132,-0.23470000000000013,-2.3917,670402.32,774082.616
600030.SH,20111117,9.8048,9.8634,9.7629,9.8132,9.8048,0.008399999999999963,0.0857,321149.09,375696.628
600030.SH,20111116,10.1065,10.1232,9.788,9.8048,10.1065,-0.3017000000000003,-2.9852,525645.9,621057.388
600030.SH,20111115,10.1567,10.1986,10.0478,10.1065,10.1986,-0.09210000000000029,-0.9031,310440.71,374282.666
600030.SH,20111114,10.0981,10.2322,10.0729,10.1986,10.0059,0.19270000000000032,1.9259,402230.65,488311.57
600030.SH,20111111,10.0562,10.1148,9.964,10.0059,10.0394,-0.033500000000000085,-0.3337,288972.46,346159.072
600030.SH,20111110,10.14,10.1735,10.031,10.0394,10.2741,-0.23470000000000013,-2.2844,547635.83,659443.907
600030.SH,20111109,10.2322,10.2992,10.0729,10.2741,10.1651,0.10899999999999999,1.0723,394633.77,480729.812
600030.SH,20111108,10.207,10.3411,10.14,10.1651,10.2238,-0.058699999999999974,-0.5742,421724.5,514840.765
600030.SH,20111107,10.3495,10.3579,10.1819,10.2238,10.4249,-0.2010999999999985,-1.929,570559.69,698251.342
600030.SH,20111104,10.4752,10.5674,10.3579,10.4249,10.3411,0.08379999999999832,0.8104,712809.91,889160.918
600030.SH,20111103,10.5003,10.5841,10.2992,10.3411,10.4249,-0.08379999999999832,-0.8038,1177496.29,1470041.78
600030.SH,20111102,9.9891,10.4668,9.9556,10.4249,10.1819,0.24299999999999855,2.3866,969801.88,1182479.609
600030.SH,20111101,9.9724,10.2405,9.9221,10.1819,10.0562,0.12570000000000014,1.25,660717.23,798345.69
600030.SH,20111031,10.2573,10.2657,9.9975,10.0562,10.2238,-0.1676000000000002,-1.6393,633625.12,763516.483
600030.SH,20111028,10.2573,10.4165,10.1651,10.2238,10.0562,0.1676000000000002,1.6666,955141.36,1170171.73
600030.SH,20111027,10.0813,10.1316,10.0143,10.0562,10.0394,0.016799999999999926,0.1673,519485.64,623831.513
600030.SH,20111026,9.897,10.1819,9.8718,10.0394,9.9389,0.10050000000000026,1.0112,1037264.48,1249644.554
600030.SH,20111025,9.8802,10.0562,9.8048,9.9389,9.8802,0.058699999999999974,0.5941,709265.03,841610.418
600030.SH,20111024,9.5115,9.9556,9.5115,9.8802,9.4528,0.42740000000000045,4.5214,930222.84,1085565.121
600030.SH,20111021,9.5701,9.6288,9.4277,9.4528,9.4863,-0.033500000000000085,-0.3531,343570.94,391717.091
600030.SH,20111020,9.4947,9.5618,9.4025,9.4863,9.5785,-0.09220000000000006,-0.9626,369145.89,417831.498
600030.SH,20111019,9.5953,9.7629,9.545,9.5785,9.5701,0.008399999999999963,0.0878,352520.14,405034.799
600030.SH,20111018,9.897,9.9305,9.4863,9.5701,9.9891,-0.4190000000000005,-4.1946,629567.36,727403.269
600030.SH,20111017,9.9389,10.1065,9.8467,9.9891,9.9556,0.033500000000000085,0.3365,460348.49,548974.034
600030.SH,20111014,9.8802,10.031,9.8215,9.9556,9.9305,0.025100000000000122,0.2528,394503.9,466756.599
600030.SH,20111013,9.9305,10.031,9.8634,9.9305,9.9808,-0.05030000000000001,-0.504,693990.83,823998.228
600030.SH,20111012,9.3439,10.14,9.2349,9.9808,9.4025,0.5783000000000005,6.1505,1395181.43,1643683.484
600030.SH,20111011,9.6707,9.7629,9.2852,9.4025,9.2601,0.1424000000000003,1.5378,776876.54,882751.985
600030.SH,20111010,9.4863,9.5115,9.193,9.2601,9.4277,-0.1676000000000002,-1.7777,481367.29,533729.512
600030.SH,20110930,9.5618,9.6288,9.3439,9.4277,9.5199,-0.09220000000000006,-0.9685,507385.02,571757.384
600030.SH,20110929,9.5618,9.7461,9.478,9.5199,9.6539,-0.13400000000000034,-1.388,481059.38,549839.26
600030.SH,20110928,9.964,10.0394,9.5701,9.6539,9.897,-0.2431000000000001,-2.4563,654187.25,765186.648
600030.SH,20110927,9.897,10.0059,9.7796,9.897,9.7796,0.11739999999999995,1.2005,496611.19,586501.861
600030.SH,20110926,10.0143,10.2405,9.6623,9.7796,10.1316,-0.3520000000000003,-3.4743,855232.9,1010060.692
600030.SH,20110923,9.9137,10.1567,9.8718,10.1316,10.0813,0.05030000000000001,0.4989,551444.09,658728.075
600030.SH,20110922,10.3914,10.4333,10.0646,10.0813,10.5339,-0.45259999999999856,-4.2966,858530.44,1048998.806
600030.SH,20110921,10.2657,10.6763,10.1316,10.5339,10.2657,0.26819999999999844,2.6126,1158534.78,1447884.762
600030.SH,20110920,10.0143,10.2992,9.9891,10.2657,10.0059,0.25980000000000025,2.5965,445148.08,539979.716
600030.SH,20110919,10.1232,10.1484,9.9975,10.0059,10.207,-0.20110000000000028,-1.9702,351644.06,421981.194
600030.SH,20110916,10.3411,10.3914,10.1903,10.207,10.2824,-0.07540000000000013,-0.7333,377522.96,463528.964
600030.SH,20110915,10.2741,10.4836,10.2154,10.2824,10.2992,-0.016799999999999926,-0.1631,787530.34,973533.387
600030.SH,20110914,10.1735,10.3076,9.9389,10.2992,10.14,0.15920000000000023,1.57,624529.93,757356.665
600030.SH,20110913,9.964,10.1567,9.9053,10.14,10.1232,0.016799999999999926,0.166,528751.65,634027.808
600030.SH,20110909,10.1316,10.3914,10.0478,10.1232,9.9808,0.1424000000000003,1.4267,688232.26,836921.262
600030.SH,20110908,10.1232,10.1651,9.964,9.9808,10.0813,-0.10050000000000026,-0.9969,233815.56,281305.697
600030.SH,20110907,9.8467,10.2238,9.8467,10.0813,9.8215,0.25980000000000025,2.6452,552143.53,663278.266
600030.SH,20110906,9.721,9.8383,9.6539,9.8215,9.7713,0.050200000000000244,0.5137,300793.61,350497.938
600030.SH,20110905,9.8886,9.9389,9.7545,9.7713,10.0394,-0.26810000000000045,-2.6705,367892.86,431072.833
600030.SH,20110902,10.1735,10.1903,10.0059,10.0394,10.1903,-0.15090000000000003,-1.4808,298383.38,358710.97
600030.SH,20110901,10.2322,10.3914,10.1316,10.1903,10.1986,-0.008300000000000196,-0.0814,352505.49,431068.736
600030.SH,20110831,10.1484,10.2405,10.0897,10.1986,10.14,0.05860000000000021,0.5779,294553.72,357618.757
600030.SH,20110830,10.2992,10.4165,10.1232,10.14,10.1903,-0.05030000000000001,-0.4936,545424.07,669118.937
600030.SH,20110829,10.3914,10.4082,10.1484,10.1903,10.6093,-0.4189999999999987,-3.9494,779598.78,952293.698
600030.SH,20110825,10.1819,10.6177,10.1484,10.6093,10.1232,0.48609999999999864,4.8018,1286148.87,1610230.948
600030.SH,20110824,10.2824,10.2992,10.0981,10.1232,10.2573,-0.1341000000000001,-1.3074,391591.84,476661.33
600030.SH,20110823,10.0059,10.2741,9.9472,10.2573,9.9472,0.31010000000000026,3.1175,489291.37,592127.78
600030.SH,20110822,10.1651,10.1903,9.8886,9.9472,10.0646,-0.11739999999999995,-1.1665,390573.15,468298.063
600030.SH,20110819,9.9389,10.1065,9.897,10.0646,10.1232,-0.05860000000000021,-0.5789,506050.08,603406.893
600030.SH,20110818,10.2238,10.316,10.0729,10.1232,10.2238,-0.10060000000000002,-0.984,718459.04,876373.825
600030.SH,20110817,9.9556,10.3495,9.9221,10.2238,9.964,0.25980000000000025,2.6074,859962.47,1042880.956
600030.SH,20110816,10.0897,10.1903,9.9221,9.964,9.9305,0.033500000000000085,0.3373,545854.52,654954.008
600030.SH,20110812,10.0394,10.0562,9.897,9.9305,9.964,-0.033500000000000085,-0.3362,535180.92,637473.855
600030.SH,20110811,9.5701,10.1316,9.5366,9.964,9.7377,0.22630000000000017,2.324,775125.06,916084.412
600030.SH,20110810,9.8467,9.9053,9.7042,9.7377,9.6288,0.10890000000000022,1.131,592671.22,694940.572
600030.SH,20110809,9.4361,9.7629,9.302,9.6288,9.6875,-0.058699999999999974,-0.6059,666960.86,756776.897
600030.SH,20110808,9.9724,10.0897,9.4277,9.6875,10.0478,-0.3603000000000005,-3.5859,841230.39,982151.109
600030.SH,20110805,9.9724,10.1651,9.9221,10.0478,10.2489,-0.20110000000000028,-1.9622,713547.77,856292.334
600030.SH,20110804,10.3243,10.4417,10.2238,10.2489,10.2741,-0.02519999999999989,-0.2453,328109.73,404161.903
600030.SH,20110803,10.1986,10.4082,10.14,10.2741,10.2741,0.0,0.0,363587.98,446585.612
600030.SH,20110802,10.316,10.316,10.1232,10.2741,10.4417,-0.1676000000000002,-1.6051,493605.0,600590.596
600030.SH,20110801,10.316,10.4752,10.2238,10.4417,10.3662,0.07550000000000168,0.7283,498660.83,618541.843
600030.SH,20110729,10.207,10.5422,10.1484,10.3662,10.1735,0.19269999999999854,1.8941,713017.42,881036.937
600030.SH,20110728,10.1819,10.2322,10.0897,10.1735,10.3076,-0.1341000000000001,-1.301,427764.46,518242.274
600030.SH,20110727,10.2238,10.3495,10.1819,10.3076,10.2657,0.04190000000000005,0.4082,342508.12,419690.386
600030.SH,20110726,10.2908,10.3746,10.207,10.2657,10.2992,-0.033500000000000085,-0.3253,337404.79,413933.915
600030.SH,20110725,10.6177,10.6596,10.207,10.2992,10.7434,-0.4441999999999986,-4.1346,823946.67,1023607.25
600030.SH,20110722,10.6763,10.9026,10.6763,10.7434,10.6093,0.1341000000000001,1.264,851761.23,1098498.621
600030.SH,20110721,10.6679,10.735,10.6009,10.6093,10.7266,-0.11730000000000018,-1.0935,389543.52,494801.128
600030.SH,20110720,10.7601,10.7853,10.5674,10.7266,10.6512,0.07540000000000013,0.7079,466975.96,595896.307
600030.SH,20110719,10.735,10.7601,10.5925,10.6512,10.8188,-0.1676000000000002,-1.5492,525463.59,667550.061
600030.SH,20110718,10.9193,10.9529,10.7853,10.8188,10.9193,-0.10050000000000026,-0.9204,412641.79,533733.404
600030.SH,20110715,10.8104,10.9529,10.7015,10.9193,10.8607,0.05860000000000021,0.5396,699969.54,905582.949
600030.SH,20110714,10.8942,10.9361,10.7266,10.8607,10.8774,-0.01670000000000016,-0.1535,629228.7,812050.32
600030.SH,20110713,10.7434,10.978,10.7434,10.8774,10.7434,0.13400000000000034,1.2473,606172.61,785325.909
600030.SH,20110712,10.9445,10.978,10.6512,10.7434,11.1121,-0.36870000000000047,-3.318,984410.61,1268470.95
600030.SH,20110711,11.0869,11.1624,10.9193,11.1121,11.1372,-0.025100000000000122,-0.2254,515894.35,680382.15
600030.SH,20110708,11.0869,11.2294,11.0618,11.1372,11.1121,0.025100000000000122,0.2259,487686.46,647703.699
600030.SH,20110707,11.397,11.4473,11.1037,11.1121,11.1791,-0.06700000000000017,-0.5993,818386.22,1101059.532
600030.SH,20110706,11.2629,11.2629,11.1037,11.1791,11.2713,-0.09220000000000006,-0.818,488634.42,650274.011
600030.SH,20110705,11.2378,11.3551,11.1456,11.2713,11.2713,0.0,0.0,671536.37,900384.17
600030.SH,20110704,11.0199,11.4808,11.0031,11.2713,10.911,0.3603000000000005,3.3022,1505701.53,2027946.861
600030.SH,20110701,10.9948,11.0702,10.8439,10.911,10.9612,-0.050200000000000244,-0.458,534444.37,698730.926
600030.SH,20110630,10.8104,11.1456,10.7936,10.9612,10.7936,0.1676000000000002,1.5528,873435.36,1147270.442
600030.SH,20110629,10.9948,11.0367,10.7685,10.7936,11.0115,-0.2179000000000002,-1.9788,669368.76,870040.053
600030.SH,20110628,10.9612,11.0618,10.7936,11.0115,10.9864,0.025100000000000122,0.2285,1130004.33,1472052.565
600030.SH,20110627,11.0367,11.1707,10.9026,10.9864,11.1288,-0.1424000000000003,-1.2796,1369765.74,1804443.902
600030.SH,20110624,10.1986,11.2713,10.1735,11.1288,10.2489,0.8798999999999992,8.5853,2454399.43,3201619.687
600030.SH,20110623,9.9724,10.316,9.9724,10.2489,10.0227,0.2262000000000004,2.2569,432667.45,523810.417
600030.SH,20110622,10.1567,10.2154,9.964,10.0227,10.1148,-0.09210000000000029,-0.9105,334595.25,402661.529
600030.SH,20110621,9.9556,10.1567,9.9556,10.1148,9.9389,0.1759000000000004,1.7698,376130.73,452572.842
600030.SH,20110620,9.8467,10.0394,9.8215,9.9389,9.897,0.04190000000000005,0.4234,373209.78,443365.491
600030.SH,20110617,10.0143,10.0813,9.8718,9.897,10.0227,-0.12570000000000014,-1.2542,403994.08,481251.801
600030.SH,20110616,10.2238,10.2238,9.964,10.0227,10.2154,-0.19270000000000032,-1.8864,445516.34,535076.441
600030.SH,20110615,10.2396,10.2959,10.151,10.2154,10.2557,-0.04029999999999845,-0.393,490843.23,622581.567
600030.SH,20110614,9.9578,10.3362,9.9256,10.2557,9.9498,0.3058999999999994,3.0744,719711.58,911918.256
600030.SH,20110613,9.982,10.0142,9.8451,9.9498,10.0544,-0.10459999999999958,-1.0403,339351.01,417441.855
600030.SH,20110610,9.9015,10.1188,9.8854,10.0544,10.0464,0.007999999999999119,0.0796,489232.1,607929.894
600030.SH,20110608,10.0303,10.0544,9.8773,10.0464,10.1108,-0.06439999999999912,-0.6369,529328.42,655453.143
600030.SH,20110607,10.0866,10.1832,10.0383,10.1108,10.1027,0.008099999999998886,0.0802,261308.6,327699.12
600030.SH,20110603,9.982,10.1671,9.9417,10.1027,10.0142,0.0884999999999998,0.8837,282321.21,354102.54
600030.SH,20110602,10.143,10.1832,9.8612,10.0142,10.2557,-0.2414999999999985,-2.3548,534634.19,665796.235
600030.SH,20110601,10.2637,10.3442,10.1913,10.2557,10.3442,-0.08850000000000158,-0.8556,377681.71,480755.254
600030.SH,20110531,10.1591,10.3523,10.1349,10.3442,10.1349,0.2093000000000007,2.0651,482722.44,615648.268
600030.SH,20110530,10.0222,10.2637,9.9015,10.1349,10.0705,0.0644000000000009,0.6395,449929.82,567115.833
600030.SH,20110527,10.0061,10.2476,9.99,10.0705,10.0061,0.06439999999999912,0.6436,553059.92,695749.995
600030.SH,20110526,9.9256,10.304,9.9256,10.0061,9.8532,0.1529000000000007,1.5518,608042.62,763681.316
600030.SH,20110525,9.982,10.0222,9.8371,9.8532,9.9578,-0.10460000000000136,-1.0504,346695.56,427967.524
600030.SH,20110524,9.982,10.0544,9.8854,9.9578,9.99,-0.03219999999999956,-0.3223,447547.41,553247.334
600030.SH,20110523,10.3603,10.3603,9.9739,9.99,10.3684,-0.3783999999999992,-3.6496,616683.51,775026.339
600030.SH,20110520,10.3523,10.4489,10.2959,10.3684,10.3523,0.01609999999999978,0.1555,274411.82,353260.496
600030.SH,20110519,10.5294,10.5455,10.3362,10.3523,10.5052,-0.1529000000000007,-1.4555,415225.07,538041.797
600030.SH,20110518,10.465,10.5857,10.4167,10.5052,10.4811,0.024100000000000676,0.2299,343371.76,448710.978
600030.SH,20110517,10.4006,10.6662,10.2235,10.4811,10.4569,0.024200000000000443,0.2314,601791.04,782349.86
600030.SH,20110516,10.5294,10.6501,10.4328,10.4569,10.5455,-0.08860000000000134,-0.8402,472860.27,619497.811
600030.SH,20110513,10.3362,10.626,10.2718,10.5455,10.3281,0.21740000000000137,2.1049,881543.74,1147320.069
600030.SH,20110512,10.1591,10.4328,10.143,10.3281,10.2879,0.04019999999999868,0.3908,533960.79,682759.254
600030.SH,20110511,10.3925,10.4408,10.2396,10.2879,10.4086,-0.12069999999999936,-1.1596,444280.49,569918.616
600030.SH,20110510,10.2315,10.4247,10.1591,10.4086,10.2154,0.19319999999999915,1.8913,474127.53,607685.512
600030.SH,20110509,10.2235,10.3281,10.1671,10.2154,10.1591,0.05630000000000024,0.5542,456011.33,580597.445
600030.SH,20110506,10.143,10.2235,10.0061,10.1591,10.2154,-0.05630000000000024,-0.5511,682018.19,858146.672
600030.SH,20110505,10.2074,10.3281,10.1832,10.2154,10.2235,-0.008099999999998886,-0.0792,516970.02,658081.598
600030.SH,20110504,10.6662,10.6662,10.1993,10.2235,10.7306,-0.5071000000000012,-4.7257,992956.59,1281712.374
600030.SH,20110503,10.6984,10.787,10.5616,10.7306,10.6501,0.08050000000000068,0.7559,639075.78,847793.668
600030.SH,20110428,10.8514,10.948,10.626,10.6501,10.787,-0.1369000000000007,-1.2691,744224.12,994853.761
600030.SH,20110427,10.9077,10.9319,10.6179,10.787,10.8111,-0.0240999999999989,-0.2229,726963.91,973681.097
600030.SH,20110426,11.1734,11.2539,10.795,10.8111,11.1814,-0.3703000000000003,-3.3117,1220186.05,1660666.599
600030.SH,20110425,11.431,11.431,11.1573,11.1814,11.4471,-0.2657000000000007,-2.3211,805287.14,1127903.917
600030.SH,20110422,11.6403,11.6403,11.4229,11.4471,11.6564,-0.20929999999999893,-1.7956,522531.19,746285.336
600030.SH,20110421,11.5034,11.8415,11.3907,11.6564,11.4149,0.24150000000000027,2.1157,901995.61,1305131.593
600030.SH,20110420,11.5115,11.5517,11.3505,11.4149,11.439,-0.024100000000000676,-0.2107,632811.65,897916.349
600030.SH,20110419,11.7691,11.7932,11.431,11.439,11.9059,-0.46690000000000076,-3.9216,1096773.55,1580387.823
600030.SH,20110418,11.8737,12.0589,11.7932,11.9059,11.9381,-0.03219999999999956,-0.2697,964906.3,1430346.676
600030.SH,20110415,11.6886,12.0911,11.6886,11.9381,11.7691,0.16900000000000048,1.436,1083966.52,1605491.695
600030.SH,20110414,11.9784,12.075,11.7208,11.7691,11.6966,0.07249999999999979,0.6198,1112597.07,1646638.719
600030.SH,20110412,11.7369,11.8496,11.6161,11.6966,11.753,-0.056400000000000006,-0.4799,794877.23,1157961.848
600030.SH,20110411,11.9864,12.1555,11.7288,11.753,11.914,-0.1609999999999996,-1.3514,1147857.95,1703660.044
600030.SH,20110408,11.753,11.9542,11.6966,11.914,11.761,0.15300000000000047,1.3009,929679.38,1372078.187
600030.SH,20110407,11.8576,11.8898,11.6886,11.761,11.8576,-0.09660000000000046,-0.8147,903875.02,1323786.637
600030.SH,20110406,11.4793,12.0589,11.4068,11.8576,11.5115,0.34609999999999985,3.0066,1713706.26,2498717.203
600030.SH,20110401,11.2539,11.5356,11.2297,11.5115,11.2458,0.2657000000000007,2.3627,770526.47,1090550.708
600030.SH,20110331,11.1573,11.5517,11.1492,11.2458,11.1653,0.0804999999999989,0.721,681962.79,957259.069
600030.SH,20110330,11.5034,11.5759,11.0124,11.1653,11.4954,-0.33009999999999984,-2.8716,1196070.88,1667350.159
600030.SH,20110329,11.592,11.8898,11.431,11.4954,11.3022,0.19320000000000093,1.7094,1807924.98,2620454.538
600030.SH,20110322,11.3263,11.4229,11.0607,11.3022,11.2378,0.06439999999999912,0.5731,860630.58,1202530.212
600030.SH,20110321,11.3505,11.4229,11.1653,11.2378,11.3183,-0.08050000000000068,-0.7112,927522.4,1299853.351
600030.SH,20110318,11.3505,11.5517,11.2539,11.3183,11.1895,0.12880000000000003,1.1511,805096.0,1138019.81
600030.SH,20110317,11.3344,11.4471,11.0687,11.1895,11.5598,-0.3702999999999985,-3.2033,1045079.12,1462155.647
600030.SH,20110316,11.3183,11.6403,11.2539,11.5598,11.2378,0.3219999999999992,2.8653,1241293.43,1766938.457
600030.SH,20110315,11.5034,11.5276,11.0124,11.2378,11.6,-0.36219999999999963,-3.1224,1371619.36,1911685.419
600030.SH,20110314,11.4793,11.6161,11.2619,11.6,11.5678,0.03219999999999956,0.2784,1069374.08,1520418.768
600030.SH,20110311,11.6403,11.8415,11.5356,11.5678,11.7449,-0.17709999999999937,-1.5079,1176942.11,1710783.647
600030.SH,20110310,12.2521,12.2521,11.7369,11.7449,12.2279,-0.48300000000000054,-3.95,1694998.49,2504786.65
600030.SH,20110309,12.3487,12.5258,12.1394,12.2279,12.2923,-0.06439999999999912,-0.5239,1101281.39,1683759.168
600030.SH,20110308,12.405,12.5016,12.1394,12.2923,12.3809,-0.08860000000000134,-0.7156,1413709.9,2159560.63
600030.SH,20110307,12.0267,12.4775,12.0106,12.3809,11.9945,0.3864000000000001,3.2215,2575285.44,3933730.719
600030.SH,20110304,11.6725,12.0669,11.5517,11.9945,11.6403,0.3542000000000005,3.0429,1467447.5,2155398.705
600030.SH,20110303,11.7852,12.0025,11.6242,11.6403,11.7288,-0.0884999999999998,-0.7546,1418956.71,2083951.014
600030.SH,20110302,11.7208,11.8496,11.5115,11.7288,11.8657,-0.1369000000000007,-1.1537,1204623.77,1746258.962
600030.SH,20110301,11.8093,12.2279,11.753,11.8657,11.8415,0.024200000000000443,0.2044,2090765.37,3114722.196
600030.SH,20110228,11.5437,11.9542,11.2941,11.8415,11.5115,0.33000000000000007,2.8667,2026781.35,2947279.311
600030.SH,20110225,11.2458,11.6322,11.0848,11.5115,11.2458,0.2657000000000007,2.3627,1979906.29,2810858.165
600030.SH,20110224,10.8514,11.5437,10.787,11.2458,10.8836,0.36219999999999963,3.3279,1612191.81,2238819.032
600030.SH,20110223,10.8353,10.9963,10.7548,10.8836,10.8916,-0.008000000000000895,-0.0735,856440.85,1154075.23
600030.SH,20110222,11.4712,11.5034,10.8755,10.8916,11.4068,-0.5152000000000001,-4.5166,1466542.42,2025339.798
600030.SH,20110221,11.0285,11.4954,10.956,11.4068,11.0365,0.3703000000000003,3.3552,1668422.89,2331259.424
600030.SH,20110218,11.0687,11.278,10.8916,11.0365,11.0848,-0.04829999999999934,-0.4357,1198052.41,1648140.406
600030.SH,20110217,11.2941,11.3505,10.9882,11.0848,11.2619,-0.17710000000000115,-1.5726,1254594.85,1732630.785
600030.SH,20110216,11.1895,11.278,11.0285,11.2619,11.1331,0.12880000000000003,1.1569,1669991.82,2310529.359
600030.SH,20110215,11.2136,11.6644,11.109,11.1331,11.1331,0.0,0.0,3301109.4,4663761.298
600030.SH,20110214,9.982,11.1331,9.9659,11.1331,10.1188,1.0143000000000004,10.0239,2857200.87,3820610.309
600030.SH,20110211,10.143,10.2637,10.0222,10.1188,10.1752,-0.056400000000000006,-0.5543,789981.04,995773.048
600030.SH,20110210,9.8532,10.1832,9.8129,10.1752,9.8854,0.2897999999999996,2.9316,609055.22,756537.598
600030.SH,20110209,9.9256,10.151,9.821,9.8854,9.9578,-0.07240000000000002,-0.7271,595569.4,739920.109
600030.SH,20110201,10.1188,10.1591,9.9417,9.9578,10.0947,-0.1368999999999989,-1.3562,593884.86,738931.515
600030.SH,20110131,10.0222,10.1832,9.9498,10.0947,10.0383,0.056400000000000006,0.5618,609497.86,764290.585
600030.SH,20110128,10.0222,10.143,9.8612,10.0383,9.9417,0.09659999999999869,0.9717,812264.16,1009721.132
600030.SH,20110127,9.5392,10.0544,9.4587,9.9417,9.5875,0.3542000000000005,3.6944,1034722.16,1263193.714
600030.SH,20110126,9.4829,9.6036,9.4668,9.5875,9.5231,0.0644000000000009,0.6763,501460.8,594455.974
600030.SH,20110125,9.4024,9.5392,9.338,9.5231,9.4024,0.12069999999999936,1.2837,502387.82,587905.927
600030.SH,20110124,9.5634,9.5634,9.3541,9.4024,9.5553,-0.1529000000000007,-1.6002,505668.16,593774.588
600030.SH,20110121,9.338,9.7727,9.3058,9.5553,9.338,0.2173000000000016,2.3271,707405.77,838513.328
600030.SH,20110120,9.6439,9.6439,9.3138,9.338,9.668,-0.33000000000000007,-3.4133,611140.27,717922.426
600030.SH,20110119,9.5312,9.6761,9.4265,9.668,9.5231,0.1448999999999998,1.5216,666144.88,791264.977
600030.SH,20110118,9.499,9.6117,9.4587,9.5231,9.5392,-0.01609999999999978,-0.1688,431650.4,510658.923
600030.SH,20110117,9.9417,9.9981,9.4426,9.5392,9.9176,-0.37840000000000096,-3.8154,869391.21,1050584.739
600030.SH,20110114,10.0625,10.0947,9.8693,9.9176,10.1349,-0.21729999999999983,-2.1441,563026.99,696666.386
600030.SH,20110113,10.2637,10.2879,10.0544,10.1349,10.2074,-0.07249999999999979,-0.7103,503370.46,634630.631
600030.SH,20110112,10.151,10.2718,10.0061,10.2074,10.0947,0.11270000000000024,1.1164,548625.09,691368.47
600030.SH,20110111,9.9659,10.1269,9.9417,10.0947,10.0061,0.08859999999999957,0.8855,506310.3,631506.608
600030.SH,20110110,10.2074,10.3201,9.982,10.0061,10.2798,-0.27369999999999983,-2.6625,895545.21,1127692.033
600030.SH,20110107,10.143,10.5133,9.9659,10.2798,10.1832,0.09660000000000046,0.9486,1289577.99,1649133.414
600030.SH,20110106,10.2718,10.4247,10.143,10.1832,10.2396,-0.056400000000000006,-0.5508,563811.32,717804.121
600030.SH,20110105,10.312,10.3684,10.143,10.2396,10.4247,-0.18510000000000026,-1.7756,713173.68,909073.874
600030.SH,20110104,10.2235,10.5213,10.0866,10.4247,10.1349,0.2897999999999996,2.8594,1005114.26,1292295.243
600030.SH,20101231,9.982,10.1832,9.9256,10.1349,9.9015,0.2333999999999996,2.3572,760281.19,948821.357
600030.SH,20101230,9.99,10.0222,9.668,9.9015,10.0061,-0.10459999999999958,-1.0454,828230.28,1015183.021
600030.SH,20101229,10.1591,10.2154,9.9015,10.0061,10.1108,-0.10469999999999935,-1.0355,646771.27,803102.3
600030.SH,20101228,10.2154,10.3442,10.0786,10.1108,10.3281,-0.21729999999999983,-2.104,717948.23,907618.315
600030.SH,20101227,10.5455,10.8031,10.304,10.3281,10.4891,-0.16100000000000136,-1.5349,1121367.62,1477739.348
600030.SH,20101224,10.4006,10.5616,10.3523,10.4891,10.4811,0.008000000000000895,0.0763,480568.29,624276.039
600030.SH,20101223,10.473,10.7065,10.4086,10.4811,10.5374,-0.05630000000000024,-0.5343,641683.25,839920.838
600030.SH,20101222,10.7709,10.8272,10.4811,10.5374,10.7789,-0.24150000000000027,-2.2405,815106.51,1081271.773
600030.SH,20101221,10.3523,10.8675,10.2959,10.7789,10.304,0.4748999999999999,4.6089,1242565.7,1639279.912
600030.SH,20101220,10.626,10.6743,10.1269,10.304,10.5938,-0.2897999999999996,-2.7356,952426.14,1227916.983
600030.SH,20101217,10.626,10.6984,10.473,10.5938,10.6501,-0.05630000000000024,-0.5286,645567.03,847808.137
600030.SH,20101216,10.8836,10.8836,10.6099,10.6501,10.8675,-0.2173999999999996,-2.0005,650181.18,868269.256
600030.SH,20101215,10.8836,11.109,10.7467,10.8675,10.8836,-0.01609999999999978,-0.1479,985321.72,1336114.315
600030.SH,20101214,11.0043,11.0526,10.8433,10.8836,10.9882,-0.10460000000000136,-0.9519,725962.18,983545.457
600030.SH,20101213,10.634,11.0204,10.5374,10.9882,10.5616,0.42660000000000053,4.0392,1362809.59,1828214.221
600030.SH,20101210,10.2879,10.6662,10.2396,10.5616,10.4086,0.15300000000000047,1.4699,620837.34,806814.22
600030.SH,20101209,10.5616,10.7065,10.3845,10.4086,10.6421,-0.23349999999999937,-2.1941,782574.62,1022594.658
600030.SH,20101208,11.0124,11.0285,10.626,10.6421,11.0285,-0.3864000000000001,-3.5036,1127030.31,1513864.403
600030.SH,20101207,10.948,11.1412,10.7065,11.0285,11.0607,-0.03220000000000134,-0.2911,1374540.45,1869661.871
600030.SH,20101206,10.634,11.1331,10.5294,11.0607,10.5938,0.46690000000000076,4.4073,1577858.22,2128835.754
600030.SH,20101203,10.5213,10.6743,10.4972,10.5938,10.5857,0.008100000000000662,0.0765,559221.98,735557.969
600030.SH,20101202,10.626,10.7548,10.5535,10.5857,10.3442,0.2414999999999985,2.3346,1043306.06,1380451.843
600030.SH,20101201,10.3281,10.4972,10.2396,10.3442,10.3201,0.024100000000000676,0.2335,508245.82,654413.557
600030.SH,20101130,10.6179,10.6984,10.0625,10.3201,10.6099,-0.2897999999999996,-2.7314,1175707.61,1510935.595
600030.SH,20101129,10.6662,10.7387,10.5535,10.6099,10.7548,-0.1448999999999998,-1.3473,830915.4,1096753.827
600030.SH,20101126,10.7065,10.948,10.5535,10.7548,10.787,-0.03220000000000134,-0.2985,1266248.25,1690858.457
600030.SH,20101125,10.6662,10.8997,10.4247,10.787,10.6662,0.1208000000000009,1.1325,1535444.4,2034289.057
600030.SH,20101124,10.0705,10.6984,10.0705,10.6662,10.0705,0.5957000000000008,5.9153,1702801.26,2225079.006
600030.SH,20101123,10.304,10.3442,9.8934,10.0705,10.4408,-0.3703000000000003,-3.5467,1128317.21,1416124.415
600030.SH,20101122,10.4489,10.6099,10.3201,10.4408,10.634,-0.19320000000000093,-1.8168,1141961.61,1484036.797
600030.SH,20101119,10.6984,10.7467,10.0705,10.634,10.634,0.0,0.0,1867218.55,2417612.572
600030.SH,20101118,10.6662,10.7467,10.465,10.634,10.5455,0.0884999999999998,0.8392,1036730.9,1368270.27
600030.SH,20101117,10.626,10.8514,10.465,10.5455,10.8272,-0.28169999999999895,-2.6018,1376327.5,1817086.383
600030.SH,20101116,11.3585,11.4712,10.7789,10.8272,11.3022,-0.47499999999999964,-4.2027,1552853.08,2140741.805
600030.SH,20101115,11.439,11.592,11.0687,11.3022,11.4229,-0.12070000000000114,-1.0566,1494373.05,2096188.346
600030.SH,20101112,12.4775,12.4855,11.3344,11.4229,12.5902,-1.1672999999999991,-9.2715,2688312.42,3967658.556
600030.SH,20101111,12.4855,12.9041,12.3728,12.5902,12.4533,0.1368999999999989,1.0993,1982719.37,3122671.81
600030.SH,20101110,12.719,12.719,12.3648,12.4533,12.8156,-0.3622999999999994,-2.827,1655954.78,2571913.438
600030.SH,20101109,13.1215,13.1376,12.7351,12.8156,13.1134,-0.2978000000000005,-2.271,1350115.28,2156196.72
600030.SH,20101108,13.1215,13.3308,12.9202,13.1134,13.0893,0.024100000000000676,0.1841,1350634.33,2192197.996
600030.SH,20101105,13.4113,13.5964,12.9927,13.0893,12.9766,0.11270000000000024,0.8685,2049048.22,3370184.299
600030.SH,20101104,12.7753,13.0732,12.6304,12.9766,12.7753,0.2012999999999998,1.5757,1648566.27,2631995.774
600030.SH,20101103,12.8317,13.1134,12.5177,12.7753,12.8639,-0.08859999999999957,-0.6887,1997712.74,3197316.512
600030.SH,20101102,12.88,13.2664,12.4775,12.8639,12.8236,0.04029999999999845,0.3143,2297409.02,3665803.96
600030.SH,20101101,12.4614,12.9605,12.4131,12.8236,12.4855,0.33810000000000073,2.7079,1724463.92,2744576.348
600030.SH,20101029,13.041,13.0651,12.4372,12.4855,13.1215,-0.6359999999999992,-4.847,2216567.16,3485486.414
600030.SH,20101028,12.88,13.3469,12.88,13.1215,13.0651,0.056400000000000006,0.4317,1778778.54,2889170.539
600030.SH,20101027,13.2664,13.7735,13.0329,13.0651,13.4193,-0.3542000000000005,-2.6395,2247553.2,3725389.303
600030.SH,20101026,13.4354,13.8862,13.1215,13.4193,13.3066,0.11270000000000024,0.8469,3700382.91,6220071.479
600030.SH,20101025,12.0589,13.3147,12.0106,13.3066,12.1072,1.199399999999999,9.9065,3690190.12,5873233.742
600030.SH,20101022,12.3648,12.397,11.9784,12.1072,12.4614,-0.35419999999999874,-2.8424,2293805.72,3465763.042
600030.SH,20101021,12.88,12.9846,12.3084,12.4614,12.8719,-0.41050000000000075,-3.1891,2417280.89,3785381.95
600030.SH,20101020,12.1957,13.2986,12.1474,12.8719,12.4614,0.41050000000000075,3.2942,3831430.89,6019624.433
600030.SH,20101019,12.1474,12.4775,11.8737,12.4614,12.2601,0.2012999999999998,1.6419,2557964.17,3861977.078
600030.SH,20101018,12.1555,12.7914,11.6805,12.2601,12.0428,0.21729999999999983,1.8044,5198283.46,7994941.859
600030.SH,20101015,10.8675,12.0589,10.7709,12.0428,10.9882,1.0545999999999989,9.5976,4230620.62,6055457.909
600030.SH,20101014,10.4811,11.3666,10.4811,10.9882,10.3362,0.652000000000001,6.3079,4449304.65,6142482.83
600030.SH,20101013,10.304,10.4086,10.1913,10.3362,10.4086,-0.07240000000000002,-0.6956,1902908.3,2432306.277
600030.SH,20101012,10.1832,10.4247,9.9578,10.4086,9.9981,0.410499999999999,4.1058,3420774.93,4320432.923
600030.SH,20101011,9.1609,9.9981,9.1126,9.9981,9.0884,0.9097000000000008,10.0095,3663556.54,4468809.244
600030.SH,20101008,8.6457,9.1689,8.6457,9.0884,8.5652,0.5231999999999992,6.1084,1536907.46,1712275.251
600030.SH,20100930,8.4203,8.6698,8.3881,8.5652,8.4686,0.09660000000000046,1.1407,831765.51,883599.183
600030.SH,20100929,8.5491,8.6296,8.4525,8.4686,8.5571,-0.0884999999999998,-1.0342,671938.53,711234.591
600030.SH,20100928,8.7906,8.7906,8.533,8.5571,8.8067,-0.24959999999999916,-2.8342,765637.12,822373.714
600030.SH,20100927,8.8228,8.855,8.7342,8.8067,8.7906,0.01609999999999978,0.1832,553479.02,603734.856
600030.SH,20100921,8.855,8.8872,8.7745,8.7906,8.7986,-0.008000000000000895,-0.0909,330503.19,361608.942
600030.SH,20100920,8.9596,8.9999,8.7825,8.7986,8.9596,-0.1609999999999996,-1.797,553981.73,611404.518
600030.SH,20100917,9.0643,9.0965,8.9355,8.9596,9.0482,-0.08859999999999957,-0.9792,578138.02,644077.528
600030.SH,20100916,9.0321,9.2253,8.9999,9.0482,9.024,0.024200000000000443,0.2682,871714.84,982205.886
600030.SH,20100915,9.2172,9.2172,9.0079,9.024,9.2092,-0.18520000000000003,-2.011,747447.55,843317.652
600030.SH,20100914,9.2897,9.346,9.1931,9.2092,9.2655,-0.05630000000000024,-0.6076,563498.15,648339.158
600030.SH,20100913,9.2494,9.3782,9.177,9.2655,9.2172,0.04829999999999934,0.524,568631.32,654746.91
600030.SH,20100910,9.3299,9.4104,9.1528,9.2172,9.3299,-0.11270000000000024,-1.2079,687165.8,787966.006
600030.SH,20100909,9.4829,9.5956,9.3138,9.3299,9.4507,-0.12079999999999913,-1.2782,748210.48,876340.012
600030.SH,20100908,9.507,9.5392,9.3943,9.4507,9.5875,-0.13680000000000092,-1.4269,637653.56,748186.38
600030.SH,20100907,9.66,9.7083,9.4829,9.5875,9.6278,-0.040300000000000225,-0.4186,785737.26,932625.169
600030.SH,20100906,9.2575,9.668,9.2575,9.6278,9.2253,0.40249999999999986,4.363,1510262.29,1789085.55
600030.SH,20100903,9.3138,9.3621,9.1609,9.2253,9.3138,-0.0884999999999998,-0.9502,1082948.14,1242669.108
600030.SH,20100902,9.4265,9.4668,9.2977,9.3138,9.3138,0.0,0.0,674306.38,783551.486
600030.SH,20100901,9.4507,9.5473,9.2655,9.3138,9.4346,-0.12079999999999913,-1.2804,744675.16,870551.675
600030.SH,20100831,9.5151,9.5392,9.3782,9.4346,9.5956,-0.1609999999999996,-1.6779,769894.68,901733.227
600030.SH,20100830,9.507,9.6761,9.3863,9.5956,9.4748,0.12079999999999913,1.275,943756.04,1118029.654
600030.SH,20100827,9.5151,9.5312,9.3782,9.4748,9.5231,-0.04829999999999934,-0.5072,415968.84,488589.808
600030.SH,20100826,9.5956,9.668,9.4587,9.5231,9.5875,-0.0644000000000009,-0.6717,569774.9,676036.521
600030.SH,20100825,9.7405,9.8934,9.5795,9.5875,9.8532,-0.26569999999999894,-2.6966,661110.7,797466.986
600030.SH,20100824,9.829,9.982,9.7083,9.8532,9.8371,0.01609999999999978,0.1637,513150.88,627922.398
600030.SH,20100823,9.8773,9.9659,9.7807,9.8371,9.8934,-0.05630000000000024,-0.5691,500032.8,612889.666
600030.SH,20100820,10.143,10.1832,9.821,9.8934,10.2154,-0.32200000000000095,-3.1521,690069.96,858006.167
600030.SH,20100819,10.1269,10.3281,10.0705,10.2154,10.1188,0.09660000000000046,0.9547,671333.68,851403.607
600030.SH,20100818,10.2476,10.2879,10.0705,10.1188,10.2154,-0.09660000000000046,-0.9456,572243.5,722070.567
600030.SH,20100817,10.2315,10.2798,10.1269,10.2154,10.2154,0.0,0.0,671595.06,850825.785
600030.SH,20100816,9.7968,10.2637,9.7566,10.2154,9.8371,0.3783000000000012,3.8456,922658.19,1151092.509
600030.SH,20100813,9.7566,9.8612,9.668,9.8371,9.7646,0.07249999999999979,0.7425,592303.18,718885.27
600030.SH,20100812,9.8854,9.9659,9.7485,9.7646,10.0142,-0.24960000000000093,-2.4925,780853.79,954758.921
600030.SH,20100811,10.0061,10.1188,9.9578,10.0142,10.0383,-0.0240999999999989,-0.2401,562442.16,699439.852
600030.SH,20100810,10.465,10.5052,10.0303,10.0383,10.473,-0.4347000000000012,-4.1507,804974.19,1024561.872
600030.SH,20100809,10.4328,10.5455,10.3523,10.473,10.4811,-0.008099999999998886,-0.0773,737995.36,957562.402
600030.SH,20100806,10.2557,10.5052,10.0866,10.4811,10.2557,0.2254000000000005,2.1978,923178.93,1185509.565
600030.SH,20100805,10.4891,10.5133,10.1913,10.2557,10.465,-0.2093000000000007,-2.0,781106.17,1002338.121
600030.SH,20100804,10.4086,10.5213,10.2315,10.465,10.4489,0.01609999999999978,0.1541,778821.75,1004311.957
600030.SH,20100803,10.5294,10.7709,10.4247,10.4489,10.4811,-0.03219999999999956,-0.3072,1389530.87,1834513.718
600030.SH,20100802,10.3201,10.5455,10.3201,10.4811,10.3201,0.1609999999999996,1.5601,698943.08,907046.486
600030.SH,20100730,10.4247,10.4247,10.2235,10.3201,10.4328,-0.11270000000000024,-1.0802,743393.11,953035.38
600030.SH,20100729,10.3281,10.5857,10.3281,10.4328,10.2798,0.15300000000000047,1.4884,1542265.85,2003325.404
600030.SH,20100728,9.9417,10.304,9.829,10.2798,9.9498,0.33000000000000007,3.3166,1145924.66,1440763.339
600030.SH,20100727,9.9417,10.0705,9.8371,9.9498,9.982,-0.03219999999999956,-0.3226,765298.21,947992.387
600030.SH,20100726,10.0625,10.1027,9.8371,9.982,10.0464,-0.0644000000000009,-0.641,795019.99,984316.037
600030.SH,20100723,9.8532,10.0625,9.7727,10.0464,9.821,0.2254000000000005,2.2951,1180121.73,1456124.337
600030.SH,20100722,9.668,9.8693,9.6197,9.821,9.7244,0.09660000000000046,0.9934,834529.63,1011420.451
600030.SH,20100721,9.7244,9.8451,9.6761,9.7244,9.7083,0.01609999999999978,0.1658,806582.92,977561.948
600030.SH,20100720,9.4829,9.7244,9.4668,9.7083,9.4587,0.24959999999999916,2.6388,885121.02,1060611.431
600030.SH,20100719,9.0804,9.5392,9.0562,9.4587,9.2172,0.24150000000000027,2.6201,549136.51,638543.899
600030.SH,20100716,9.2414,9.2736,9.0804,9.2172,9.2655,-0.04829999999999934,-0.5213,425567.21,484733.043
600030.SH,20100715,9.5312,9.6439,9.2575,9.2655,9.5473,-0.2818000000000005,-2.9516,483985.06,567571.083
600030.SH,20100714,9.507,9.7002,9.4748,9.5473,9.4748,0.07249999999999979,0.7652,476935.55,567593.631
600030.SH,20100713,9.5795,9.6117,9.4668,9.4748,9.7163,-0.24150000000000027,-2.4855,480395.93,568505.686
600030.SH,20100712,9.5714,9.7566,9.4748,9.7163,9.5392,0.17710000000000115,1.8565,688860.94,825402.663
600030.SH,20100709,9.3138,9.5875,9.1689,9.5392,9.3219,0.21729999999999983,2.3311,779993.96,914380.31
600030.SH,20100708,9.4909,9.5231,9.2736,9.3219,9.4346,-0.11270000000000024,-1.1945,415389.95,485349.242
600030.SH,20100707,9.3219,9.5151,9.2172,9.4346,9.3299,0.10469999999999935,1.1222,538523.83,625772.246
600030.SH,20100706,9.1931,9.3621,9.1367,9.3299,9.1931,0.13680000000000092,1.4881,422344.09,487894.088
600030.SH,20100705,9.2092,9.2897,9.0562,9.1931,9.3299,-0.13680000000000092,-1.4663,375076.14,426973.206
600030.SH,20100702,9.177,9.3943,8.9999,9.3299,9.185,0.1448999999999998,1.5776,570217.49,653430.799
600030.SH,20100701,9.4346,9.5392,9.1609,9.185,9.4185,-0.23349999999999937,-2.4792,620304.08,720430.57
600030.SH,20100630,9.6197,9.6197,9.2816,9.4185,9.668,-0.2494999999999994,-2.5807,608408.95,713059.952
600030.SH,20100629,10.3603,10.4408,9.66,9.668,10.3281,-0.6600999999999999,-6.3913,785225.42,971340.741
600030.SH,20100628,10.5616,10.6018,10.3201,10.3281,10.6179,-0.2898000000000014,-2.7294,433481.84,561762.203
600030.SH,20100625,10.8675,10.8675,10.5455,10.6179,10.956,-0.33809999999999896,-3.086,487277.94,645308.424
600030.SH,20100624,10.8675,11.1734,10.8675,10.956,10.9238,0.03219999999999956,0.2948,372504.4,509364.891
600030.SH,20100623,10.8618,11.0713,10.8304,10.9247,10.9037,0.02099999999999902,0.1926,506319.89,1058136.662
600030.SH,20100622,10.8095,10.9247,10.778,10.9037,10.8671,0.036599999999999966,0.3368,380688.87,789988.642
600030.SH,20100621,10.5109,10.8828,10.5109,10.8671,10.4848,0.38230000000000075,3.6462,555009.01,1137623.527
600030.SH,20100618,10.49,10.6314,10.38,10.4848,10.5057,-0.020899999999999253,-0.1989,408552.9,820487.845
600030.SH,20100611,10.5214,10.579,10.4167,10.5057,10.4114,0.09429999999999872,0.9057,342404.88,687151.154
600030.SH,20100610,10.4743,10.579,10.3957,10.4114,10.6104,-0.19899999999999984,-1.8755,409029.32,818264.708
600030.SH,20100609,10.3172,10.6628,10.1653,10.6104,10.2596,0.35079999999999956,3.4192,583576.54,1166734.522
600030.SH,20100608,10.1862,10.3957,10.1234,10.2596,10.2019,0.05770000000000053,0.5656,300381.43,588458.26
600030.SH,20100607,10.2072,10.2962,10.1339,10.2019,10.4429,-0.24099999999999966,-2.3078,409362.57,796706.797
600030.SH,20100604,10.2124,10.6209,10.1705,10.4429,10.2753,0.1676000000000002,1.6311,458704.0,913376.485
600030.SH,20100603,10.4271,10.4848,10.2596,10.2753,10.4219,-0.14660000000000117,-1.4067,437749.44,867985.28
600030.SH,20100602,10.1496,10.469,10.0291,10.4219,10.2072,0.21470000000000056,2.1034,473608.12,927349.452
600030.SH,20100601,10.291,10.38,10.0972,10.2072,10.3695,-0.1623000000000001,-1.5652,431819.54,843597.227
600030.SH,20100531,10.71,10.7728,10.3486,10.3695,10.8095,-0.4399999999999995,-4.0705,460319.26,928237.23
600030.SH,20100528,11.0504,11.1027,10.7414,10.8095,10.9299,-0.12040000000000006,-1.1016,453228.96,944106.964
600030.SH,20100527,10.799,10.998,10.5424,10.9299,10.7885,0.14139999999999908,1.3107,529132.3,1091742.516
600030.SH,20100526,10.8356,10.9194,10.6942,10.7885,10.7571,0.03140000000000143,0.2919,436307.25,899566.312
600030.SH,20100525,10.8356,10.9194,10.5581,10.7571,10.9928,-0.23570000000000135,-2.1441,753596.26,1547811.611
600030.SH,20100524,10.4481,11.1237,10.4481,10.9928,10.3643,0.6285000000000007,6.0641,1048151.96,2175744.432
600030.SH,20100521,9.9506,10.4324,9.872,10.3643,10.2753,0.08900000000000041,0.8662,629161.12,1219520.585
600030.SH,20100520,10.2596,10.5162,10.2177,10.2753,10.3643,-0.08900000000000041,-0.8587,445167.0,881336.083
600030.SH,20100519,10.3695,10.5528,10.2648,10.3643,10.5109,-0.1465999999999994,-1.3947,562475.08,1118908.832
600030.SH,20100518,10.2962,10.5895,10.2177,10.5109,10.2229,0.28800000000000026,2.8172,687124.53,1362926.13
600030.SH,20100517,10.8933,10.8933,10.2124,10.2229,11.108,-0.8851000000000013,-7.9681,914392.71,1831914.181
600030.SH,20100514,11.1813,11.2913,11.0504,11.108,11.3175,-0.20950000000000024,-1.8511,501513.81,1067944.202
600030.SH,20100513,11.0294,11.3279,11.0032,11.3175,11.0032,0.31430000000000113,2.8564,720689.28,1538083.552
600030.SH,20100512,10.8828,11.108,10.6314,11.0032,10.9718,0.03139999999999965,0.2862,673667.63,1400821.355
600030.SH,20100511,11.8464,11.8464,10.9509,10.9718,11.5165,-0.5447000000000006,-4.7297,875373.38,1904709.992
600030.SH,20100510,11.5217,11.6736,11.1813,11.5165,11.5427,-0.026199999999999335,-0.227,616947.79,1352182.253
600030.SH,20100507,11.5217,11.8726,11.1446,11.5427,11.5846,-0.04190000000000005,-0.3617,795767.15,1766641.679
600030.SH,20100506,12.3596,12.4539,11.5217,11.5846,12.5901,-1.0054999999999996,-7.9864,1273716.73,2924279.931
600030.SH,20100505,12.2811,12.7105,12.2811,12.5901,13.6427,-1.0526,-7.7155,2238830.14,5321903.279
600030.SH,20100504,13.6427,13.6427,13.6427,13.6427,15.1563,-1.5136000000000003,-9.9866,145743.0,379660.515
600030.SH,20100415,15.1091,15.3134,15.0044,15.1563,15.0201,0.13620000000000054,0.9068,926501.6,2683069.201
600030.SH,20100414,15.1039,15.1301,14.9311,15.0201,15.0777,-0.05760000000000076,-0.382,543226.03,1555051.506
600030.SH,20100413,14.5959,15.0882,14.575,15.0777,14.5959,0.4817999999999998,3.3009,986559.58,2806191.694
600030.SH,20100412,14.774,14.8944,14.4859,14.5959,14.7792,-0.18329999999999913,-1.2403,603174.43,1687981.566
600030.SH,20100409,14.643,14.8106,14.6378,14.7792,14.6378,0.14139999999999908,0.966,431306.94,1214604.15
600030.SH,20100408,14.8106,14.8106,14.6169,14.6378,14.8682,-0.2303999999999995,-1.5496,581927.91,1634063.725
600030.SH,20100407,15.1091,15.1091,14.7635,14.8682,15.1406,-0.2723999999999993,-1.7991,666821.71,1896984.993
600030.SH,20100406,15.1144,15.3291,15.0411,15.1406,15.0882,0.05239999999999867,0.3473,727348.75,2108056.058
600030.SH,20100402,15.0987,15.1301,14.9887,15.0882,15.0777,0.010500000000000398,0.0696,630402.93,1812676.279
600030.SH,20100401,14.8997,15.1196,14.7949,15.0777,14.884,0.19369999999999976,1.3014,933217.33,2669337.454
600030.SH,20100331,15.083,15.151,14.8473,14.884,14.8054,0.07859999999999978,0.5309,881912.5,2522525.314
600030.SH,20100330,14.863,14.8997,14.6902,14.8054,14.8525,-0.04709999999999859,-0.3171,513965.74,1452431.067
600030.SH,20100329,14.4859,14.8997,14.4859,14.8525,14.355,0.4974999999999987,3.4657,1048069.08,2956679.163
600030.SH,20100326,14.1769,14.4283,14.1193,14.355,14.1874,0.1676000000000002,1.1813,493786.71,1348194.408
600030.SH,20100325,14.4545,14.4597,14.156,14.1874,14.4702,-0.28279999999999994,-1.9544,568818.72,1549840.794
600030.SH,20100324,14.5435,14.6378,14.4283,14.4702,14.4859,-0.015700000000000713,-0.1084,485152.63,1343798.204
600030.SH,20100323,14.7216,14.753,14.4807,14.4859,14.7007,-0.21479999999999855,-1.4612,553522.43,1539254.318
600030.SH,20100322,14.9154,14.9206,14.6797,14.7007,14.7844,-0.08370000000000033,-0.5661,657245.58,1852410.211
600030.SH,20100319,14.7949,14.8211,14.5802,14.7844,14.7844,0.0,0.0,545762.22,1530732.364
600030.SH,20100318,14.9154,14.9416,14.7059,14.7844,14.9258,-0.14140000000000086,-0.9474,546168.89,1547774.828
600030.SH,20100317,14.7949,14.9363,14.6378,14.9258,14.7268,0.19899999999999984,1.3513,765152.63,2162711.28
600030.SH,20100316,14.5226,14.7844,14.5069,14.7268,14.5435,0.1833000000000009,1.2604,642191.34,1798765.076
600030.SH,20100315,14.664,14.7059,14.4231,14.5435,14.5121,0.03139999999999965,0.2164,614735.98,1705801.776
600030.SH,20100312,14.5907,14.7635,14.4807,14.5121,14.5802,-0.06809999999999938,-0.4671,890797.21,2485689.657
600030.SH,20100311,14.3707,14.664,14.2503,14.5802,14.266,0.3141999999999996,2.2024,1008127.85,2790714.615
600030.SH,20100310,14.2764,14.5069,14.2031,14.266,14.2398,0.026199999999999335,0.184,579817.24,1590176.997
600030.SH,20100309,14.1769,14.3341,13.9622,14.2398,14.1822,0.05760000000000076,0.4061,501657.33,1357754.26
600030.SH,20100308,14.245,14.266,14.0827,14.1822,14.2031,-0.020899999999999253,-0.1472,410568.91,1110187.675
600030.SH,20100305,13.9832,14.3498,13.9832,14.2031,13.9465,0.25659999999999883,1.8399,651254.44,1767828.333
600030.SH,20100304,14.4597,14.4597,13.9308,13.9465,14.4545,-0.5079999999999991,-3.5145,668870.71,1812703.035
600030.SH,20100303,14.3498,14.5069,14.1926,14.4545,14.3917,0.0627999999999993,0.4364,606625.09,1663426.536
600030.SH,20100302,14.5383,14.5854,14.3079,14.3917,14.5278,-0.136099999999999,-0.9368,497949.92,1370930.918
600030.SH,20100301,14.2974,14.575,14.266,14.5278,14.3079,0.2198999999999991,1.5369,548530.38,1512700.905
600030.SH,20100226,14.444,14.4493,14.2607,14.3079,14.4597,-0.1517999999999997,-1.0498,478021.36,1310125.196
600030.SH,20100225,14.3183,14.5488,14.2345,14.4597,14.2084,0.2513000000000005,1.7687,701810.46,1933292.935
600030.SH,20100224,13.9308,14.2293,13.8627,14.2084,14.0565,0.15189999999999948,1.0806,415265.39,1115104.355
600030.SH,20100223,14.3498,14.3498,13.8575,14.0565,14.4126,-0.35609999999999964,-2.4708,582787.3,1561741.344
600030.SH,20100222,14.4021,14.5907,14.3026,14.4126,14.3079,0.10469999999999935,0.7318,549620.54,1514144.131
600030.SH,20100212,14.3079,14.3445,14.1455,14.3079,14.2712,0.03669999999999973,0.2572,429965.38,1172146.815
600030.SH,20100211,14.2974,14.3655,14.2084,14.2712,14.2712,0.0,0.0,424334.93,1158106.986
600030.SH,20100210,14.1926,14.2817,14.0355,14.2712,14.067,0.20420000000000016,1.4516,523532.07,1416630.887
600030.SH,20100209,13.9779,14.2188,13.9308,14.067,14.046,0.021000000000000796,0.1495,460836.54,1237246.149
600030.SH,20100208,13.7737,14.2607,13.7004,14.046,13.7632,0.28279999999999994,2.0548,539457.88,1436788.827
600030.SH,20100205,13.6218,13.8941,13.6061,13.7632,14.0774,-0.31420000000000137,-2.2319,661347.08,1732932.669
600030.SH,20100204,14.0512,14.2345,13.9884,14.0774,14.2188,-0.14139999999999908,-0.9945,674875.85,1817583.177
600030.SH,20100203,13.8784,14.2293,13.5642,14.2188,13.648,0.5708000000000002,4.1823,1149158.07,3066512.943
600030.SH,20100202,13.9517,14.0355,13.6061,13.648,13.847,-0.19899999999999984,-1.4371,845143.4,2234101.443
600030.SH,20100201,14.6116,14.6116,13.758,13.847,14.8106,-0.9636000000000013,-6.5062,1367974.28,3659428.881
600030.SH,20100129,14.8316,15.1668,14.7687,14.8106,14.9101,-0.09949999999999903,-0.6673,660252.87,1883455.02
600030.SH,20100128,14.8054,14.9258,14.664,14.9101,14.8054,0.10469999999999935,0.7072,514751.02,1456971.507
600030.SH,20100127,14.9311,15.0463,14.7792,14.8054,14.9049,-0.09949999999999903,-0.6676,643077.53,1832727.447
600030.SH,20100126,15.2924,15.4234,14.774,14.9049,15.2767,-0.37180000000000035,-2.4338,815277.19,2332106.55
600030.SH,20100125,15.1929,15.5229,15.0777,15.2767,15.2977,-0.021000000000000796,-0.1373,761392.82,2234859.82
600030.SH,20100122,15.2924,15.5019,14.9311,15.2977,15.6067,-0.3089999999999993,-1.9799,1217141.22,3541346.898
600030.SH,20100121,15.5281,15.68,15.2506,15.6067,15.4862,0.12049999999999983,0.7781,1138819.91,3370782.004
600030.SH,20100120,16.1304,16.1304,15.3972,15.4862,16.2351,-0.748899999999999,-4.6128,2146467.45,6436833.967
600030.SH,20100119,16.1932,16.4656,16.078,16.2351,16.188,0.047100000000000364,0.291,1162183.66,3606246.428
600030.SH,20100118,16.4708,16.4708,15.9733,16.188,16.7484,-0.5604000000000013,-3.346,1793273.87,5540379.11
600030.SH,20100115,16.916,17.0155,16.6122,16.7484,16.895,-0.1465999999999994,-0.8677,919581.76,2946600.173
600030.SH,20100114,16.7222,17.0678,16.4551,16.895,16.6489,0.24609999999999843,1.4782,1101306.51,3524337.699
600030.SH,20100113,17.0993,17.3611,16.5808,16.6489,17.5863,-0.9374000000000002,-5.3303,1828043.8,5926775.317
600030.SH,20100112,17.2826,17.7382,16.9526,17.5863,17.5025,0.0838000000000001,0.4788,1334600.77,4424817.391
600030.SH,20100111,18.5866,18.5866,17.3611,17.5025,16.895,0.6075000000000017,3.5957,3089308.74,10592362.773
600030.SH,20100108,16.4656,16.9474,16.3922,16.895,16.5755,0.3194999999999979,1.9275,1040929.92,3313809.66
600030.SH,20100107,16.9788,17.2197,16.4446,16.5755,16.9893,-0.4137999999999984,-2.4357,1235592.34,3980014.778
600030.SH,20100106,17.2826,17.3611,16.9683,16.9893,17.1883,-0.19900000000000162,-1.1578,1437889.3,4728323.923
600030.SH,20100105,16.5232,17.3349,16.1356,17.1883,16.387,0.8013000000000012,4.8899,2093915.41,6750708.693
600030.SH,20100104,16.7588,16.916,16.3608,16.387,16.6384,-0.2514000000000003,-1.511,1106207.58,3510114.277
600030.SH,20091231,16.5965,16.7536,16.4499,16.6384,16.4918,0.1465999999999994,0.8889,1594096.79,5062886.315
600030.SH,20091230,16.2508,16.6017,16.2508,16.4918,16.1252,0.3666000000000018,2.2735,2363300.95,7435863.107
600030.SH,20091229,15.6329,16.1409,15.6276,16.1252,15.6381,0.48709999999999987,3.1148,1369717.16,4180826.347
600030.SH,20091228,15.3867,15.8005,15.3448,15.6381,15.0987,0.5394000000000005,3.5725,1070242.22,3191140.233
600030.SH,20091225,15.2139,15.2767,15.083,15.0987,15.2296,-0.13090000000000046,-0.8595,457330.25,1323720.506
600030.SH,20091224,14.9625,15.3239,14.8211,15.2296,14.8787,0.3508999999999993,2.3584,835877.96,2411311.191
600030.SH,20091223,14.7949,14.9625,14.7007,14.8787,14.7792,0.09950000000000081,0.6732,619708.38,1754949.487
600030.SH,20091222,15.282,15.282,14.7216,14.7792,15.282,-0.5028000000000006,-3.2901,643906.02,1845813.535
600030.SH,20091221,15.0306,15.3134,14.952,15.282,14.9416,0.3404000000000007,2.2782,698751.88,2021132.212
600030.SH,20091218,14.973,15.1877,14.6797,14.9416,15.0882,-0.14660000000000117,-0.9716,831679.3,2372965.871
600030.SH,20091217,15.4077,15.4705,15.0358,15.0882,15.3867,-0.2984999999999989,-1.94,702311.96,2039460.929
600030.SH,20091216,15.1668,15.7114,15.1668,15.3867,15.3815,0.005199999999998539,0.0338,632915.03,1868617.28
600030.SH,20091215,15.6014,15.6852,15.3396,15.3815,15.7638,-0.382299999999999,-2.4252,677189.49,2004867.72
600030.SH,20091214,15.5753,15.9209,15.083,15.7638,15.7114,0.052400000000000446,0.3335,1116496.42,3293197.166
600030.SH,20091211,15.8842,15.9942,15.6643,15.7114,15.8685,-0.1570999999999998,-0.99,667768.69,2016897.697
600030.SH,20091210,15.8162,15.9995,15.5543,15.8685,15.7062,0.16229999999999833,1.0333,869344.82,2622793.541
600030.SH,20091209,15.9209,16.0675,15.6538,15.7062,16.1356,-0.42939999999999934,-2.6612,921298.87,2784737.758
600030.SH,20091208,16.6017,16.6436,15.8842,16.1356,16.5755,-0.4399000000000015,-2.6539,1445864.54,4474693.881
600030.SH,20091207,16.5965,16.9421,16.4708,16.5755,16.5441,0.03140000000000143,0.1898,1673069.26,5324937.244
600030.SH,20091204,15.7795,16.717,15.6119,16.5441,15.7795,0.7645999999999997,4.8455,2294589.31,7072634.801
600030.SH,20091203,15.6643,16.099,15.6119,15.7795,15.591,0.18850000000000122,1.209,1014436.32,3070866.396
600030.SH,20091202,15.6748,15.79,15.5019,15.591,15.6119,-0.02090000000000103,-0.1339,817360.57,2437584.662
600030.SH,20091201,15.2087,15.7743,15.0777,15.6119,15.2872,0.3247,2.124,1260387.75,3711827.856
600030.SH,20091130,14.4807,15.5857,14.4807,15.2872,14.3026,0.9846000000000004,6.8841,1461162.35,4189752.51
600030.SH,20091127,14.6483,14.7687,14.2503,14.3026,14.8159,-0.5132999999999992,-3.4645,1266789.77,3511047.379
600030.SH,20091126,15.7009,15.7743,14.7687,14.8159,15.7167,-0.9008000000000003,-5.7315,1349525.39,3939771.875
600030.SH,20091125,15.5648,15.7638,15.1982,15.7167,15.591,0.12570000000000014,0.8062,1150594.07,3411917.133
600030.SH,20091124,16.3137,16.4865,15.5438,15.591,16.2142,-0.6232000000000024,-3.8435,1530319.84,4692632.897
600030.SH,20091123,16.1775,16.3242,16.0414,16.2142,16.1671,0.047100000000000364,0.2913,852318.04,2630732.201
600030.SH,20091120,15.8633,16.3922,15.7114,16.1671,15.9209,0.24620000000000175,1.5464,1187043.67,3637019.304
600030.SH,20091119,15.8685,16.1566,15.8162,15.9209,15.769,0.15189999999999948,0.9633,882286.01,2686283.631
600030.SH,20091118,15.7638,15.9314,15.6695,15.769,15.8319,-0.06289999999999907,-0.3973,772216.52,2329045.628
600030.SH,20091117,16.078,16.078,15.7533,15.8319,16.0518,-0.21990000000000087,-1.3699,1091243.17,3307809.73
600030.SH,20091116,15.3291,16.0675,15.3291,16.0518,15.2506,0.8011999999999997,5.2536,1609659.09,4851217.008
600030.SH,20091113,15.3448,15.3501,14.9782,15.2506,15.3815,-0.13090000000000046,-0.851,902921.92,2618743.749
600030.SH,20091112,15.4496,15.5753,15.3239,15.3815,15.4339,-0.05239999999999867,-0.3395,1062372.34,3133596.537
600030.SH,20091111,15.083,15.5438,14.9311,15.4339,14.9992,0.4346999999999994,2.8982,1498626.93,4364340.097
600030.SH,20091110,15.1615,15.2244,14.9835,14.9992,15.0463,-0.047100000000000364,-0.313,825725.59,2383753.908
600030.SH,20091109,15.0358,15.0777,14.8263,15.0463,14.9258,0.12049999999999983,0.8073,774776.23,2214021.501
600030.SH,20091106,15.1091,15.151,14.8892,14.9258,14.884,0.04180000000000028,0.2808,868234.34,2487093.82
600030.SH,20091105,14.9677,15.0044,14.7164,14.884,14.9258,-0.04180000000000028,-0.2801,727173.56,2063710.111
600030.SH,20091104,14.6849,15.0987,14.5854,14.9258,14.6797,0.2461000000000002,1.6765,1147236.84,3254401.993
600030.SH,20091103,14.5331,14.8473,14.4702,14.6797,14.4388,0.2408999999999999,1.6684,1024748.63,2875546.868
600030.SH,20091102,13.7161,14.4859,13.6218,14.4388,14.156,0.28279999999999994,1.9977,1053081.81,2831410.22
600030.SH,20091030,14.3498,14.4021,14.1403,14.156,14.1298,0.02620000000000111,0.1854,689200.58,1878996.898
600030.SH,20091029,14.1455,14.3131,14.0617,14.1298,14.4912,-0.3613999999999997,-2.4939,724775.31,1960825.323
600030.SH,20091028,14.1717,14.5697,14.0146,14.4912,14.2345,0.2566999999999986,1.8034,1005227.33,2745982.894
600030.SH,20091027,14.643,14.643,14.1717,14.2345,14.8421,-0.6075999999999997,-4.0938,1117890.87,3071229.61
600030.SH,20091026,15.1249,15.1353,14.7373,14.8421,15.0777,-0.2355999999999998,-1.5626,911663.39,2592354.589
600030.SH,20091023,14.952,15.2924,14.9258,15.0777,14.9101,0.1676000000000002,1.1241,994728.37,2867462.582
600030.SH,20091022,14.952,15.1877,14.8735,14.9101,15.0568,-0.14670000000000094,-0.9743,959572.19,2749580.25
600030.SH,20091021,14.7635,15.3396,14.5854,15.0568,14.7268,0.33000000000000007,2.2408,1738836.24,4992661.511
600030.SH,20091020,14.6745,14.7583,14.465,14.7268,14.554,0.1728000000000005,1.1873,1099032.01,3070149.027
600030.SH,20091019,14.1298,14.5854,14.046,14.554,14.1822,0.37180000000000035,2.6216,915723.08,2515724.593
600030.SH,20091016,14.266,14.3183,13.8784,14.1822,14.2084,-0.026199999999999335,-0.1844,793605.88,2127415.363
600030.SH,20091015,14.1979,14.6169,14.1612,14.2084,13.957,0.2513999999999985,1.8012,1053007.95,2889385.982
600030.SH,20091014,13.758,14.2188,13.6794,13.957,13.7161,0.2408999999999999,1.7563,959120.53,2559066.212
600030.SH,20091013,13.4594,13.7527,13.428,13.7161,13.538,0.1781000000000006,1.3156,511066.34,1329320.641
600030.SH,20091012,13.7108,13.7789,13.5328,13.538,13.7056,-0.1676000000000002,-1.2229,633031.06,1652651.267
600030.SH,20091009,13.4385,13.7213,13.3023,13.7056,13.0981,0.6074999999999999,4.6381,800687.0,2070438.715
600030.SH,20090930,12.9095,13.14,12.7839,13.0981,12.7839,0.31420000000000137,2.4578,755371.04,1872838.406
600030.SH,20090929,12.9619,13.0195,12.5953,12.7839,12.9305,-0.14660000000000117,-1.1338,600099.37,1465530.41
600030.SH,20090928,13.339,13.4542,12.8467,12.9305,13.3233,-0.39279999999999937,-2.9482,572301.87,1437580.177
600030.SH,20090925,13.3809,13.5118,13.1452,13.3233,13.5171,-0.19379999999999953,-1.4337,593484.93,1511885.524
600030.SH,20090924,13.3338,13.7108,13.051,13.5171,13.3338,0.18329999999999913,1.3747,848751.77,2158754.178
600030.SH,20090923,13.5799,13.7004,13.25,13.3338,13.5432,-0.20940000000000047,-1.5462,759373.1,1953589.54
600030.SH,20090922,13.9203,14.1403,13.538,13.5432,13.9884,-0.4451999999999998,-3.1826,856220.09,2260913.275
600030.SH,20090921,13.9989,14.0565,13.5118,13.9884,14.1508,-0.16239999999999988,-1.1476,1010935.37,2657902.277
600030.SH,20090918,14.7687,14.8944,14.0146,14.1508,14.7059,-0.5550999999999995,-3.7747,1373708.27,3815900.748
600030.SH,20090917,14.5174,14.7687,14.5121,14.7059,14.4231,0.28279999999999994,1.9607,929932.14,2606439.178
600030.SH,20090916,14.7007,14.7897,14.245,14.4231,14.7687,-0.345600000000001,-2.3401,1138431.35,3148536.759
600030.SH,20090915,14.8735,14.9625,14.6326,14.7687,14.863,-0.09429999999999872,-0.6345,1169007.61,3300955.171
600030.SH,20090914,14.3759,14.9311,14.2712,14.863,14.3759,0.48709999999999987,3.3883,1471765.98,4105930.99
600030.SH,20090911,14.0408,14.4964,14.0408,14.3759,13.9832,0.3926999999999996,2.8084,1171584.26,3202223.373
600030.SH,20090910,14.1979,14.2764,13.9308,13.9832,14.3602,-0.37700000000000067,-2.6253,894971.17,2407543.687
600030.SH,20090909,14.3498,14.6116,14.0827,14.3602,14.1403,0.21990000000000087,1.5551,1614468.01,4429141.467
600030.SH,20090908,13.826,14.1665,13.5642,14.1403,13.9779,0.16239999999999988,1.1618,1246719.33,3313367.292
600030.SH,20090907,14.0093,14.2712,13.7999,13.9779,13.8784,0.09950000000000081,0.7169,1274848.27,3431657.267
600030.SH,20090904,13.9098,14.067,13.7213,13.8784,13.9098,-0.03140000000000143,-0.2257,1230441.26,3261718.779
600030.SH,20090903,13.0876,13.9622,13.0352,13.9098,13.051,0.8588000000000005,6.5803,1638328.29,4241286.226
600030.SH,20090902,12.8624,13.2028,12.7786,13.051,12.9724,0.07859999999999978,0.6059,909544.36,2260814.363
600030.SH,20090901,12.8048,13.318,12.6948,12.9724,12.831,0.14140000000000086,1.102,1232104.86,3055898.179
600030.SH,20090831,13.7684,13.7684,12.8048,12.831,13.8679,-1.036900000000001,-7.477,1594214.29,3983578.367
600030.SH,20090828,14.6011,14.6588,13.7423,13.8679,14.5802,-0.712299999999999,-4.8854,1493027.8,3996562.371
600030.SH,20090827,14.4545,14.863,14.3759,14.5802,14.554,0.026199999999999335,0.18,1125924.47,3137717.523
600030.SH,20090826,14.0879,14.7425,13.9936,14.554,14.2817,0.27229999999999954,1.9066,1227557.49,3398181.443
600030.SH,20090825,15.083,15.083,13.8208,14.2817,15.1249,-0.8431999999999995,-5.5749,1635042.08,4481572.292
600030.SH,20090824,15.1668,15.2296,14.8997,15.1249,15.0725,0.052400000000000446,0.3477,1085357.43,3122558.654
600030.SH,20090821,14.9258,15.2296,14.7164,15.0725,14.9992,0.0732999999999997,0.4887,1326401.65,3794420.774
600030.SH,20090820,14.5226,15.0306,14.3864,14.9992,14.3864,0.6128,4.2596,1443725.95,4072070.843
600030.SH,20090819,15.5962,15.6329,14.2974,14.3864,15.5962,-1.2097999999999995,-7.757,1697272.49,4833287.295
600030.SH,20090818,16.2247,16.2247,15.083,15.5962,16.2613,-0.6650999999999989,-4.0901,1766930.12,5218459.17
600030.SH,20090817,16.6017,16.9107,16.2299,16.2613,17.0521,-0.7908000000000008,-4.6376,1668734.4,5293082.467
600030.SH,20090814,16.9683,17.3978,16.4394,17.0521,16.9683,0.0838000000000001,0.4939,1795792.05,5806359.393
600030.SH,20090813,16.9945,17.115,16.586,16.9683,16.9683,0.0,0.0,1431141.28,4618987.475
600030.SH,20090812,17.9896,18.0,16.9421,16.9683,18.0891,-1.1207999999999991,-6.196,1531432.31,5080342.602
600030.SH,20090811,18.1205,18.1886,17.7539,18.0891,18.0524,0.03669999999999973,0.2033,860276.46,2955308.793
600030.SH,20090810,18.5918,18.6652,17.6753,18.0524,18.309,-0.2566000000000024,-1.4015,1331768.89,4615499.034
600030.SH,20090807,18.4033,18.6809,18.1624,18.309,18.3352,-0.026199999999999335,-0.1429,1426676.72,5009649.783
600030.SH,20090806,18.8432,18.8432,17.9634,18.3352,19.0527,-0.7175000000000011,-3.7659,1909112.81,6693037.591
600030.SH,20090805,19.6655,19.7231,18.8013,19.0527,19.655,-0.6022999999999996,-3.0644,1558704.7,5711908.86
600030.SH,20090804,20.1001,20.1054,19.3722,19.655,19.9954,-0.3403999999999989,-1.7024,1132729.62,4254474.842
600030.SH,20090803,20.2154,20.3201,19.7702,19.9954,19.9168,0.07860000000000156,0.3946,1299015.94,4964144.177
600030.SH,20090731,19.456,20.0059,19.0894,19.9168,19.3617,0.5550999999999995,2.867,1533099.91,5727945.634
600030.SH,20090730,19.1941,19.5345,18.44,19.3617,18.7699,0.5917999999999992,3.1529,1782458.26,6497393.567
600030.SH,20090729,19.4664,20.1892,17.8639,18.7699,19.566,-0.7960999999999991,-4.0688,2338285.43,8611156.489
600030.SH,20090728,19.1051,19.6183,18.749,19.566,19.0527,0.5132999999999974,2.6941,1389337.92,5070505.187
600030.SH,20090727,18.5918,19.1313,18.4347,19.0527,18.1729,0.879800000000003,4.8413,1588241.76,5711415.754
600030.SH,20090724,18.33,18.5395,17.7487,18.1729,18.0838,0.0890999999999984,0.4927,1309476.55,4544871.401
600030.SH,20090723,18.1729,18.33,17.8901,18.0838,18.2095,-0.12569999999999837,-0.6903,1234830.85,4272601.565
600030.SH,20090722,17.2302,18.2671,17.204,18.2095,17.3716,0.8378999999999976,4.8234,2071569.17,7049008.33
600030.SH,20090721,17.4449,17.911,17.2826,17.3716,17.1883,0.18329999999999913,1.0664,1925903.65,6486898.114
600030.SH,20090720,16.9579,17.2564,16.7588,17.1883,16.9212,0.2671000000000028,1.5785,1286557.69,4189722.079
600030.SH,20090717,17.1935,17.2773,16.7065,16.9212,17.1621,-0.2408999999999999,-1.4037,1268924.36,4110194.385
600030.SH,20090716,17.3559,17.5968,17.0888,17.1621,17.1673,-0.005200000000002092,-0.0303,1268507.48,4207727.791
600030.SH,20090715,17.2564,17.5444,17.0888,17.1673,17.1726,-0.005299999999998306,-0.0309,1419938.7,4686385.447
600030.SH,20090714,16.6017,17.2145,16.6017,17.1726,16.4865,0.6860999999999997,4.1616,1885553.29,6077721.609
600030.SH,20090713,16.916,17.0155,16.4446,16.4865,17.1097,-0.6232000000000006,-3.6424,1689205.92,5384425.192
600030.SH,20090710,17.2564,17.4606,16.916,17.1097,17.2354,-0.12569999999999837,-0.7293,1530194.97,5020182.491
600030.SH,20090709,17.1045,17.3768,16.9945,17.2354,17.1045,0.1308999999999969,0.7653,1637871.59,5383023.564
600030.SH,20090708,16.3975,17.3664,16.0885,17.1045,16.6332,0.47130000000000294,2.8335,2472785.19,7832551.606
600030.SH,20090707,16.6174,16.8845,16.4708,16.6332,16.5546,0.078599999999998,0.4748,1809413.16,5767360.915
600030.SH,20090706,15.7009,17.0417,15.7009,16.5546,15.4967,1.0579,6.8266,2832665.99,8886063.506
600030.SH,20090703,15.1301,15.6329,14.9154,15.4967,15.261,0.23570000000000135,1.5445,1733286.63,5064958.964
600030.SH,20090702,15.2401,15.5072,15.1353,15.261,15.1929,0.06809999999999938,0.4482,1579558.28,4611695.312
600030.SH,20090701,14.664,15.2872,14.6221,15.1929,14.8002,0.3926999999999996,2.6533,1908920.32,5470532.536
600030.SH,20090630,14.8473,15.0725,14.4074,14.8002,14.6326,0.1676000000000002,1.1454,2281534.35,6405543.443
600030.SH,20090626,14.8211,14.8787,14.5592,14.6326,14.7792,-0.1465999999999994,-0.9919,984416.63,2754797.417
600030.SH,20090625,14.9258,15.1458,14.7164,14.7792,15.0306,-0.2514000000000003,-1.6726,1096805.89,3117796.86
600030.SH,20090624,14.7425,15.0777,14.4859,15.0306,14.8316,0.19899999999999984,1.3417,1517351.56,4265497.207
600030.SH,20090623,14.9258,15.172,14.5331,14.8316,15.2715,-0.43989999999999974,-2.8805,1652563.81,4681746.657
600030.SH,20090622,15.7795,15.7847,15.1982,15.2715,15.4705,-0.19899999999999984,-1.2863,1206049.07,3559081.277
600030.SH,20090619,15.1249,15.7428,15.0306,15.4705,15.0568,0.4136999999999986,2.7476,1627293.09,4819043.64
600030.SH,20090618,14.9992,15.3396,14.9363,15.0568,14.9625,0.0943000000000005,0.6302,1433370.71,4146822.059
600030.SH,20090617,14.9258,15.0882,14.5697,14.9625,14.9625,0.0,0.0,1154999.5,3266031.3
600030.SH,20090616,14.3393,15.1301,14.245,14.9625,14.4545,0.5080000000000009,3.5145,1914691.69,5411080.877
600030.SH,20090615,14.3236,14.4807,14.1403,14.4545,14.266,0.18849999999999945,1.3213,934872.66,2556067.403
600030.SH,20090612,14.2555,14.643,14.0251,14.266,14.2188,0.04720000000000013,0.332,1145249.79,3126475.999
600030.SH,20090611,14.5592,14.7164,14.1926,14.2188,14.5069,-0.2881,-1.986,1249084.36,3451025.152
600030.SH,20090610,14.5527,14.7121,14.3726,14.5064,14.527,-0.02059999999999995,-0.1418,1391449.97,3930454.202
600030.SH,20090609,13.9457,14.5372,13.6319,14.527,13.9354,0.5915999999999997,4.2453,1580374.3,4318792.78
600030.SH,20090608,13.9405,14.1926,13.7348,13.9354,13.8377,0.09769999999999968,0.706,1172472.58,3184409.38
600030.SH,20090605,14.1874,14.2852,13.8016,13.8377,14.0074,-0.16970000000000063,-1.2115,1096154.64,2977576.813
600030.SH,20090604,13.7553,14.3418,13.6885,14.0074,13.8377,0.16970000000000063,1.2264,2013819.42,5490367.557
600030.SH,20090603,13.3798,13.92,13.349,13.8377,13.4158,0.42189999999999905,3.1448,1771108.4,4707888.439
600030.SH,20090602,13.6319,13.6525,13.3747,13.4158,13.5444,-0.12859999999999872,-0.9495,1185517.21,3108840.309
600030.SH,20090601,13.2152,13.6576,13.1741,13.5444,13.0815,0.4628999999999994,3.5386,1862859.75,4874263.148
600030.SH,20090527,12.994,13.2152,12.8603,13.0815,12.9271,0.15440000000000076,1.1944,731209.21,1852579.247
600030.SH,20090526,13.313,13.3644,12.9169,12.9271,12.7574,0.16969999999999885,1.3302,1302273.86,3327683.857
600030.SH,20090522,12.6134,12.8963,12.6031,12.7574,12.7265,0.030900000000000816,0.2428,498721.17,1234440.722
600030.SH,20090521,12.9529,13.066,12.6288,12.7265,13.0763,-0.3498000000000001,-2.6751,998891.58,2486104.698
600030.SH,20090520,13.2204,13.385,13.0609,13.0763,13.2615,-0.18520000000000003,-1.3965,925929.58,2376168.961
600030.SH,20090519,13.4055,13.4827,13.0712,13.2615,13.2512,0.010299999999999088,0.0777,1021558.03,2638226.57
600030.SH,20090518,13.349,13.349,12.9529,13.2512,13.4261,-0.17489999999999917,-1.3027,808335.02,2061151.606
600030.SH,20090515,13.5702,13.7193,13.3335,13.4261,13.4364,-0.010300000000000864,-0.0767,984189.39,2581549.994
600030.SH,20090514,13.2975,13.5702,13.2255,13.4364,13.493,-0.05659999999999954,-0.4195,1291269.42,3368403.296
600030.SH,20090513,13.102,13.6216,12.8706,13.493,13.0609,0.43210000000000015,3.3083,1949581.39,5060902.579
600030.SH,20090512,12.7522,13.0763,12.7214,13.0609,12.9271,0.1338000000000008,1.035,949216.19,2378767.934
600030.SH,20090511,13.2615,13.7451,12.9117,12.9271,13.1535,-0.22639999999999993,-1.7212,2446092.02,6376214.956
600030.SH,20090508,12.6699,13.2204,12.5053,13.1535,12.7265,0.4269999999999996,3.3552,1706853.43,4274786.583
600030.SH,20090507,12.9426,13.066,12.6339,12.7265,12.85,-0.12349999999999994,-0.9611,1353763.47,3371863.111
600030.SH,20090506,12.9117,12.9734,12.6905,12.85,12.9374,-0.08740000000000059,-0.6756,1258725.97,3138670.478
600030.SH,20090505,13.1483,13.2667,12.8294,12.9374,13.0455,-0.10810000000000031,-0.8286,1207069.82,3049109.053
600030.SH,20090504,12.4899,13.0918,12.4282,13.0455,12.4745,0.5709999999999997,4.5773,1481060.75,3692410.358
600030.SH,20090430,12.7574,12.7574,12.2481,12.4745,12.9786,-0.5040999999999993,-3.8841,1999966.0,4846392.252
600030.SH,20090429,12.6236,13.0866,12.5105,12.9786,12.6391,0.339500000000001,2.6861,966991.72,2406597.668
600030.SH,20090428,12.1504,12.6854,12.1504,12.6391,12.315,0.3240999999999996,2.6317,875948.87,2123890.839
600030.SH,20090427,12.5825,12.6957,12.207,12.315,12.6648,-0.3498000000000001,-2.762,779602.81,1874264.872
600030.SH,20090424,13.066,13.066,12.5825,12.6648,12.9786,-0.3138000000000005,-2.4178,932574.07,2308254.309
600030.SH,20090423,12.8654,13.0249,12.7574,12.9786,12.8963,0.08230000000000004,0.6382,811334.51,2034213.131
600030.SH,20090422,13.6319,13.709,12.8654,12.8963,13.5547,-0.6584000000000003,-4.8574,1495714.55,3855453.553
600030.SH,20090421,13.6062,13.7914,13.2872,13.5547,13.9611,-0.40639999999999965,-2.9109,1268359.11,3335545.429
600030.SH,20090420,13.8222,14.028,13.6473,13.9611,13.92,0.041100000000000136,0.2953,960454.05,2592168.175
600030.SH,20090417,13.4776,14.244,13.3901,13.92,13.5856,0.3344000000000005,2.4614,1770564.06,4776697.543
600030.SH,20090416,13.9148,14.0949,13.3747,13.5856,13.8119,-0.22630000000000017,-1.6384,1024325.92,2737474.169
600030.SH,20090415,13.7399,13.9148,13.3181,13.8119,13.7811,0.030799999999999272,0.2235,1173786.95,3108193.3
600030.SH,20090414,13.3695,13.9611,13.3027,13.7811,13.3747,0.40639999999999965,3.0386,1580794.95,4221110.613
600030.SH,20090413,13.349,13.6319,13.2975,13.3747,13.1381,0.23660000000000103,1.8009,1578620.5,4128094.473
600030.SH,20090410,12.7059,13.1586,12.5516,13.1381,12.5773,0.5608000000000004,4.4588,1238303.55,3093630.484
600030.SH,20090409,12.4024,12.5928,12.2841,12.5773,12.4024,0.17489999999999917,1.4102,856361.54,2074182.339
600030.SH,20090408,12.9529,13.0043,12.3459,12.4024,13.0403,-0.6379000000000001,-4.8918,1255046.85,3075055.623
600030.SH,20090407,13.2204,13.4621,12.8037,13.0403,13.2255,-0.18520000000000003,-1.4003,1006777.04,2562167.515
600030.SH,20090403,13.529,13.6576,13.2049,13.2255,13.3541,-0.1286000000000005,-0.963,1188841.26,3101640.066
600030.SH,20090402,13.2461,13.6319,13.2461,13.3541,13.1741,0.1800000000000015,1.3663,1388245.25,3637830.04
600030.SH,20090401,13.1998,13.3747,12.9374,13.1741,13.102,0.07209999999999894,0.5503,1346010.91,3442927.669
600030.SH,20090331,12.7471,13.2821,12.4899,13.102,12.814,0.28800000000000026,2.2475,1631785.05,4082852.894
600030.SH,20090330,12.4487,12.9632,12.3459,12.814,12.4436,0.37040000000000006,2.9766,1497257.24,3697922.969
600030.SH,20090327,12.4848,12.7471,12.2944,12.4436,12.3664,0.07719999999999949,0.6243,1109022.31,2700360.584
600030.SH,20090326,12.0887,12.3973,11.7749,12.3664,11.9755,0.39090000000000025,3.2642,1153053.0,2706047.075
600030.SH,20090325,12.3201,12.5002,11.9343,11.9755,12.4127,-0.4371999999999989,-3.5222,1108777.38,2648941.402
600030.SH,20090324,12.6494,12.7985,12.351,12.4127,12.2996,0.11309999999999931,0.9195,1295240.76,3167799.433
600030.SH,20090323,11.9343,12.3973,11.8572,12.2996,11.9035,0.39610000000000056,3.3276,1250461.22,2979592.394
600030.SH,20090320,12.0372,12.0938,11.7131,11.9035,12.0218,-0.1183000000000014,-0.984,821899.69,1901238.719
600030.SH,20090319,11.708,12.0887,11.6565,12.0218,11.6874,0.3344000000000005,2.8612,1162275.08,2689852.37
600030.SH,20090318,11.6617,11.9703,11.6308,11.6874,11.6308,0.05659999999999954,0.4866,1308156.56,3003719.437
600030.SH,20090317,11.2605,11.7286,11.065,11.6308,11.2399,0.39090000000000025,3.4778,1191875.56,2665566.61
600030.SH,20090316,10.9312,11.3016,10.8078,11.2399,10.957,0.2828999999999997,2.5819,692797.83,1490951.938
600030.SH,20090313,11.1679,11.2502,10.8438,10.957,11.1473,-0.1902999999999988,-1.7071,884092.4,1894566.992
600030.SH,20090312,11.137,11.2244,10.8283,11.1473,11.2296,-0.08230000000000004,-0.7329,766711.94,1640829.979
600030.SH,20090311,11.6,11.7594,11.1936,11.2296,11.2347,-0.0051000000000005485,-0.0454,1171203.22,2622190.335
600030.SH,20090310,10.8026,11.2707,10.7512,11.2347,10.9312,0.30349999999999966,2.7765,824150.11,1758906.376
600030.SH,20090309,11.8623,12.0012,10.9055,10.9312,11.8006,-0.8693999999999988,-7.3674,1520974.73,3373212.985
600030.SH,20090306,11.4714,12.0629,11.4096,11.8006,11.8109,-0.010300000000000864,-0.0872,1616493.71,3688573.983
600030.SH,20090305,12.0526,12.1401,11.5331,11.8109,11.816,-0.0051000000000005485,-0.0432,1969248.27,4558768.665
600030.SH,20090304,11.0187,11.9086,11.0187,11.816,10.8438,0.9722000000000008,8.9655,1675731.63,3731544.311
600030.SH,20090303,10.6534,10.9827,10.5506,10.8438,11.0084,-0.16460000000000008,-1.4952,718994.23,1506247.617
600030.SH,20090302,10.8798,11.1061,10.7255,11.0084,10.993,0.015399999999999636,0.1401,791906.42,1683960.925
600030.SH,20090227,10.9055,11.1524,10.8026,10.993,10.9364,0.05659999999999954,0.5175,1268315.29,2709506.843
600030.SH,20090226,11.4714,11.6411,10.7872,10.9364,11.6103,-0.6738999999999997,-5.8043,1398751.35,3065128.525
600030.SH,20090225,11.7183,11.7749,11.065,11.6103,11.5125,0.09780000000000122,0.8495,1621251.07,3608133.893
600030.SH,20090224,12.4745,12.5876,11.4971,11.5125,12.7677,-1.2552000000000003,-9.8311,2418194.06,5623071.734
600030.SH,20090223,12.2481,12.886,12.0372,12.7677,12.4179,0.3498000000000001,2.8169,1220070.89,2961115.998
600030.SH,20090220,12.2378,12.4899,12.0115,12.4179,12.3047,0.11319999999999908,0.92,975041.78,2323650.704
600030.SH,20090219,12.5002,12.5516,12.0269,12.3047,12.387,-0.08230000000000004,-0.6644,1249162.99,2989477.067
600030.SH,20090218,12.7471,12.8706,12.2584,12.387,13.0506,-0.6635999999999989,-5.0848,1497536.12,3654723.18
600030.SH,20090217,13.5907,13.601,13.0146,13.0506,13.6165,-0.565900000000001,-4.156,1293601.15,3343169.291
600030.SH,20090216,13.3747,13.9817,13.3644,13.6165,13.0763,0.5402000000000005,4.1311,1791528.11,4751945.349
600030.SH,20090213,12.4385,13.1586,12.3047,13.0763,12.4539,0.622399999999999,4.9976,1366235.62,3397744.565
600030.SH,20090212,12.8448,12.8448,12.1915,12.4539,12.8243,-0.3703999999999983,-2.8883,1319325.21,3200078.674
600030.SH,20090211,12.1401,13.529,11.9343,12.8243,12.4127,0.41159999999999997,3.316,2413914.91,5905579.162
600030.SH,20090210,12.4436,12.5979,12.0269,12.4127,12.4436,-0.030900000000000816,-0.2483,1061785.52,2546076.859
600030.SH,20090209,12.459,12.7728,12.3253,12.4436,12.3304,0.11320000000000086,0.9181,1475972.52,3602001.933
600030.SH,20090206,11.78,12.3459,11.78,12.3304,11.7852,0.5451999999999995,4.6261,1084640.53,2561565.749
600030.SH,20090205,11.78,12.3459,11.6565,11.7852,11.888,-0.10280000000000022,-0.8647,1482452.66,3455954.427
600030.SH,20090204,11.5125,11.9138,11.4508,11.888,11.4251,0.4628999999999994,4.0516,1220889.58,2775254.8
600030.SH,20090203,11.2656,11.5691,11.1884,11.4251,11.1524,0.2727000000000004,2.4452,1028428.77,2275360.445
600030.SH,20090202,11.2759,11.3685,10.993,11.1524,11.1987,-0.04630000000000045,-0.4134,559366.24,1212055.365
600030.SH,20090123,11.209,11.3942,11.1421,11.1987,11.209,-0.010299999999999088,-0.0919,830098.61,1817212.087
600030.SH,20090122,11.2759,11.4148,11.0032,11.209,11.1524,0.05659999999999954,0.5075,923727.05,2017728.494
600030.SH,20090121,10.7512,11.3942,10.71,11.1524,10.9364,0.2159999999999993,1.9751,1614020.77,3496352.764
600030.SH,20090120,10.674,10.9981,10.5094,10.9364,10.674,0.2624000000000013,2.4583,869933.59,1822240.229
600030.SH,20090119,10.7769,11.1113,10.4991,10.674,10.5814,0.09259999999999913,0.8751,1152595.57,2425365.526
600030.SH,20090116,10.2625,11.0598,10.2625,10.5814,10.1699,0.4115000000000002,4.0463,2059394.34,4326344.167
600030.SH,20090115,10.175,10.3962,10.0516,10.1699,10.3602,-0.19030000000000058,-1.8368,1050126.27,2088433.379
600030.SH,20090114,9.4754,10.4168,9.4754,10.3602,9.4857,0.8745000000000012,9.2191,1293798.14,2520484.744
600030.SH,20090113,9.5269,9.6555,9.4446,9.4857,9.6915,-0.20579999999999998,-2.1235,427121.23,792995.513
600030.SH,20090112,9.7275,9.8767,9.5732,9.6915,9.8047,-0.11320000000000086,-1.1545,532136.45,1005494.072
600030.SH,20090109,9.7121,9.9076,9.7121,9.8047,9.7635,0.0411999999999999,0.422,496987.23,948557.517
600030.SH,20090108,9.6709,9.7789,9.5629,9.7635,9.8613,-0.09779999999999944,-0.9918,600603.89,1131088.989
600030.SH,20090107,9.9384,10.0876,9.8355,9.8613,9.9641,-0.10280000000000022,-1.0317,668943.83,1297648.304
600030.SH,20090106,9.6195,10.0567,9.5938,9.9641,9.7018,0.26229999999999976,2.7036,968404.78,1861194.806
600030.SH,20090105,9.4137,9.7224,9.3108,9.7018,9.244,0.45780000000000065,4.9524,818978.41,1520774.908
600030.SH,20081231,9.352,9.4137,9.2285,9.244,9.316,-0.07200000000000095,-0.7729,560867.64,1014863.187
600030.SH,20081230,9.5115,9.5989,9.3108,9.316,9.5835,-0.26750000000000007,-2.7913,737601.15,1353576.562
600030.SH,20081229,9.7789,9.9024,9.5166,9.5835,9.7224,-0.13889999999999958,-1.4287,677618.26,1273893.651
600030.SH,20081226,9.6709,9.9281,9.5166,9.7224,9.7121,0.010300000000000864,0.1061,691446.02,1311458.077
600030.SH,20081225,9.7224,9.7841,9.4086,9.7121,9.6864,0.025699999999998724,0.2653,808592.18,1513349.373
600030.SH,20081224,9.8458,9.9899,9.568,9.6864,10.0104,-0.32399999999999984,-3.2366,892100.45,1692313.964
600030.SH,20081223,10.8026,10.8026,9.9899,10.0104,10.8129,-0.8025000000000002,-7.4217,1345372.32,2694294.018
600030.SH,20081222,11.137,11.1781,10.71,10.8129,11.1473,-0.3343999999999987,-2.9998,972995.78,2060731.33
600030.SH,20081219,10.957,11.3942,10.9209,11.1473,11.0135,0.13379999999999903,1.2149,1273112.36,2764092.795
600030.SH,20081218,10.9055,11.1113,10.7306,11.0135,10.9724,0.041100000000000136,0.3746,923470.42,1957127.73
600030.SH,20081217,10.9827,11.3067,10.8181,10.9724,11.0444,-0.07199999999999918,-0.6519,1137745.19,2447102.441
600030.SH,20081216,10.6534,11.1524,10.4991,11.0444,10.7821,0.26229999999999976,2.4327,924116.63,1946543.653
600030.SH,20081215,10.9827,11.0804,10.6329,10.7821,10.7512,0.03089999999999904,0.2874,871080.71,1842867.806
600030.SH,20081212,11.0187,11.101,10.6226,10.7512,11.1936,-0.44239999999999924,-3.9523,1266408.66,2663091.202
600030.SH,20081211,11.564,11.5948,11.1524,11.1936,11.6926,-0.49900000000000055,-4.2677,1327424.81,2931260.749
600030.SH,20081210,11.0084,11.7234,11.0084,11.6926,11.0393,0.6532999999999998,5.9179,1638127.11,3624962.208
600030.SH,20081209,11.6,11.6257,11.0135,11.0393,11.6308,-0.5914999999999999,-5.0856,1428631.81,3141471.685
600030.SH,20081208,11.5742,11.8057,11.3891,11.6308,11.3582,0.2726000000000006,2.4,1611751.92,3632417.653
600030.SH,20081205,11.0238,11.3736,10.957,11.3582,11.065,0.29320000000000057,2.6498,1342042.95,2903333.499
600030.SH,20081204,10.993,11.5742,10.993,11.065,10.7512,0.31379999999999875,2.9187,2553195.89,5617107.833
600030.SH,20081203,10.494,10.7923,10.458,10.7512,10.3911,0.360100000000001,3.4655,1534306.43,3178777.685
600030.SH,20081202,9.9796,10.7255,9.9333,10.3911,10.2574,0.13369999999999926,1.3034,1479639.93,2986305.97
600030.SH,20081201,10.1082,10.2779,9.851,10.2574,10.0619,0.1955000000000009,1.943,874667.97,1718866.361
600030.SH,20081128,10.2419,10.422,9.8252,10.0619,10.4065,-0.3445999999999998,-3.3114,1204094.01,2369579.712
600030.SH,20081127,10.8026,10.8746,10.3911,10.4065,10.0001,0.40639999999999965,4.064,2600586.52,5371452.428
600030.SH,20081126,10.0619,10.1853,9.8304,10.0001,10.0619,-0.061799999999999855,-0.6142,853670.34,1663904.29
600030.SH,20081125,9.9281,10.2934,9.7429,10.0619,9.7378,0.3240999999999996,3.3283,1380699.18,2681940.743
600030.SH,20081124,10.031,10.2471,9.7275,9.7378,10.2213,-0.4834999999999994,-4.7303,1077884.17,2087284.163
600030.SH,20081121,9.7738,10.5351,9.4652,10.2213,10.1648,0.05649999999999977,0.5558,2074029.63,4063003.909
600030.SH,20081120,10.1648,10.4425,10.031,10.1648,10.3757,-0.21090000000000053,-2.0326,1540773.89,3053777.159
600030.SH,20081119,9.7275,10.5043,9.5423,10.3757,9.7481,0.6275999999999993,6.4382,2036678.03,3961740.053
600030.SH,20081118,10.5454,10.8798,9.6864,9.7481,10.5866,-0.8384999999999998,-7.9204,2516959.36,5040683.479
600030.SH,20081117,10.5969,10.746,10.4323,10.5866,10.8283,-0.2416999999999998,-2.2321,2126509.67,4375867.145
600030.SH,20081114,10.494,10.9004,10.2831,10.8283,10.3242,0.5041000000000011,4.8827,2170871.11,4439526.209
600030.SH,20081113,9.851,10.5454,9.604,10.3242,10.0259,0.29829999999999934,2.9753,2125265.19,4199841.339
600030.SH,20081112,9.5578,10.1082,9.5423,10.0259,9.6143,0.41159999999999997,4.2811,1464799.64,2824013.904
600030.SH,20081111,9.9281,10.1133,9.5475,9.6143,10.0001,-0.3857999999999997,-3.858,1716107.88,3279778.346
600030.SH,20081110,9.3623,10.0053,9.2594,10.0001,9.0948,0.9053000000000004,9.954,1901690.88,3605388.084
600030.SH,20081107,8.5855,9.2491,8.5392,9.0948,8.7604,0.3343999999999987,3.8172,1425824.07,2494626.111
600030.SH,20081106,8.3746,8.853,8.3232,8.7604,8.6215,0.13890000000000136,1.6111,1041542.51,1743873.791
600030.SH,20081105,8.3849,8.9507,8.3335,8.6215,8.2614,0.3600999999999992,4.3588,1388223.1,2333104.205
600030.SH,20081104,8.6421,8.6627,8.2049,8.2614,8.5958,-0.3344000000000005,-3.8903,1069408.86,1734681.909
600030.SH,20081103,8.8736,9.0639,8.4929,8.5958,9.1771,-0.5812999999999988,-6.3342,1327657.6,2260242.037
600030.SH,20081031,9.2594,9.3623,9.0485,9.1771,9.4086,-0.23150000000000048,-2.4605,974745.0,1736701.176
600030.SH,20081030,9.2543,9.7995,9.1977,9.4086,9.0948,0.3138000000000005,3.4503,1335064.4,2464267.405
600030.SH,20081029,9.851,9.8715,9.0588,9.0948,9.8252,-0.7304000000000013,-7.4339,1656198.64,3049110.015
600030.SH,20081028,8.8376,9.9281,8.7861,9.8252,9.0691,0.7561,8.3371,1945983.21,3563924.178
600030.SH,20081027,9.7738,9.8767,9.0536,9.0691,9.9487,-0.8795999999999999,-8.8414,1346665.66,2479562.791
600030.SH,20081024,10.2008,10.3654,9.7738,9.9487,10.2831,-0.3343999999999987,-3.2519,1091188.02,2142339.58
600030.SH,20081023,9.5578,10.494,9.5217,10.2831,9.923,0.3600999999999992,3.6289,1368810.34,2675783.698
600030.SH,20081022,9.9538,10.3911,9.851,9.923,10.2059,-0.2828999999999997,-2.7719,1071164.23,2099145.172
600030.SH,20081021,10.4323,10.7872,10.1236,10.2059,10.566,-0.360100000000001,-3.4081,1756023.6,3566289.799
600030.SH,20081020,9.5166,10.5917,9.208,10.566,9.6298,0.9362000000000013,9.7219,1645033.54,3240646.3
600030.SH,20081017,9.6195,9.7892,9.5115,9.6298,9.4086,0.22119999999999962,2.351,980705.91,1843011.003
600030.SH,20081016,9.5217,9.9796,9.2594,9.4086,10.1905,-0.7819000000000003,-7.6728,1633845.92,3038270.394
600030.SH,20081015,10.1493,10.4734,10.0053,10.1905,10.4991,-0.3086000000000002,-2.9393,1286360.47,2560793.649
600030.SH,20081014,12.2841,12.2841,10.4991,10.4991,11.6668,-1.1677,-10.0087,2641003.71,5911737.41
600030.SH,20081013,10.6997,11.6771,10.1236,11.6668,10.6174,1.0494000000000003,9.8838,1886592.5,3989216.429
600030.SH,20081010,10.0825,10.9827,10.0825,10.6174,10.8644,-0.2469999999999999,-2.2735,1615767.55,3281877.796
600030.SH,20081009,10.7923,11.3942,10.7255,10.8644,10.6997,0.16469999999999985,1.5393,1927067.46,4116081.562
600030.SH,20081008,10.8541,11.1884,10.3911,10.6997,11.4611,-0.7614000000000001,-6.6433,2097847.44,4385168.31
600030.SH,20081007,11.8314,12.2841,11.4611,11.4611,12.7368,-1.2757000000000005,-10.0159,3366616.31,7685793.35
600030.SH,20080926,12.0372,12.8191,11.8314,12.7368,11.8726,0.8642000000000003,7.2789,2715668.82,6440152.148
600030.SH,20080925,11.137,11.8726,11.0598,11.8726,10.7923,1.0803000000000011,10.0099,2854853.06,6460627.83
600030.SH,20080924,10.1082,10.8078,9.9847,10.7923,10.3654,0.42689999999999984,4.1185,1703921.4,3449133.595
600030.SH,20080923,9.8304,10.6843,9.8304,10.3654,10.1185,0.24690000000000012,2.4401,3303925.54,6610326.808
600030.SH,20080922,10.1185,10.1185,9.7892,10.1185,9.1977,0.9207999999999998,10.0112,2957248.8,5797539.151
600030.SH,20080919,9.1977,9.1977,9.1977,9.1977,8.3592,0.8384999999999998,10.0309,115895.22,207220.653
600030.SH,20080918,8.4363,8.6833,7.9322,8.3592,8.8119,-0.4527000000000001,-5.1374,1338790.91,2129621.645
600030.SH,20080917,9.1051,9.3366,8.7038,8.8119,9.1565,-0.3445999999999998,-3.7634,789976.32,1379948.974
600030.SH,20080916,9.6709,9.6709,8.7964,9.1565,9.7584,-0.6019000000000005,-6.168,956307.84,1714100.852
600030.SH,20080912,9.8973,10.0156,9.6709,9.7584,9.9744,-0.2159999999999993,-2.1655,794255.54,1518588.942
600030.SH,20080911,9.7224,10.1236,9.6246,9.9744,9.851,0.1233999999999984,1.2527,886683.4,1700403.945
600030.SH,20080910,9.5269,10.2265,9.4137,9.851,9.4497,0.4013000000000009,4.2467,884297.49,1690605.69
600030.SH,20080909,9.3108,9.4909,9.1668,9.4497,9.2491,0.20059999999999967,2.1689,469107.07,853347.403
600030.SH,20080908,9.7172,9.8921,9.1565,9.2491,9.5475,-0.2983999999999991,-3.1254,682715.84,1268962.724
600030.SH,20080905,9.4291,9.8767,9.3623,9.5475,9.8613,-0.3138000000000005,-3.1821,560334.29,1048631.204
600030.SH,20080904,9.7687,9.995,9.568,9.8613,9.995,-0.13369999999999926,-1.3377,676431.47,1283142.167
600030.SH,20080903,9.7944,10.1339,9.6555,9.995,9.8561,0.13889999999999958,1.4093,857920.65,1652811.67
600030.SH,20080902,9.7275,10.0876,9.6812,9.8561,9.8252,0.03089999999999904,0.3145,640278.77,1236065.051
600030.SH,20080901,10.1853,10.2368,9.7327,9.8252,10.3448,-0.5195999999999987,-5.0228,660689.53,1280447.254
600030.SH,20080829,10.1596,10.5763,9.9127,10.3448,10.0773,0.26750000000000007,2.6545,1045706.37,2090463.429
600030.SH,20080828,9.5938,10.3808,9.5938,10.0773,9.7121,0.36519999999999975,3.7603,1137110.26,2242061.958
600030.SH,20080827,9.1565,9.9127,9.1514,9.7121,9.2234,0.4886999999999997,5.2985,1045939.17,1968326.692
600030.SH,20080826,9.388,9.6195,9.0588,9.2234,9.6401,-0.4167000000000005,-4.3226,627900.45,1135383.024
600030.SH,20080825,9.6709,10.031,9.3366,9.6401,9.6709,-0.030799999999999272,-0.3185,661652.92,1247867.109
600030.SH,20080822,9.6761,9.9693,9.3057,9.6709,9.9796,-0.3087,-3.0933,1132407.92,2121493.432
600030.SH,20080821,9.9281,10.458,9.7892,9.9796,9.6195,0.3600999999999992,3.7434,1946470.55,3837811.555
600030.SH,20080820,8.5907,9.6195,8.5444,9.6195,8.745,0.8745000000000012,10.0,663013.67,1198791.741
600030.SH,20080819,8.3335,8.8016,8.2923,8.745,8.5444,0.20059999999999967,2.3477,422272.29,708300.629
600030.SH,20080818,9.2594,9.3005,8.4826,8.5444,9.3571,-0.8127000000000013,-8.6854,621247.7,1076150.57
600030.SH,20080815,9.2697,9.7481,9.0588,9.3571,9.316,0.041100000000000136,0.4412,665380.24,1221835.392
600030.SH,20080814,9.1051,9.4857,9.0073,9.316,9.3108,0.0052000000000003155,0.0558,689557.67,1245326.899
600030.SH,20080813,9.2594,9.5115,8.8993,9.3108,9.2543,0.05649999999999977,0.6105,916956.76,1640460.442
600030.SH,20080812,9.9538,10.031,9.2388,9.2543,10.0619,-0.807599999999999,-8.0263,792103.11,1478052.698
600030.SH,20080811,10.9107,10.9467,9.9693,10.0619,11.0032,-0.9413,-8.5548,664253.75,1340962.264
600030.SH,20080808,11.4714,11.5742,10.6895,11.0032,11.5279,-0.524700000000001,-4.5516,676359.62,1463089.839
600030.SH,20080807,11.6,11.7903,11.2656,11.5279,11.7543,-0.22639999999999993,-1.9261,542260.42,1213546.37
600030.SH,20080806,11.5742,11.9343,11.4199,11.7543,11.4508,0.30350000000000144,2.6505,603096.23,1374354.786
600030.SH,20080805,11.6205,11.6411,11.3325,11.4508,11.5279,-0.0771000000000015,-0.6688,404038.16,899857.956
600030.SH,20080804,11.816,11.8829,11.5022,11.5279,12.0989,-0.5709999999999997,-4.7194,512431.29,1164720.617
600030.SH,20080801,11.4714,12.2841,11.2502,12.0989,11.6257,0.4732000000000003,4.0703,824329.87,1876126.959
600030.SH,20080731,12.2173,12.2275,11.564,11.6257,12.1452,-0.5195000000000007,-4.2774,524614.72,1204419.768
600030.SH,20080730,12.387,12.4487,11.9909,12.1452,12.207,-0.061799999999999855,-0.5063,414873.6,985982.305
600030.SH,20080729,12.3304,12.3304,11.9909,12.207,12.6082,-0.40119999999999933,-3.1821,673291.24,1591443.304
600030.SH,20080728,12.8345,13.0146,12.5413,12.6082,12.7214,-0.11319999999999908,-0.8898,818971.51,2035957.246
600030.SH,20080725,12.8088,12.9374,12.6545,12.7214,13.1072,-0.3858000000000015,-2.9434,772716.45,1921304.249
600030.SH,20080724,12.5773,13.2975,12.387,13.1072,12.4385,0.6687000000000012,5.3761,1336945.26,3344809.678
600030.SH,20080723,12.5979,12.742,12.3613,12.4385,12.3613,0.07719999999999949,0.6245,714061.56,1739479.684
600030.SH,20080722,12.5465,12.8037,12.3459,12.3613,12.5105,-0.14920000000000044,-1.1926,897972.65,2190935.668
600030.SH,20080721,11.7749,12.5413,11.7131,12.5105,11.8932,0.6173000000000002,5.1904,1113239.04,2649132.219
600030.SH,20080718,11.2605,11.9343,11.1421,11.8932,11.1421,0.751100000000001,6.7411,734855.83,1650557.896
600030.SH,20080717,11.6771,11.7234,11.1267,11.1421,11.4045,-0.2624000000000013,-2.3008,552165.48,1226398.202
600030.SH,20080716,11.6257,11.7594,11.1318,11.4045,11.8469,-0.44239999999999924,-3.7343,717900.81,1593935.888
600030.SH,20080715,12.7317,12.7883,11.8314,11.8469,12.5928,-0.7459000000000007,-5.9232,922442.97,2176551.782
600030.SH,20080714,12.243,12.9066,12.1401,12.5928,12.5568,0.03599999999999959,0.2867,689131.89,1678173.363
600030.SH,20080711,12.7522,12.7883,12.2841,12.5568,12.7985,-0.2416999999999998,-1.8885,827169.86,2003061.56
600030.SH,20080710,13.0918,13.4055,12.778,12.7985,13.3695,-0.5709999999999997,-4.2709,917686.69,2342823.341
600030.SH,20080709,13.0146,13.4467,12.8603,13.3695,12.7625,0.6070000000000011,4.7561,1288832.94,3315310.222
600030.SH,20080708,12.8603,12.9837,12.3922,12.7625,12.7574,0.005099999999998772,0.04,1066739.31,2642205.629
600030.SH,20080707,11.6668,12.886,11.5948,12.7574,11.7131,1.0442999999999998,8.9157,1317011.69,3200684.856
600030.SH,20080704,11.3942,11.9601,11.1627,11.7131,11.4611,0.25200000000000067,2.1987,970786.96,2198154.307
600030.SH,20080703,10.7975,11.78,10.4271,11.4611,11.0856,0.3755000000000006,3.3873,1164939.43,2515730.911
600030.SH,20080702,11.317,11.564,10.8541,11.0856,11.4045,-0.31890000000000107,-2.7963,890204.84,1937569.112
600030.SH,20080701,12.3047,12.3922,11.317,11.4045,12.3047,-0.9001999999999999,-7.3159,956274.07,2174008.33
600030.SH,20080630,12.3459,12.8603,12.0989,12.3047,12.6288,-0.3240999999999996,-2.5664,627581.74,1514635.836
600030.SH,20080627,13.1689,13.349,12.4024,12.6288,13.7759,-1.1471,-8.3269,976367.39,2449010.477
600030.SH,20080626,13.6422,14.0126,13.4776,13.7759,13.8171,-0.0411999999999999,-0.2982,935530.8,2503607.252
600030.SH,20080625,13.2204,13.9302,13.0146,13.8171,13.313,0.5040999999999993,3.7865,1497748.64,3942889.322
600030.SH,20080624,12.7625,13.5599,12.7522,13.313,12.9426,0.37040000000000006,2.8619,1041795.92,2684822.28
600030.SH,20080623,12.8603,13.3592,12.7059,12.9426,13.349,-0.40639999999999965,-3.0444,934529.21,2347281.826
600030.SH,20080620,12.4282,13.3747,11.8314,13.349,12.1607,1.1883,9.7716,2105503.79,5376035.886
600030.SH,20080619,13.0403,13.5084,12.1607,12.1607,13.5136,-1.3529,-10.0114,964076.42,2397382.058
600030.SH,20080618,12.5002,13.7296,11.6823,13.5136,12.7368,0.7767999999999997,6.0989,1289051.31,3234434.755
600030.SH,20080617,13.5804,13.8839,12.6185,12.7368,13.6936,-0.9567999999999994,-6.9872,805259.96,2055473.608
600030.SH,20080616,14.1566,14.3881,13.4313,13.6936,14.1566,-0.4629999999999992,-3.2706,728511.17,1973052.767
600030.SH,20080613,15.4323,15.5352,14.1412,14.1566,15.35,-1.1934000000000005,-7.7746,868830.13,2465072.675
600030.SH,20080612,16.3017,16.4817,15.0054,15.35,16.5537,-1.2036999999999995,-7.2715,1254392.06,3820603.86
600030.SH,20080611,15.741,16.7132,15.741,16.5537,16.0959,0.4577999999999989,2.8442,951972.6,3030747.94
600030.SH,20080610,16.348,16.7646,15.7924,16.0959,17.4694,-1.3735,-7.8623,933202.68,2977236.039
600030.SH,20080606,17.5877,17.7472,17.207,17.4694,17.5671,-0.09769999999999968,-0.5562,438441.59,1487128.186
600030.SH,20080605,16.8315,17.7472,16.7698,17.5671,17.0424,0.5246999999999993,3.0788,713592.82,2405643.386
600030.SH,20080604,17.2328,17.4797,16.8727,17.0424,17.3356,-0.2931999999999988,-1.6913,449535.77,1497804.371
600030.SH,20080603,17.4848,17.7472,17.2328,17.3356,17.4848,-0.14920000000000044,-0.8533,414728.74,1405998.586
600030.SH,20080602,17.4797,17.8243,17.2328,17.4848,17.6134,-0.12859999999999872,-0.7301,694988.05,2370588.064
600030.SH,20080530,16.9756,17.8346,16.7132,17.6134,16.8212,0.7921999999999976,4.7095,1070064.25,3622839.17
600030.SH,20080529,17.5003,17.8398,16.8058,16.8212,17.6494,-0.8281999999999989,-4.6925,897460.7,3032348.563
600030.SH,20080528,16.6463,17.8758,16.3068,17.6494,16.6258,1.0235999999999983,6.1567,1182107.71,3981412.007
600030.SH,20080527,16.1525,16.9395,16.1525,16.6258,16.2297,0.39610000000000056,2.4406,749852.46,2428004.553
600030.SH,20080526,16.8675,16.9241,16.2039,16.2297,17.1762,-0.9465000000000003,-5.5105,821192.11,2622175.273
600030.SH,20080523,17.4745,17.7472,16.9498,17.1762,17.5414,-0.36519999999999797,-2.0819,499645.97,1682994.161
600030.SH,20080522,17.5774,18.1073,17.49,17.5414,18.0507,-0.5092999999999996,-2.8215,558479.57,1929115.092
600030.SH,20080521,17.4334,18.5188,16.7235,18.0507,17.6443,0.4063999999999979,2.3033,1085453.76,3661578.927
600030.SH,20080520,18.7606,18.9663,17.49,17.6443,18.776,-1.1316999999999986,-6.0274,855255.9,3035644.123
600030.SH,20080519,19.1875,19.1875,18.6731,18.776,19.3367,-0.5607000000000006,-2.8997,555588.01,2034789.43
600030.SH,20080516,19.0281,19.5425,18.5599,19.3367,18.8429,0.49380000000000024,2.6206,1180505.46,4398730.368
600030.SH,20080515,18.9303,19.3727,18.8274,18.8429,18.812,0.03089999999999904,0.1643,879755.34,3268854.192
600030.SH,20080514,18.133,19.0795,18.1073,18.812,18.2719,0.5401000000000025,2.9559,947165.2,3453256.367
600030.SH,20080513,18.4159,18.9715,18.2101,18.2719,19.1258,-0.853900000000003,-4.4646,1387469.56,5001332.007
600030.SH,20080512,18.1844,19.7122,17.7472,19.1258,18.9972,0.12860000000000227,0.6769,1586793.84,5781511.124
600030.SH,20080509,19.9591,19.9694,18.4159,18.9972,19.7225,-0.7253000000000007,-3.6775,1478164.63,5502328.846
600030.SH,20080508,18.8583,19.99,18.6783,19.7225,19.4344,0.2881,1.4824,1679962.13,6324253.033
600030.SH,20080507,20.4221,21.0445,19.3727,19.4344,20.9982,-1.5638000000000005,-7.4473,1935407.3,7631244.584
600030.SH,20080506,20.17,22.1197,19.7688,20.9982,20.6433,0.35490000000000066,1.7192,2844210.17,11491868.425
600030.SH,20080505,20.8336,20.9057,20.1135,20.6433,20.3912,0.25209999999999866,1.2363,2131515.09,8523442.132
600030.SH,20080430,18.9818,20.6176,18.7966,20.3912,18.9509,1.4403000000000006,7.6002,2596786.33,10081298.878
600030.SH,20080429,17.7472,18.9715,17.6443,18.9509,18.0661,0.884800000000002,4.8976,2071999.78,7417316.851
600030.SH,20080428,18.0044,18.6474,17.8038,18.0661,18.1793,-0.11320000000000263,-0.6227,2920598.22,10433274.732
600030.SH,20080425,18.1793,18.1793,17.7472,18.1793,16.528,1.6513000000000027,9.9909,3762450.84,13275008.826
600030.SH,20080424,16.528,16.528,16.528,16.528,15.0259,1.5020999999999987,9.9967,144057.77,462857.615
600030.SH,20080423,14.1993,15.25,14.0259,15.0256,14.3294,0.696200000000001,4.8585,728468.32,4245770.751
600030.SH,20080422,13.7071,14.3778,13.1333,14.3294,14.0285,0.3009000000000004,2.1449,372972.13,1997201.605
600030.SH,20080421,14.791,14.791,13.7428,14.0285,13.4904,0.5381,3.9888,653063.93,3656652.97
600030.SH,20080418,13.3323,13.8423,13.2048,13.4904,13.2991,0.19130000000000003,1.4384,320951.94,1699872.735
600030.SH,20080417,13.3884,13.8856,13.1818,13.2991,13.3068,-0.0077000000000015945,-0.0579,252704.48,1341188.409
600030.SH,20080416,13.7173,13.8219,13.2277,13.3068,13.8193,-0.5124999999999993,-3.7086,210195.19,1115608.27
600030.SH,20080415,13.2303,13.9443,12.7534,13.8193,13.368,0.4512999999999998,3.376,341394.57,1778217.175
600030.SH,20080414,14.0259,14.156,13.3374,13.368,14.4824,-1.1143999999999998,-7.6949,364447.83,1961280.134
600030.SH,20080411,14.7655,14.9134,14.3319,14.4824,13.9188,0.563600000000001,4.0492,391385.47,2241957.41
600030.SH,20080409,14.4186,14.8318,13.8703,13.9188,14.7093,-0.7905000000000015,-5.3742,487666.39,2753193.991
600030.SH,20080408,14.5359,15.4744,14.3829,14.7093,14.4977,0.21160000000000068,1.4595,914312.33,5332777.365
600030.SH,20080407,13.0823,14.5614,12.9752,14.4977,13.2379,1.2598000000000003,9.5166,671293.67,3705122.164
600030.SH,20080403,12.5978,13.3374,12.4652,13.2379,12.8299,0.4079999999999995,3.1801,308712.17,1572852.662
600030.SH,20080402,12.8987,13.2685,12.4116,12.8299,12.5749,0.2550000000000008,2.0278,429134.57,2171347.262
600030.SH,20080401,13.1359,13.3629,12.4703,12.5749,13.3884,-0.8135000000000012,-6.0762,354416.45,1774310.571
600030.SH,20080331,13.3935,13.7683,13.2609,13.3884,14.0361,-0.6476999999999986,-4.6145,261671.03,1384265.29
600030.SH,20080328,12.9548,14.082,12.6769,14.0361,13.0313,1.0047999999999995,7.7107,519486.99,2745038.599
600030.SH,20080327,13.2609,13.5924,13.0058,13.0313,13.827,-0.7957000000000001,-5.7547,307574.49,1602404.199
600030.SH,20080326,13.804,14.235,13.6383,13.827,13.753,0.07399999999999984,0.5381,253281.66,1385280.092
600030.SH,20080325,13.9341,14.1509,13.2532,13.753,14.2121,-0.4590999999999994,-3.2303,442860.61,2392351.453
600030.SH,20080324,15.2984,15.2984,14.1789,14.2121,15.0766,-0.8644999999999996,-5.7341,359495.62,2067840.843
600030.SH,20080321,15.0307,15.454,14.8216,15.0766,15.0205,0.05609999999999893,0.3735,388983.19,2308797.573
600030.SH,20080320,14.3166,15.2959,13.7505,15.0205,14.7884,0.23210000000000086,1.5695,570670.08,3270702.665
600030.SH,20080319,14.9159,15.0766,14.4084,14.7884,14.3166,0.4718,3.2955,466200.5,2693564.536
600030.SH,20080318,14.9236,15.2449,13.9239,14.3166,14.9185,-0.6019000000000005,-4.0346,432934.76,2468250.532
600030.SH,20080317,15.0256,15.556,14.2299,14.9185,14.7884,0.13010000000000055,0.8797,688387.38,4031153.423
600030.SH,20080314,14.2835,14.8369,13.9749,14.7884,14.2758,0.5125999999999991,3.5907,373722.32,2123224.158
600030.SH,20080313,14.7884,14.8675,13.9239,14.2758,15.0409,-0.7651000000000003,-5.0868,439023.92,2492936.5
600030.SH,20080312,16.117,16.1935,15.023,15.0409,15.6274,-0.5864999999999991,-3.753,279040.98,1700503.803
600030.SH,20080311,15.2245,15.8059,15.0332,15.6274,15.4208,0.2065999999999999,1.3397,212029.72,1279638.634
600030.SH,20080310,15.4795,15.9003,15.2194,15.4208,15.6325,-0.21170000000000044,-1.3542,254423.3,1536406.205
600030.SH,20080307,15.811,16.1043,15.5305,15.6325,16.1017,-0.4692000000000007,-2.914,248103.19,1531970.348
600030.SH,20080306,15.658,16.6883,15.3392,16.1017,15.63,0.47170000000000023,3.0179,388294.36,2445809.056
600030.SH,20080305,15.8569,16.0711,15.1123,15.63,15.9258,-0.29579999999999984,-1.8574,343683.52,2087568.111
600030.SH,20080304,16.8132,16.979,15.8493,15.9258,16.7138,-0.7879999999999985,-4.7147,325574.97,2091479.265
600030.SH,20080303,15.709,16.9586,15.4922,16.7138,16.0303,0.6834999999999987,4.2638,406666.8,2577085.024
600030.SH,20080229,16.015,16.3185,15.7626,16.0303,16.0507,-0.02039999999999864,-0.1271,220310.68,1385938.14
600030.SH,20080228,16.191,16.3236,15.9105,16.0507,16.1757,-0.125,-0.7728,230648.56,1461375.902
600030.SH,20080227,15.3392,16.5506,15.176,16.1757,15.2908,0.8848999999999982,5.7871,497350.15,3123892.979
600030.SH,20080226,15.556,15.6835,14.7655,15.2908,14.9669,0.3239000000000001,2.1641,390415.7,2324353.354
600030.SH,20080225,15.9003,16.015,14.9618,14.9669,15.9003,-0.9333999999999989,-5.8703,323073.68,1932120.104
600030.SH,20080222,16.8311,16.9407,15.8365,15.9003,17.1346,-1.2342999999999993,-7.2036,483210.42,3075967.165
600030.SH,20080221,17.3411,17.3437,16.8311,17.1346,17.3972,-0.2626000000000026,-1.5094,196142.59,1316019.018
600030.SH,20080220,18.0781,18.3102,17.3488,17.3972,18.0169,-0.6196999999999981,-3.4395,291300.67,2030482.348
600030.SH,20080219,17.8486,18.0552,17.3156,18.0169,17.7874,0.22949999999999804,1.2902,335325.29,2314664.932
600030.SH,20080218,17.7415,18.0756,17.5451,17.7874,17.4202,0.3672000000000004,2.1079,195383.25,1361050.313
600030.SH,20080215,17.6981,17.6981,17.0861,17.4202,18.0679,-0.6477000000000004,-3.5848,239877.98,1629028.22
600030.SH,20080214,18.0807,18.2337,17.8511,18.0679,17.8256,0.24230000000000018,1.3593,136042.63,961606.314
600030.SH,20080213,18.1827,18.2337,17.693,17.8256,18.7743,-0.9486999999999988,-5.0532,264584.68,1859642.48
600030.SH,20080205,18.9477,19.088,18.5091,18.7743,19.1339,-0.35960000000000036,-1.8794,237351.66,1751638.978
600030.SH,20080204,18.3841,19.2741,18.1572,19.1339,17.6752,1.4587000000000003,8.2528,492201.31,3617989.819
600030.SH,20080201,17.4559,17.8205,16.7036,17.6752,17.3717,0.30349999999999966,1.7471,319512.65,2187444.941
600030.SH,20080131,16.7061,18.0552,16.4001,17.3717,16.8285,0.5432000000000023,3.2279,435022.93,2941506.009
600030.SH,20080130,17.5987,17.7211,16.3083,16.8285,17.2901,-0.4616000000000007,-2.6697,340094.71,2272068.664
600030.SH,20080129,17.5961,17.9685,16.9407,17.2901,17.4482,-0.15810000000000102,-0.9061,299071.13,2030509.396
600030.SH,20080128,19.065,19.065,17.4482,17.4482,19.3863,-1.9380999999999986,-9.9973,402624.71,2830877.871
600030.SH,20080125,18.8457,19.6082,18.4887,19.3863,18.7922,0.5940999999999974,3.1614,380744.81,2848518.557
600030.SH,20080124,19.7638,19.7638,18.3612,18.7922,19.0472,-0.254999999999999,-1.3388,398494.77,2963155.775
600030.SH,20080123,18.9248,19.2894,18.2592,19.0472,18.5065,0.5407000000000011,2.9217,478619.5,3544707.901
600030.SH,20080122,20.0188,20.0213,18.3561,18.5065,20.3962,-1.8897000000000013,-9.265,698691.77,5252625.137
600030.SH,20080121,21.9569,22.1354,20.3248,20.3962,21.8677,-1.471499999999999,-6.7291,376632.9,3102602.257
600030.SH,20080118,21.7529,22.0589,21.5004,21.8677,21.9085,-0.040800000000000836,-0.1862,381884.95,3253834.176
600030.SH,20080117,22.3904,22.7475,21.4979,21.9085,22.6557,-0.7471999999999994,-3.2981,560280.82,4829526.04
600030.SH,20080116,23.589,23.589,22.5562,22.6557,23.9817,-1.3260000000000005,-5.5292,471110.05,4238622.335
600030.SH,20080115,25.0809,25.0809,23.8695,23.9817,24.8922,-0.910499999999999,-3.6578,260803.84,2481933.122
600030.SH,20080114,24.3796,25.0222,24.2546,24.8922,24.1577,0.7345000000000006,3.0404,216892.82,2107757.168
600030.SH,20080111,23.8313,24.3694,23.7675,24.1577,23.7675,0.3902000000000001,1.6417,241662.51,2280153.155
600030.SH,20080110,24.2266,24.2623,23.7165,23.7675,23.9817,-0.21420000000000172,-0.8932,238986.3,2239190.321
600030.SH,20080109,23.7165,24.0991,23.5457,23.9817,23.6859,0.29579999999999984,1.2488,205738.61,1923833.575
600030.SH,20080108,24.2266,25.216,23.4615,23.6859,23.0866,0.5992999999999995,2.5959,476264.71,4501839.723
600030.SH,20080107,22.62,23.3442,22.5409,23.0866,22.569,0.5176000000000016,2.2934,236670.88,2136783.2
600030.SH,20080104,21.6993,22.6888,21.6993,22.569,21.6789,0.8901000000000003,4.1058,247357.73,2167327.102
600030.SH,20080103,21.9314,21.9314,21.0797,21.6789,22.0819,-0.40300000000000225,-1.825,390332.57,3272783.672
600030.SH,20080102,22.6965,22.722,21.9085,22.0819,22.7653,-0.6833999999999989,-3.0019,239660.02,2077683.409
600030.SH,20071228,23.0662,23.1274,22.7118,22.7653,22.9132,-0.14789999999999992,-0.6455,174990.73,1570984.11
600030.SH,20071227,22.6659,23.0229,22.4389,22.9132,22.4899,0.4233000000000011,1.8822,178017.57,1589172.596
600030.SH,20071226,22.8342,22.8342,22.2374,22.4899,22.393,0.09689999999999799,0.4327,177876.54,1566950.456
600030.SH,20071225,22.7959,23.079,22.2323,22.393,22.6047,-0.21170000000000044,-0.9365,216180.51,1919284.997
600030.SH,20071224,21.8932,22.8699,21.8039,22.6047,21.4673,1.1373999999999995,5.2983,253005.03,2226603.883
600030.SH,20071221,21.2276,21.6356,21.1664,21.4673,21.3347,0.13260000000000005,0.6215,168953.81,1417444.463
600030.SH,20071220,21.0108,21.5489,20.7354,21.3347,20.9828,0.35190000000000055,1.6771,123727.29,1029463.777
600030.SH,20071219,20.5773,21.0338,20.2458,20.9828,20.1794,0.8033999999999999,3.9813,184597.45,1496651.646
600030.SH,20071218,20.1488,20.7711,20.1157,20.1794,20.5594,-0.379999999999999,-1.8483,237602.02,1891399.3
600030.SH,20071217,21.6356,21.6356,20.5288,20.5594,21.6662,-1.1067999999999998,-5.1084,281882.74,2300830.303
600030.SH,20071214,21.0465,21.6993,20.9572,21.6662,21.2735,0.3927000000000014,1.846,175380.65,1465312.328
600030.SH,20071213,22.2731,22.2731,21.1868,21.2735,22.3802,-1.1067,-4.945,320257.28,2708738.023
600030.SH,20071212,22.9209,22.9515,22.1482,22.3802,23.1325,-0.7523000000000017,-3.2521,289033.76,2537431.832
600030.SH,20071211,23.844,23.9307,22.6072,23.1325,22.852,0.28049999999999997,1.2275,294591.78,2682717.261
600030.SH,20071207,22.569,22.9668,22.569,22.852,22.5384,0.313600000000001,1.3914,72438.75,646732.073
600030.SH,20071206,23.0484,23.181,22.4873,22.5384,22.9464,-0.40800000000000125,-1.7781,105581.08,939039.735
600030.SH,20071205,22.0691,23.1657,21.8345,22.9464,22.0564,0.8900000000000006,4.0351,189832.39,1681029.497
600030.SH,20071204,21.5795,22.3904,21.5795,22.0564,21.5667,0.48969999999999914,2.2706,147248.0,1277383.631
600030.SH,20071203,21.1409,21.9187,20.9113,21.5667,21.3933,0.1734000000000009,0.8105,124014.72,1054355.605
600030.SH,20071130,22.3445,22.3496,21.3194,21.3933,22.342,-0.9486999999999988,-4.2463,146904.9,1248741.717
600030.SH,20071129,21.4724,22.4261,20.9904,22.342,21.123,1.2189999999999976,5.771,231717.44,1983771.626
600030.SH,20071128,20.9879,21.2148,20.4013,21.123,20.7787,0.3443000000000005,1.657,169278.47,1384369.844
600030.SH,20071127,21.2862,21.4979,20.7532,20.7787,21.7248,-0.9460999999999977,-4.3549,217126.09,1807233.404
600030.SH,20071126,22.9209,23.079,21.6764,21.7248,22.569,-0.8442000000000007,-3.7405,204550.9,1799864.367
600030.SH,20071123,22.1558,22.6455,21.4239,22.569,22.2476,0.3214000000000006,1.4447,254487.3,2189707.509
600030.SH,20071122,23.2116,23.4003,22.0946,22.2476,23.7675,-1.5198999999999998,-6.3949,275067.56,2463186.041
600030.SH,20071121,24.4739,24.8871,23.6961,23.7675,24.4612,-0.6937000000000033,-2.8359,125436.62,1189576.104
600030.SH,20071120,23.9664,24.7799,23.436,24.4612,24.3949,0.0663000000000018,0.2718,270877.96,2541257.396
600030.SH,20071119,25.2976,25.5526,24.2291,24.3949,25.4022,-1.0073000000000008,-3.9654,142859.28,1382779.555
600030.SH,20071116,25.5297,25.9607,24.6907,25.4022,26.1927,-0.790499999999998,-3.018,134705.08,1338262.806
600030.SH,20071115,26.2667,26.7563,25.9581,26.1927,26.4707,-0.27800000000000225,-1.0502,140639.56,1457400.539
600030.SH,20071114,25.9607,26.4886,25.3996,26.4707,25.4634,1.0073000000000008,3.9559,216631.87,2206206.504
600030.SH,20071113,25.5016,26.2922,24.6091,25.4634,25.3945,0.0688999999999993,0.2713,337200.56,3398711.216
600030.SH,20071112,23.2065,25.4914,23.028,25.3945,24.0761,1.3184000000000005,5.476,356946.0,3332455.941
600030.SH,20071109,24.2266,24.8258,23.844,24.0761,24.5606,-0.4845000000000006,-1.9727,229535.64,2185938.261
600030.SH,20071108,26.0219,26.0882,24.4816,24.5606,26.4809,-1.9202999999999975,-7.2516,269954.6,2668453.854
600030.SH,20071107,27.5928,27.7662,25.5016,26.4809,27.2893,-0.8084000000000024,-2.9623,261357.93,2687474.243
600030.SH,20071106,26.7767,28.5618,26.5217,27.2893,27.2332,0.056100000000000705,0.206,190609.76,2059811.339
600030.SH,20071105,29.3269,30.0639,27.1822,27.2332,29.7145,-2.481300000000001,-8.3505,325582.46,3613556.607
600030.SH,20071102,29.6074,29.7145,28.646,29.7145,27.0139,2.7006000000000014,9.9971,480061.31,5588632.946
600030.SH,20071019,27.5418,28.011,26.6518,27.0139,27.2919,-0.2779999999999987,-1.0186,128598.3,1370185.063
600030.SH,20071018,27.7381,27.8121,26.3942,27.2919,27.8172,-0.5253000000000014,-1.8884,267650.0,2827656.644
600030.SH,20071017,28.9954,29.6788,27.2893,27.8172,28.7276,-0.9103999999999992,-3.1691,298197.02,3315663.874
600030.SH,20071016,27.3403,28.8041,27.3378,28.7276,27.0317,1.6958999999999982,6.2737,230955.38,2533327.917
600030.SH,20071015,27.325,28.2558,26.8609,27.0317,26.611,0.4207000000000001,1.5809,211559.66,2281356.318
600030.SH,20071012,25.7567,27.4908,25.2721,26.611,25.4583,1.1526999999999994,4.5278,321861.64,3352787.737
600030.SH,20071011,24.9916,25.7771,24.4816,25.4583,25.0732,0.38510000000000133,1.5359,197657.67,1937515.316
600030.SH,20071010,25.5016,26.2437,24.9661,25.0732,25.4787,-0.40549999999999997,-1.5915,158317.69,1585791.608
600030.SH,20071009,25.4761,25.7592,25.1191,25.4787,25.5169,-0.03819999999999979,-0.1497,145487.22,1453000.948
600030.SH,20071008,25.4302,25.9301,24.8641,25.5169,24.6626,0.8542999999999985,3.4639,248323.33,2483126.702
600030.SH,20070928,23.487,24.7366,23.487,24.6626,23.5661,1.0965000000000025,4.6529,236614.61,2249223.14
600030.SH,20070927,23.6324,24.3796,23.4615,23.5661,23.51,0.05609999999999715,0.2386,190601.01,1792926.042
600030.SH,20070926,22.7347,24.1501,22.7347,23.51,22.7883,0.721700000000002,3.167,273504.97,2552387.17
600030.SH,20070925,22.166,23.2065,22.1354,22.7883,22.1686,0.6196999999999981,2.7954,214262.24,1920422.688
600030.SH,20070924,22.6455,22.6455,21.9314,22.1686,22.6684,-0.4997999999999969,-2.2048,148853.62,1303360.892
600030.SH,20070921,22.2884,22.9515,22.1048,22.6684,22.3802,0.2881999999999998,1.2877,191503.26,1693492.466
600030.SH,20070920,21.4214,22.6761,21.4214,22.3802,21.5769,0.8033000000000001,3.723,309677.61,2710384.673
600030.SH,20070919,21.8779,22.1048,21.4163,21.5769,21.8345,-0.25760000000000005,-1.1798,158408.44,1347089.301
600030.SH,20070918,22.0742,22.7985,21.2684,21.8345,22.0742,-0.2397000000000027,-1.0859,275685.93,2368458.229
600030.SH,20070917,22.4414,22.6455,21.9059,22.0742,22.4618,-0.38759999999999906,-1.7256,213789.35,1857758.817
600030.SH,20070914,22.6965,23.0127,21.9544,22.4618,22.6761,-0.2143000000000015,-0.945,279339.15,2466994.175
600030.SH,20070913,21.0797,22.8648,21.0593,22.6761,20.8782,1.797900000000002,8.6114,382803.75,3289316.733
600030.SH,20070912,20.4013,21.197,20.4013,20.8782,20.4064,0.4717999999999982,2.312,259261.76,2116271.641
600030.SH,20070911,21.7274,21.8039,20.2228,20.4064,21.3704,-0.9639999999999986,-4.5109,280965.4,2319873.679
600030.SH,20070910,20.6028,21.6126,20.4064,21.3704,20.9292,0.4411999999999985,2.1081,222401.16,1851849.99
600030.SH,20070907,21.7784,21.7784,20.8603,20.9292,21.8345,-0.9052999999999969,-4.1462,397318.02,3298417.008
600030.SH,20070906,21.7784,22.4873,21.4188,21.8345,21.6534,0.18109999999999715,0.8364,246296.21,2115585.08
600030.SH,20070905,22.2017,22.5537,21.1715,21.6534,22.1992,-0.5457999999999998,-2.4586,326025.15,2776185.61
600030.SH,20070904,22.2119,23.334,22.0334,22.1992,23.2065,-1.0072999999999972,-4.3406,370917.97,3277043.424
600030.SH,20070903,22.6965,23.7675,22.4414,23.2065,22.6939,0.5125999999999991,2.2588,326758.33,2983374.051
600030.SH,20070831,24.4025,24.4025,22.3139,22.6939,24.0404,-1.3465000000000025,-5.601,517703.82,4616086.348
600030.SH,20070824,24.6346,24.6856,23.7165,24.0404,24.2138,-0.17339999999999733,-0.7161,264794.88,2508784.987
600030.SH,20070823,25.0375,25.1191,23.4615,24.2138,22.8622,1.3515999999999977,5.9119,205559.34,1956905.405
600030.SH,20070822,22.0054,23.0535,21.934,22.8622,22.5179,0.3443000000000005,1.529,166594.62,1488505.711
600030.SH,20070821,21.7299,22.7092,21.7299,22.5179,21.6279,0.8900000000000006,4.1151,188278.56,1634738.6
600030.SH,20070820,20.7609,21.7784,20.3707,21.6279,19.8301,1.7977999999999987,9.066,300095.4,2497387.196
600030.SH,20070817,19.9703,21.0389,19.802,19.8301,20.0137,-0.18359999999999843,-0.9174,292359.1,2321386.557
600030.SH,20070816,20.7201,20.7201,19.6694,20.0137,20.6716,-0.6579000000000015,-3.1826,260704.4,2064904.833
600030.SH,20070815,20.6257,21.3704,20.1514,20.6716,21.0338,-0.36219999999999786,-1.722,296917.96,2420464.887
600030.SH,20070814,19.394,21.3066,19.394,21.0338,19.3838,1.6499999999999986,8.5123,390463.79,3144753.811
600030.SH,20070813,19.7,20.4931,19.167,19.3838,19.6363,-0.2524999999999977,-1.2859,287618.99,2226347.136
600030.SH,20070810,19.8097,19.9091,19.1262,19.6363,19.9091,-0.27280000000000015,-1.3702,188040.03,1437793.222
600030.SH,20070809,18.583,20.4013,18.5652,19.9091,18.6315,1.2775999999999996,6.8572,253649.14,1942298.324
600030.SH,20070808,18.7055,19.2741,18.2592,18.6315,18.9401,-0.308600000000002,-1.6293,302981.08,2234978.853
600030.SH,20070807,18.6162,19.4067,18.6162,18.9401,18.6136,0.32649999999999935,1.7541,401043.2,2998549.659
600030.SH,20070806,18.4122,19.1135,18.3,18.6136,18.3484,0.2652000000000001,1.4454,390803.52,2857168.9
600030.SH,20070803,16.9484,18.3535,16.9458,18.3484,16.6857,1.662700000000001,9.9648,608938.5,4215417.726
600030.SH,20070802,16.3976,16.877,16.1935,16.6857,16.2853,0.4004000000000012,2.4587,380168.4,2465463.596
600030.SH,20070801,16.8821,17.3386,15.6172,16.2853,16.7367,-0.4513999999999996,-2.6971,337202.16,2213859.524
600030.SH,20070731,16.5735,17.0835,16.5251,16.7367,16.6602,0.07649999999999935,0.4592,258376.35,1695345.006
600030.SH,20070730,16.8311,16.9305,16.4792,16.6602,16.6322,0.027999999999998693,0.1683,283148.11,1846294.029
600030.SH,20070727,16.775,17.0861,16.4868,16.6322,17.0606,-0.4283999999999999,-2.511,277668.2,1818553.071
600030.SH,20070726,16.3211,17.3411,16.3211,17.0606,16.2292,0.8314000000000021,5.1229,382804.78,2547385.739
600030.SH,20070725,17.359,17.3666,15.8289,16.2292,15.8289,0.4002999999999979,2.5289,411845.26,2622307.928
600030.SH,20070723,15.0511,15.8391,15.046,15.8289,14.7884,1.0405000000000015,7.0359,431152.02,2612236.57
600030.SH,20070720,14.0285,14.9032,14.0285,14.7884,14.1305,0.6578999999999997,4.6559,318284.68,1823358.586
600030.SH,20070719,13.9366,14.3549,13.8984,14.1305,13.9749,0.15559999999999974,1.1134,125380.52,694713.166
600030.SH,20070718,13.7658,14.3549,13.5898,13.9749,13.9392,0.03570000000000029,0.2561,167281.29,916399.878
600030.SH,20070717,13.4623,14.0208,13.1869,13.9392,13.5108,0.4283999999999999,3.1708,191405.06,1021792.073
600030.SH,20070716,14.3064,14.3574,13.4598,13.5108,14.2172,-0.7064000000000004,-4.9686,120281.96,650866.492
600030.SH,20070713,14.1534,14.3319,13.8729,14.2172,14.1126,0.10459999999999958,0.7412,94737.18,526370.15
600030.SH,20070712,14.2223,14.3829,13.9009,14.1126,14.2299,-0.11730000000000018,-0.8243,88039.24,488503.472
600030.SH,20070711,14.2809,14.4798,13.8474,14.2299,14.4033,-0.1733999999999991,-1.2039,147980.97,820278.213
600030.SH,20070710,14.0259,15.0511,13.9239,14.4033,13.7862,0.6171000000000006,4.4762,415947.88,2359697.705
600030.SH,20070709,13.5694,14.1636,13.5184,13.7862,13.4878,0.2983999999999991,2.2124,286116.44,1557063.02
600030.SH,20070706,12.6514,13.5082,12.6514,13.4878,12.6259,0.8619000000000003,6.8264,253377.2,1299493.171
600030.SH,20070705,12.7763,13.0543,12.4958,12.6259,12.9701,-0.3442000000000007,-2.6538,228872.27,1147284.557
600030.SH,20070704,13.3119,13.4266,12.9548,12.9701,13.3246,-0.3544999999999998,-2.6605,137920.31,717637.762
600030.SH,20070703,12.7559,13.3323,12.7559,13.3246,12.9956,0.3290000000000006,2.5316,237871.66,1219536.41
600030.SH,20070702,13.5388,13.8448,12.6922,12.9956,13.5082,-0.5126000000000008,-3.7947,370196.5,1894361.946
600030.SH,20070629,13.7683,13.9443,13.3884,13.5082,13.9443,-0.4360999999999997,-3.1274,242899.4,1299760.91
600030.SH,20070628,14.5844,14.8624,13.8499,13.9443,14.5461,-0.601799999999999,-4.1372,246733.65,1391976.304
600030.SH,20070627,14.2554,14.842,14.0973,14.5461,14.3064,0.23969999999999914,1.6755,289794.39,1635487.932
600030.SH,20070626,13.8984,14.3217,13.5669,14.3064,14.0999,0.20650000000000013,1.4645,289461.84,1580165.666
600030.SH,20070625,14.921,15.1429,13.9749,14.0999,14.8547,-0.7547999999999995,-5.0812,306548.46,1741565.999
600030.SH,20070622,15.6835,15.6963,14.564,14.8547,15.6963,-0.8416000000000015,-5.3618,357366.57,2112910.498
600030.SH,20070621,15.5305,15.8365,15.2755,15.6963,15.8442,-0.14789999999999992,-0.9335,333076.33,2035045.628
600030.SH,20070619,16.2037,16.2037,15.7753,15.8442,16.1859,-0.34169999999999945,-2.1111,292315.47,1819857.44
600030.SH,20070618,15.6198,16.2369,15.3928,16.1859,15.2423,0.9436,6.1907,402931.2,2518353.726
600030.SH,20070615,15.148,15.454,14.9848,15.2423,15.2984,-0.056100000000000705,-0.3667,256929.35,1530630.045
600030.SH,20070614,15.658,15.658,15.199,15.2984,15.6147,-0.31629999999999825,-2.0257,276469.71,1666241.051
600030.SH,20070613,15.556,15.964,15.454,15.6147,15.5535,0.06119999999999948,0.3935,333603.95,2057444.684
600030.SH,20070612,15.6835,15.6937,15.0205,15.5535,15.454,0.09949999999999903,0.6438,340557.57,2047122.269
600030.SH,20070611,15.6835,15.9819,15.301,15.454,15.4744,-0.02039999999999864,-0.1318,260302.76,1587215.06
600030.SH,20070608,15.301,15.8187,14.944,15.4744,15.4412,0.03319999999999901,0.215,381227.08,2323517.243
600030.SH,20070607,14.819,15.4667,14.791,15.4412,14.7655,0.6757000000000009,4.5762,425173.74,2508112.057
600030.SH,20070606,15.0409,15.301,14.5385,14.7655,14.9134,-0.14789999999999992,-0.9917,338574.68,1984276.866
600030.SH,20070605,14.2809,14.9261,12.9038,14.9134,13.7887,1.124699999999999,8.1567,495547.22,2719725.687
600030.SH,20070604,14.6328,14.8624,13.6485,13.7887,14.2274,-0.438699999999999,-3.0835,448022.66,2497542.892
600030.SH,20070601,14.1662,14.893,14.1534,14.2274,13.7913,0.4360999999999997,3.1621,671977.06,3822916.169
600030.SH,20070531,13.8984,14.4084,13.2201,13.7913,14.6889,-0.8976000000000006,-6.1107,809517.91,4363264.798
600030.SH,20070530,14.6889,15.4055,14.6889,14.6889,16.3211,-1.632200000000001,-10.0006,860929.76,5032633.128
600030.SH,20070529,16.4256,16.6271,16.1935,16.3211,16.3644,-0.04329999999999856,-0.2646,317667.97,2039657.057
600030.SH,20070528,16.8311,16.8311,16.1706,16.3644,16.4027,-0.03829999999999956,-0.2335,391903.96,2534395.426
600030.SH,20070525,15.3265,16.7036,15.199,16.4027,15.3749,1.0277999999999992,6.6849,485724.74,3068393.524
600030.SH,20070524,15.0383,15.6963,14.791,15.3749,15.0358,0.3391000000000002,2.2553,449461.67,2697789.258
600030.SH,20070523,14.8675,15.0587,14.6634,15.0358,14.8496,0.18619999999999948,1.2539,209612.14,1221554.552
600030.SH,20070522,14.8675,15.4744,14.8139,14.8496,14.791,0.05860000000000021,0.3962,278279.24,1650700.982
600030.SH,20070521,14.3829,14.9108,14.3345,14.791,14.9083,-0.11730000000000018,-0.7868,274906.49,1592147.942
600030.SH,20070518,14.8143,15.1954,14.6872,14.9058,14.9642,-0.058400000000000674,-0.3903,296682.86,1741185.493
600030.SH,20070517,14.4458,15.5512,14.4458,14.9642,14.4458,0.5183999999999997,3.5886,403751.85,2403667.196
600030.SH,20070516,14.0139,14.4992,13.8233,14.4458,14.1434,0.30240000000000045,2.1381,323293.81,1807486.423
600030.SH,20070515,14.2298,14.6872,13.9732,14.1434,14.2654,-0.12199999999999989,-0.8552,396722.19,2239313.097
600030.SH,20070514,13.8716,14.611,13.7216,14.2654,14.2248,0.040599999999999525,0.2854,389393.44,2168084.241
600030.SH,20070511,14.179,14.4509,13.9529,14.2248,14.428,-0.2032000000000007,-1.4084,385879.14,2152849.731
600030.SH,20070510,14.4331,14.705,14.0342,14.428,14.4611,-0.03309999999999924,-0.2289,388326.32,2187252.436
600030.SH,20070509,14.9667,14.9667,13.8614,14.4611,15.2031,-0.7419999999999991,-4.8806,591414.58,3371716.821
600030.SH,20070508,15.8053,15.9501,15.1192,15.2031,15.0074,0.19569999999999865,1.304,583106.59,3549321.23
600030.SH,20070430,13.4701,15.0099,13.4675,15.0074,13.6454,1.362,9.9814,711716.21,4085503.658
600030.SH,20070427,13.4929,14.1053,13.1931,13.6454,13.5743,0.07110000000000127,0.5238,554151.71,3000565.457
600030.SH,20070426,12.9593,13.7674,12.8196,13.5743,12.7967,0.7775999999999996,6.0766,456814.28,2392622.927
600030.SH,20070425,13.1321,13.2846,12.7052,12.7967,13.1829,-0.38620000000000054,-2.9296,317210.45,1615621.85
600030.SH,20070424,13.5387,13.5997,13.1118,13.1829,13.437,-0.2540999999999993,-1.891,294920.44,1540348.102
600030.SH,20070423,12.9314,13.62,12.9288,13.437,12.7738,0.6631999999999998,5.1919,358486.78,1879374.56
600030.SH,20070420,12.2555,12.906,12.197,12.7738,12.0649,0.7088999999999999,5.8757,461973.6,2288126.707
600030.SH,20070419,12.5273,12.5273,11.5643,12.0649,12.5705,-0.5055999999999994,-4.0221,445638.83,2121167.348
600030.SH,20070418,12.5782,12.8475,12.2758,12.5705,12.6519,-0.08140000000000036,-0.6434,345506.01,1708012.806
600030.SH,20070417,12.9034,12.9288,12.2859,12.6519,12.9034,-0.25150000000000006,-1.9491,335913.42,1661379.273
600030.SH,20070416,12.3495,13.1118,12.319,12.9034,12.4308,0.4725999999999999,3.8018,360070.91,1805767.139
600030.SH,20070413,12.7687,12.7687,12.352,12.4308,12.8018,-0.37100000000000044,-2.898,384329.24,1890280.155
600030.SH,20070412,12.7179,12.8323,12.5146,12.8018,12.6976,0.10420000000000051,0.8206,349208.07,1737979.927
600030.SH,20070411,13.0584,13.0584,12.4511,12.6976,12.9924,-0.2948000000000004,-2.269,361863.32,1804956.433
600030.SH,20070410,13.465,13.6556,12.7052,12.9924,12.7027,0.28969999999999985,2.2806,492479.83,2552088.238
600030.SH,20070406,12.6036,13.3405,12.5807,12.7027,12.7103,-0.007600000000000051,-0.0598,291138.5,1483794.953
600030.SH,20070405,11.8159,12.7306,11.7904,12.7103,11.9048,0.8055000000000003,6.7662,312609.66,1520272.703
600030.SH,20070404,11.7904,12.0039,11.6481,11.9048,11.6659,0.23889999999999922,2.0478,223955.6,1047773.961
600030.SH,20070403,11.8667,11.9048,11.5617,11.6659,11.7396,-0.07369999999999877,-0.6278,237676.61,1098884.72
600030.SH,20070402,11.0535,11.9836,11.0535,11.7396,10.9341,0.8054999999999986,7.3669,413888.88,1891545.263
600030.SH,20070330,10.774,11.2822,10.7486,10.9341,10.9468,-0.012699999999998823,-0.116,260946.5,1133953.463
600030.SH,20070329,10.5962,11.0789,10.5911,10.9468,10.4767,0.4701000000000004,4.4871,477369.44,2046473.936
600030.SH,20070328,10.5453,10.5707,9.9101,10.4767,10.4818,-0.0051000000000005485,-0.0487,289094.07,1178840.19
600030.SH,20070327,10.3192,10.6902,10.215,10.4818,10.2938,0.1880000000000006,1.8263,220816.4,911920.758
600030.SH,20070326,10.2938,10.4157,10.1032,10.2938,10.2684,0.025399999999999423,0.2474,191449.49,768954.269
600030.SH,20070323,10.4437,10.5809,10.0702,10.2684,10.558,-0.2896000000000001,-2.7429,259867.74,1051748.568
600030.SH,20070322,10.4056,10.7257,10.4056,10.558,10.3243,0.23370000000000068,2.2636,257722.1,1075428.508
600030.SH,20070321,10.3802,10.6216,10.1921,10.3243,10.2633,0.06099999999999994,0.5944,207235.21,850796.023
600030.SH,20070320,10.5326,10.5682,10.1769,10.2633,10.464,-0.2007000000000012,-1.918,150207.63,611448.14
600030.SH,20070319,9.7271,10.6216,9.6788,10.464,9.9838,0.48019999999999996,4.8098,300826.08,1225095.511
600030.SH,20070316,10.4183,10.5453,9.783,9.9838,10.5555,-0.5716999999999999,-5.4161,343388.93,1371326.189
600030.SH,20070315,10.5199,10.7715,10.4386,10.5555,10.5174,0.03810000000000002,0.3623,169694.03,706387.661
600030.SH,20070314,10.6724,10.9748,10.3878,10.5174,11.018,-0.5006000000000004,-4.5435,262217.98,1098655.44
600030.SH,20070313,10.8757,11.3458,10.7994,11.018,10.7842,0.23380000000000045,2.168,249716.21,1089662.034
600030.SH,20070312,10.6419,11.0535,10.2963,10.7842,10.7003,0.08389999999999986,0.7841,293164.72,1224546.551
600030.SH,20070309,10.7613,11.1501,10.6724,10.7003,10.7639,-0.06359999999999921,-0.5909,362414.92,1564064.94
600030.SH,20070308,10.2633,10.7944,10.0244,10.7639,10.1489,0.6150000000000002,6.0598,277426.97,1141534.106
600030.SH,20070307,9.4273,10.2887,9.4273,10.1489,9.3739,0.7749999999999986,8.2676,315378.06,1243179.495
600030.SH,20070306,8.9699,9.6204,8.9699,9.3739,8.9572,0.4167000000000005,4.6521,355501.1,1310968.231
600030.SH,20070305,9.1478,9.4298,8.7463,8.9572,9.3892,-0.4320000000000004,-4.601,247142.42,877949.699
600030.SH,20070302,8.8632,9.4527,8.8301,9.3892,8.8987,0.4905000000000008,5.512,295924.6,1049716.771
600030.SH,20070301,9.3383,9.3383,8.7158,8.8987,9.4298,-0.5311000000000003,-5.6321,223466.59,792917.258
600030.SH,20070228,9.1554,9.5035,8.8454,9.4298,9.2011,0.2286999999999999,2.4856,380036.16,1366412.55
600030.SH,20070227,10.1667,10.2404,9.1706,9.2011,10.1896,-0.9885000000000002,-9.7011,294843.22,1106539.601
600030.SH,20070226,10.2785,10.4615,10.1388,10.1896,10.3903,-0.20069999999999943,-1.9316,166400.61,671880.607
600030.SH,20070216,10.7994,10.8503,10.1642,10.3903,10.6139,-0.22359999999999935,-2.1067,221006.35,917476.973
600030.SH,20070215,10.4183,10.774,10.4183,10.6139,10.2734,0.3404999999999987,3.3144,275513.7,1150296.384
600030.SH,20070214,9.6966,10.3827,9.656,10.2734,9.6458,0.627600000000001,6.5065,342531.06,1360483.774
600030.SH,20070213,9.6814,9.8338,9.501,9.6458,9.656,-0.010200000000001097,-0.1056,226332.23,860798.705
600030.SH,20070212,8.7666,9.6687,8.665,9.656,8.7895,0.8665000000000003,9.8584,470526.87,1733873.517
600030.SH,20070209,8.8174,9.0969,8.6395,8.7895,8.8174,-0.027899999999998926,-0.3164,175399.57,613530.523
600030.SH,20070208,8.8937,8.9318,8.7539,8.8174,8.8403,-0.02289999999999992,-0.259,193089.2,670125.029
600030.SH,20070207,8.67,9.1427,8.5938,8.8403,8.4795,0.36079999999999934,4.255,420132.61,1470579.103
600030.SH,20070206,8.3397,8.5049,7.6485,8.4795,8.4109,0.0686,0.8156,486475.16,1544183.181
600030.SH,20070205,8.3854,8.7361,8.1593,8.4109,8.4261,-0.015200000000000102,-0.1804,243760.11,809755.964
600030.SH,20070202,9.069,9.069,8.2076,8.4261,9.0893,-0.6631999999999998,-7.2965,314096.17,1057927.457
600030.SH,20070201,8.8454,9.1122,8.7285,9.0893,8.8835,0.20579999999999998,2.3167,290850.8,1018387.109
600030.SH,20070131,9.3383,9.7805,8.6141,8.8835,9.5721,-0.688600000000001,-7.1938,355663.74,1275578.138
600030.SH,20070130,9.6636,10.0346,9.4781,9.5721,9.9024,-0.33029999999999937,-3.3356,199056.16,759555.966
600030.SH,20070129,10.1667,10.215,9.6941,9.9024,10.0015,-0.09909999999999997,-0.9909,315774.04,1231712.52
600030.SH,20070126,9.6331,10.1972,9.3434,10.0015,9.7551,0.2463999999999995,2.5259,339243.02,1300639.274
600030.SH,20070125,9.4019,10.1896,9.1986,9.7551,9.595,0.1600999999999999,1.6686,537229.44,2093173.937
600030.SH,20070124,8.9191,9.689,8.9191,9.595,8.8073,0.787700000000001,8.9437,691784.92,2588215.504
600030.SH,20070123,8.8174,8.9623,8.2838,8.8073,8.8098,-0.0024999999999995026,-0.0284,378958.63,1293390.746
600030.SH,20070122,8.6395,9.0207,8.6141,8.8098,8.5811,0.2286999999999999,2.6652,313790.64,1091556.329
600030.SH,20070119,8.5684,8.7488,8.3219,8.5811,8.5684,0.012699999999998823,0.1482,381763.39,1287079.326
600030.SH,20070118,8.3143,8.7031,7.8772,8.5684,8.3626,0.20579999999999998,2.461,534143.93,1765997.251
600030.SH,20070117,9.1351,9.4654,8.3626,8.3626,9.2926,-0.9299999999999997,-10.008,627208.02,2155810.689
600030.SH,20070116,9.3002,9.4654,9.0664,9.2926,9.2037,0.08890000000000065,0.9659,348378.2,1277022.289
600030.SH,20070115,8.5404,9.2519,8.5404,9.2037,8.5608,0.6428999999999991,7.5098,305235.67,1067475.169
600030.SH,20070112,8.2584,8.9699,8.2584,8.5608,8.2813,0.2795000000000005,3.3751,365401.01,1254687.465
600030.SH,20070111,8.4109,8.4972,8.1313,8.2813,8.2406,0.04069999999999929,0.4939,322007.34,1054373.442
600030.SH,20070110,7.6231,8.2406,7.4961,8.2406,7.491,0.7496000000000009,10.0067,539236.21,1710654.127
600030.SH,20070109,7.7705,7.7705,7.3182,7.491,7.0641,0.42689999999999984,6.0432,427423.46,1259794.396
600030.SH,20070108,6.9777,7.1657,6.6499,7.0641,6.9752,0.08889999999999976,1.2745,317286.21,860602.925
600030.SH,20070105,6.932,7.2293,6.81,6.9752,7.0387,-0.06350000000000033,-0.9022,289463.21,797556.124
600030.SH,20070104,7.1937,7.5723,6.9116,7.0387,6.9574,0.0813000000000006,1.1685,454242.0,1310767.245
600030.SH,20061229,6.7846,7.0971,6.7084,6.9574,6.6194,0.3380000000000001,5.1062,320648.4,874456.837
600030.SH,20061228,6.4898,6.7338,6.3653,6.6194,6.4543,0.1650999999999998,2.558,239477.32,618045.824
600030.SH,20061227,6.2891,6.6448,6.251,6.4543,6.3348,0.1194999999999995,1.8864,251393.47,638389.458
600030.SH,20061226,6.378,6.4543,6.2764,6.3348,6.3577,-0.02289999999999992,-0.3602,314251.56,788686.826
600030.SH,20061225,6.2256,6.6093,6.1493,6.3577,6.0883,0.2694000000000001,4.4249,514292.42,1293877.315
600030.SH,20061222,6.2001,6.2738,5.9664,6.0883,6.2357,-0.1473999999999993,-2.3638,266995.94,640464.923
600030.SH,20061221,6.4034,6.4949,6.2205,6.2357,6.4288,-0.19310000000000027,-3.0037,214823.25,540299.156
600030.SH,20061220,6.2256,6.4797,6.1747,6.4288,6.3424,0.08640000000000025,1.3623,204542.07,512741.637
600030.SH,20061219,6.6042,6.6575,6.256,6.3424,6.4949,-0.15250000000000075,-2.348,323680.5,818558.863
600030.SH,20061218,6.4924,6.6372,6.2764,6.4949,6.4314,0.06350000000000033,0.9873,292569.1,744273.922
600030.SH,20061215,6.1417,6.4695,6.0934,6.4314,6.0934,0.3380000000000001,5.547,302776.18,752403.342
600030.SH,20061214,5.7504,6.1366,5.7453,6.0934,5.7402,0.3532000000000002,6.1531,229350.43,536266.47
600030.SH,20061213,5.7326,5.8546,5.5928,5.7402,5.6945,0.045700000000000074,0.8025,230145.45,520712.981
600030.SH,20061212,5.7046,5.9715,5.6665,5.6945,5.5344,0.1600999999999999,2.8928,398303.57,910814.251
600030.SH,20061211,5.044,5.5344,5.044,5.5344,5.0313,0.5030999999999999,9.9994,319286.24,668148.905
600030.SH,20061208,5.199,5.3337,4.9855,5.0313,5.2879,-0.2565999999999997,-4.8526,263536.05,535624.651
600030.SH,20061207,5.4124,5.6157,5.2777,5.2879,5.4785,-0.19060000000000077,-3.4791,273391.38,589786.172
600030.SH,20061206,5.5115,5.5649,5.1227,5.4785,5.5115,-0.032999999999999474,-0.5987,358703.2,754610.649
600030.SH,20061205,5.1329,5.6437,5.1329,5.5115,5.1304,0.3811,7.4283,382987.36,821425.855
600030.SH,20061204,4.9347,5.1583,4.9296,5.1304,4.9271,0.2032999999999996,4.1262,321103.64,641275.552
600030.SH,20061201,4.767,5.0084,4.7492,4.9271,4.7492,0.17790000000000017,3.7459,320324.27,617996.95
600030.SH,20061130,4.5535,4.8407,4.5358,4.7492,4.5332,0.2160000000000002,4.7648,316076.27,586159.365
600030.SH,20061129,4.2969,4.5739,4.2562,4.5332,4.3858,0.1474000000000002,3.3608,264776.26,461940.398
600030.SH,20061128,4.579,4.579,4.3655,4.3858,4.5815,-0.19570000000000043,-4.2715,209892.63,367147.802
600030.SH,20061127,4.5307,4.5917,4.4417,4.5815,4.5358,0.045700000000000074,1.0075,213828.64,378811.029
600030.SH,20061124,4.612,4.6171,4.4875,4.5358,4.6272,-0.09140000000000015,-1.9753,198821.33,356252.006
600030.SH,20061123,4.6374,4.7467,4.5663,4.6272,4.5942,0.03300000000000036,0.7183,253399.56,464715.227
600030.SH,20061122,4.3071,4.7467,4.302,4.5942,4.3299,0.26429999999999954,6.1041,402881.06,717108.324
600030.SH,20061121,4.3731,4.4468,4.269,4.3299,4.3681,-0.03819999999999979,-0.8745,238607.85,408302.045
600030.SH,20061120,4.1063,4.3858,4.1063,4.3681,4.1419,0.2262000000000004,5.4613,333855.55,565579.757
600030.SH,20061117,4.0657,4.1597,4.0174,4.1419,4.1038,0.03810000000000002,0.9284,194161.34,312000.242
600030.SH,20061116,4.1317,4.2613,4.0733,4.1038,4.1444,-0.040600000000000414,-0.9796,366002.89,604813.947
600030.SH,20061115,4.0657,4.1876,4.0072,4.1444,4.0631,0.0812999999999997,2.0009,513960.52,833391.048
600030.SH,20061114,4.0606,4.0911,3.9132,4.0631,4.0911,-0.02799999999999958,-0.6844,313170.21,496104.125
600030.SH,20061113,3.809,4.1394,3.7811,4.0911,3.809,0.2820999999999998,7.4061,710881.33,1122195.815
600030.SH,20061110,3.7328,3.9107,3.7175,3.809,3.7328,0.07620000000000005,2.0414,324720.62,487008.261
600030.SH,20061109,3.6235,3.7557,3.5956,3.7328,3.6312,0.10159999999999991,2.798,151482.6,220056.59
600030.SH,20061108,3.6337,3.6413,3.5803,3.6312,3.6362,-0.004999999999999893,-0.1375,80950.86,114844.092
600030.SH,20061107,3.6057,3.682,3.5778,3.6362,3.5727,0.06349999999999989,1.7774,170735.63,244108.441
600030.SH,20061106,3.6032,3.6261,3.5473,3.5727,3.6337,-0.06099999999999994,-1.6787,221955.87,312509.636
600030.SH,20061103,3.6489,3.6972,3.6057,3.6337,3.6566,-0.02289999999999992,-0.6263,145354.53,208073.851
600030.SH,20061102,3.8268,3.8446,3.5575,3.6566,3.8014,-0.14480000000000004,-3.8091,245323.3,353951.057
600030.SH,20061101,3.743,3.8319,3.7353,3.8014,3.7404,0.06099999999999994,1.6308,133143.24,198967.072
600030.SH,20061031,3.7862,3.8065,3.6947,3.7404,3.7633,-0.02289999999999992,-0.6085,185159.34,272839.517
600030.SH,20061027,3.9259,3.9335,3.743,3.7633,3.898,-0.13470000000000004,-3.4556,157001.09,234767.37
600030.SH,20061026,3.9081,3.9513,3.837,3.898,3.8954,0.0026000000000001577,0.0667,138313.47,212131.876
600030.SH,20061025,3.8827,4.0021,3.8395,3.8954,3.8675,0.027899999999999814,0.7214,189079.84,292303.072
600030.SH,20061024,3.7099,3.9005,3.7023,3.8675,3.7099,0.15759999999999996,4.2481,137134.64,205680.716
600030.SH,20061023,3.8598,3.87,3.6591,3.7099,3.8598,-0.1498999999999997,-3.8836,155273.74,230275.215
600030.SH,20061020,3.8598,3.898,3.8243,3.8598,3.8598,0.0,0.0,104506.68,159213.653
600030.SH,20061019,3.7887,3.903,3.7734,3.8598,3.776,0.0838000000000001,2.2193,170032.3,257236.095
600030.SH,20061018,3.748,3.8116,3.6794,3.776,3.7074,0.0686,1.8504,93373.88,137854.946
600030.SH,20061017,3.6616,3.7607,3.654,3.7074,3.6921,0.01529999999999987,0.4144,82262.78,120127.431
600030.SH,20061016,3.748,3.8192,3.6591,3.6921,3.7557,-0.0636000000000001,-1.6934,111238.89,163456.367
600030.SH,20061013,3.7734,3.8344,3.7252,3.7557,3.7862,-0.03049999999999997,-0.8056,117745.19,175110.071
600030.SH,20061012,3.9285,3.964,3.7658,3.7862,3.9234,-0.1372,-3.497,149591.89,227269.015
600030.SH,20061011,3.8497,4.0123,3.8497,3.9234,3.8446,0.0788000000000002,2.0496,163251.36,253033.357
600030.SH,20061010,3.9157,3.9513,3.8268,3.8446,3.9157,-0.07110000000000039,-1.8158,193583.2,296374.549
600030.SH,20061009,3.8903,4.0326,3.8624,3.9157,3.8039,0.11180000000000012,2.9391,293131.97,454232.445
600030.SH,20060929,3.6871,3.8268,3.6591,3.8039,3.6845,0.11940000000000017,3.2406,379274.93,562689.728
600030.SH,20060928,3.5092,3.7353,3.4711,3.6845,3.4965,0.18799999999999972,5.3768,341039.23,489686.824
600030.SH,20060927,3.4761,3.5219,3.4482,3.4965,3.4761,0.020399999999999974,0.5869,59145.84,81112.75
600030.SH,20060926,3.6032,3.6312,3.4584,3.4761,3.5981,-0.12199999999999989,-3.3907,118649.95,164436.731
600030.SH,20060925,3.5829,3.6388,3.5448,3.5981,3.5956,0.0024999999999999467,0.0695,98513.92,139127.509
600030.SH,20060922,3.6286,3.6718,3.5498,3.5956,3.6007,-0.00509999999999966,-0.1416,177128.24,252286.466
600030.SH,20060921,3.5575,3.6439,3.5524,3.6007,3.5498,0.050899999999999945,1.4339,163572.3,232355.759
600030.SH,20060920,3.5575,3.6057,3.5143,3.5498,3.5803,-0.03049999999999997,-0.8519,129769.77,181815.311
600030.SH,20060919,3.5829,3.682,3.5575,3.5803,3.5778,0.0024999999999999467,0.0699,241903.2,344607.794
600030.SH,20060918,3.4558,3.5956,3.4329,3.5778,3.4431,0.13470000000000004,3.9122,309905.07,431035.729
600030.SH,20060915,3.3364,3.4558,3.2957,3.4431,3.3288,0.11429999999999962,3.4337,222753.89,298234.56
600030.SH,20060914,3.438,3.4787,3.2729,3.3288,3.405,-0.0761999999999996,-2.2379,182944.08,241240.489
600030.SH,20060913,3.4889,3.4939,3.4025,3.405,3.4812,-0.07620000000000005,-2.1889,182972.57,248718.92
600030.SH,20060912,3.4304,3.5143,3.3923,3.4812,3.4253,0.05589999999999984,1.632,173605.99,236340.798
600030.SH,20060911,3.4736,3.4914,3.3542,3.4253,3.4406,-0.01529999999999987,-0.4447,79315.6,106412.174
600030.SH,20060908,3.405,3.4507,3.3542,3.4406,3.377,0.0636000000000001,1.8833,81581.9,109164.044
600030.SH,20060907,3.4634,3.5041,3.3567,3.377,3.4634,-0.08640000000000025,-2.4947,123677.56,166527.462
600030.SH,20060906,3.4889,3.5193,3.3999,3.4634,3.4812,-0.017799999999999816,-0.5113,62536.62,85156.329
600030.SH,20060905,3.4685,3.5448,3.4431,3.4812,3.4355,0.04569999999999963,1.3302,106535.09,146361.348
600030.SH,20060904,3.3313,3.4507,3.3313,3.4355,3.3872,0.04830000000000023,1.426,91319.28,122420.625
600030.SH,20060901,3.5219,3.5321,3.3567,3.3872,3.527,-0.13980000000000015,-3.9637,203179.25,274774.542
600030.SH,20060831,3.5803,3.6007,3.5193,3.527,3.56,-0.03299999999999992,-0.927,91508.97,127428.898
600030.SH,20060830,3.5346,3.5956,3.499,3.56,3.5346,0.025399999999999867,0.7186,143962.7,200936.5
600030.SH,20060829,3.5829,3.621,3.5321,3.5346,3.5575,-0.02289999999999992,-0.6437,236983.18,332213.739
600030.SH,20060828,3.3415,3.5905,3.3161,3.5575,3.3135,0.24400000000000022,7.3638,333132.32,457230.632
600030.SH,20060825,3.3084,3.377,3.3084,3.3135,3.3084,0.0051000000000001044,0.1542,119096.55,156724.237
600030.SH,20060824,3.2907,3.3237,3.2398,3.3084,3.3135,-0.0051000000000001044,-0.1539,133151.17,172331.213
600030.SH,20060823,3.1712,3.3694,3.1636,3.3135,3.1738,0.13969999999999994,4.4017,376980.48,488174.642
600030.SH,20060822,3.1153,3.222,3.0899,3.1738,3.1102,0.0636000000000001,2.0449,155281.76,193607.984
600030.SH,20060821,2.9984,3.1128,2.9959,3.1102,3.1179,-0.007700000000000262,-0.247,116295.16,140746.391
600030.SH,20060818,3.1382,3.1509,3.0493,3.1179,3.1255,-0.007600000000000051,-0.2432,107268.62,130499.523
600030.SH,20060817,3.222,3.222,3.1001,3.1255,3.2271,-0.10159999999999991,-3.1483,132135.93,163355.856
600030.SH,20060816,3.2475,3.2856,3.1687,3.2271,3.2525,-0.025399999999999867,-0.7809,185557.01,235620.14
600030.SH,20060815,3.1077,3.2932,3.1077,3.2525,3.1687,0.0838000000000001,2.6446,345552.33,437494.45
600030.SH,20060814,3.1763,3.3669,3.1356,3.1687,3.2475,-0.0788000000000002,-2.4265,190126.84,243070.062
600030.SH,20060811,3.0797,3.2907,3.0518,3.2475,3.1407,0.10680000000000023,3.4005,216314.46,269680.131
600030.SH,20060810,3.0569,3.1585,2.9247,3.1407,3.1179,0.02279999999999971,0.7313,291628.35,347215.558
600030.SH,20060809,3.2246,3.2246,3.0518,3.1179,3.2576,-0.13969999999999994,-4.2884,130968.14,160898.325
600030.SH,20060808,3.1001,3.2703,3.0797,3.2576,3.1255,0.13209999999999988,4.2265,104638.75,131348.204
600030.SH,20060807,3.1763,3.2017,3.0391,3.1255,3.2195,-0.09399999999999986,-2.9197,115368.9,141538.493
600030.SH,20060804,3.2779,3.2957,3.2068,3.2195,3.2957,-0.07620000000000005,-2.3121,83492.29,106782.301
600030.SH,20060803,3.3694,3.3694,3.2322,3.2957,3.3491,-0.05339999999999989,-1.5945,93850.87,120849.446
600030.SH,20060802,3.3034,3.3542,3.2043,3.3491,3.3288,0.020299999999999763,0.6098,112601.45,145208.061
600030.SH,20060801,3.3974,3.4457,3.2907,3.3288,3.4025,-0.07369999999999965,-2.1661,94940.13,124992.958
600030.SH,20060731,3.56,3.5778,3.3211,3.4025,3.5575,-0.15500000000000025,-4.357,126039.51,169684.958
600030.SH,20060728,3.7048,3.715,3.5016,3.5575,3.7048,-0.1473,-3.9759,113653.17,159388.132
600030.SH,20060727,3.6972,3.7836,3.6566,3.7048,3.6845,0.020300000000000207,0.551,95705.27,140054.76
600030.SH,20060726,3.7175,3.7226,3.6464,3.6845,3.7226,-0.03810000000000002,-1.0235,79367.42,114877.059
600030.SH,20060725,3.7607,3.7963,3.6921,3.7226,3.682,0.04059999999999997,1.1027,169313.12,249344.349
600030.SH,20060721,3.6972,3.903,3.6591,3.682,3.5473,0.13470000000000004,3.7973,159844.49,235316.927
600030.SH,20060720,3.4761,3.5702,3.4558,3.5473,3.4558,0.09149999999999991,2.6477,97682.41,135652.989
600030.SH,20060719,3.6871,3.7048,3.3669,3.4558,3.6794,-0.2235999999999998,-6.0771,182220.97,252160.679
600030.SH,20060718,3.7277,3.7277,3.6083,3.6794,3.6769,0.0024999999999999467,0.068,111545.84,160225.348
600030.SH,20060717,3.6439,3.6921,3.5981,3.6769,3.6439,0.03299999999999992,0.9056,116886.67,167600.021
600030.SH,20060714,3.5625,3.7226,3.56,3.6439,3.6794,-0.035499999999999865,-0.9648,161915.14,232328.237
600030.SH,20060713,4.0021,4.058,3.6769,3.6794,4.086,-0.4066000000000005,-9.9511,210771.16,318218.372
600030.SH,20060712,4.0708,4.1953,3.9767,4.086,4.0657,0.02030000000000065,0.4993,114460.99,184318.066
600030.SH,20060711,4.0301,4.1139,4.025,4.0657,4.0403,0.025399999999999423,0.6287,70312.12,112473.9
600030.SH,20060710,4.1165,4.1546,3.9844,4.0403,4.1394,-0.09909999999999997,-2.3941,107479.36,170654.729
600030.SH,20060707,4.2435,4.2715,4.086,4.1394,4.1902,-0.050799999999999734,-1.2124,105285.89,171967.934
600030.SH,20060706,4.058,4.2893,4.0199,4.1902,4.0758,0.11439999999999984,2.8068,126491.34,209040.425
600030.SH,20060705,4.2562,4.269,3.9971,4.0758,4.2537,-0.17790000000000017,-4.1822,166124.11,267496.529
600030.SH,20060704,4.3884,4.4138,4.1673,4.2537,4.3401,-0.08639999999999937,-1.9907,183082.8,308366.478
600030.SH,20060703,4.1172,4.3796,4.092,4.3392,3.9961,0.34309999999999974,8.5859,228118.16,383200.348
600030.SH,20060630,4.0617,4.1096,3.9255,3.9961,4.0365,-0.04039999999999999,-1.0009,109276.57,173729.147
600030.SH,20060629,3.9734,4.097,3.9734,4.0365,3.9583,0.07820000000000027,1.9756,164395.53,263064.282
600030.SH,20060628,3.7085,4.0365,3.7085,3.9583,3.7691,0.18920000000000003,5.0198,148053.55,231125.239
600030.SH,20060627,3.7968,3.8246,3.7237,3.7691,3.7892,-0.02010000000000023,-0.5305,73174.47,109399.908
600030.SH,20060626,3.653,3.8473,3.653,3.7892,3.6429,0.1463000000000001,4.016,161259.55,242222.024
600030.SH,20060623,3.6026,3.6833,3.537,3.6429,3.6354,0.00749999999999984,0.2063,96109.09,137951.943
600030.SH,20060622,3.6227,3.7035,3.5799,3.6354,3.6152,0.020199999999999996,0.5588,94922.92,137307.33
600030.SH,20060621,3.6202,3.7085,3.5143,3.6152,3.6505,-0.03529999999999989,-0.967,135983.71,194393.576
600030.SH,20060620,3.6581,3.7514,3.6152,3.6505,3.6858,-0.03529999999999989,-0.9577,120765.37,175235.766
600030.SH,20060619,3.5319,3.7842,3.4815,3.6858,3.6051,0.08069999999999977,2.2385,184376.65,267202.718
600030.SH,20060616,3.3831,3.6278,3.3831,3.6051,3.3402,0.26490000000000036,7.9307,202596.83,280349.852
600030.SH,20060615,3.3049,3.4209,3.2796,3.3402,3.2796,0.06059999999999999,1.8478,172182.43,230083.849
600030.SH,20060614,3.3301,3.3604,3.1712,3.2796,3.4184,-0.13880000000000026,-4.0604,183986.08,237316.282
600030.SH,20060613,3.3377,3.5269,3.2796,3.4184,3.3326,0.08580000000000032,2.5746,211145.6,283822.826
600030.SH,20060612,3.4058,3.4941,3.3124,3.3326,3.4386,-0.10600000000000032,-3.0826,138452.29,185584.373
600030.SH,20060609,3.6883,3.6883,3.3856,3.4386,3.6883,-0.2496999999999998,-6.7701,238556.76,331828.666
600030.SH,20060608,3.6101,3.7792,3.4588,3.6883,3.6909,-0.0026000000000001577,-0.0704,216034.59,310432.19
600030.SH,20060607,3.9381,4.034,3.6328,3.6909,3.9482,-0.25729999999999986,-6.5169,175533.75,264768.487
600030.SH,20060606,4.0113,4.1071,3.923,3.9482,4.0314,-0.08319999999999972,-2.0638,85708.75,135509.059
600030.SH,20060605,4.0365,4.2106,3.7539,4.0314,4.1096,-0.07820000000000071,-1.9029,172353.75,271067.921
600030.SH,20060602,4.3493,4.642,4.0365,4.1096,4.2282,-0.11859999999999982,-2.805,355599.55,610493.551
600030.SH,20060601,3.822,4.2282,3.7792,4.2282,3.8448,0.38339999999999996,9.9719,365612.89,596685.406
600030.SH,20060531,3.7918,3.87,3.7287,3.8448,3.8145,0.030300000000000438,0.7943,120300.57,180624.777
600030.SH,20060530,3.8473,3.9734,3.8094,3.8145,3.7539,0.06059999999999999,1.6143,192534.64,297359.975
600030.SH,20060526,3.8094,3.8347,3.6934,3.7539,3.7539,0.0,0.0,135395.75,201927.547
600030.SH,20060525,3.6076,3.7968,3.5471,3.7539,3.6707,0.08319999999999972,2.2666,194199.29,285218.756
600030.SH,20060524,3.6934,3.8599,3.3957,3.6707,3.6177,0.052999999999999936,1.465,263206.37,376741.181
600030.SH,20060523,3.9103,3.9103,3.6,3.6177,3.9936,-0.3758999999999997,-9.4126,257929.12,383216.198
600030.SH,20060522,4.1323,4.2383,3.9608,3.9936,4.1853,-0.19169999999999998,-4.5803,267558.16,431988.215
600030.SH,20060519,3.7842,4.2131,3.5824,4.1853,3.8296,0.3556999999999997,9.2882,414433.54,656768.84
600030.SH,20060518,3.9482,3.986,3.6959,3.8296,4.1071,-0.27749999999999986,-6.7566,355766.4,532102.692
600030.SH,20060517,4.3392,4.6293,3.7867,4.1071,4.208,-0.10090000000000021,-2.3978,460402.21,766019.949
600030.SH,20060516,3.9103,4.208,3.7337,4.208,3.8246,0.38339999999999996,10.0246,341806.54,557370.728
600030.SH,20060515,3.8246,3.8246,3.6959,3.8246,3.4764,0.3482000000000003,10.0161,322877.0,486790.751
600030.SH,20060511,3.5319,3.7691,3.3578,3.4764,3.5622,-0.08579999999999988,-2.4086,275253.36,389442.906
600030.SH,20060510,3.5269,3.6026,3.3326,3.5622,3.2746,0.28759999999999986,8.7828,337406.51,466431.414
600030.SH,20060509,3.2746,3.2746,3.2746,3.2746,2.9769,0.29769999999999985,10.0003,111512.53,144743.264
600030.SH,20060428,2.5304,3.0122,2.5304,2.9769,2.7574,0.21950000000000003,7.9604,305582.69,345804.911
600030.SH,20060427,2.9971,3.0753,2.7196,2.7574,3.0223,-0.2648999999999999,-8.7648,453030.2,514899.116
600030.SH,20060426,2.8154,3.0803,2.8003,3.0223,2.8003,0.22199999999999998,7.9277,312341.14,369384.83
600030.SH,20060425,2.7221,2.9441,2.6237,2.8003,2.7423,0.05799999999999983,2.115,207108.06,231040.429
600030.SH,20060424,2.6187,2.7978,2.548,2.7423,2.5859,0.1564000000000001,6.0482,303057.92,318559.519
600030.SH,20060421,2.3513,2.5859,2.3412,2.5859,2.3513,0.23459999999999992,9.9775,248693.07,246233.486
600030.SH,20060420,2.3084,2.4648,2.3033,2.3513,2.3084,0.04290000000000038,1.8584,141682.09,133667.495
600030.SH,20060419,2.3084,2.379,2.2705,2.3084,2.3134,-0.0050000000000003375,-0.2161,126298.56,116148.321
600030.SH,20060418,2.2831,2.3815,2.2529,2.3134,2.3361,-0.022699999999999942,-0.9717,150609.19,138614.307
600030.SH,20060417,2.1671,2.384,2.1469,2.3361,2.1671,0.16900000000000004,7.7984,320359.95,293108.349
600030.SH,20060414,1.9552,2.1671,1.9552,2.1671,1.9703,0.19680000000000009,9.9883,149782.57,122745.621
600030.SH,20060413,2.0637,2.0637,1.9678,1.9703,2.0637,-0.09339999999999993,-4.5259,147990.32,117908.626
600030.SH,20060412,2.1192,2.1393,2.0586,2.0637,2.1343,-0.07060000000000022,-3.3079,68046.29,56506.822
600030.SH,20060411,2.1166,2.1545,2.0838,2.1343,2.1217,0.012599999999999945,0.5939,124871.79,104948.571
600030.SH,20060410,2.046,2.1242,2.0031,2.1217,2.0409,0.08079999999999998,3.959,103363.56,84158.639
600030.SH,20060407,2.0561,2.0637,2.0006,2.0409,2.0561,-0.015199999999999658,-0.7393,134530.79,107997.143
600030.SH,20060406,2.051,2.1444,2.0359,2.0561,2.051,0.00509999999999966,0.2487,140784.32,116397.588
600030.SH,20060405,2.0662,2.0939,2.0233,2.051,2.0737,-0.022699999999999942,-1.0947,108708.33,88634.725
600030.SH,20060404,2.0182,2.0788,1.993,2.0737,2.0182,0.05549999999999988,2.75,134992.55,108505.882
600030.SH,20060403,1.9249,2.0788,1.9123,2.0182,1.9199,0.09830000000000028,5.1201,332633.42,264359.293
600030.SH,20060331,1.7382,1.9199,1.718,1.9199,1.7458,0.17409999999999992,9.9725,356486.28,264287.258
600030.SH,20060330,1.766,1.7761,1.7332,1.7458,1.7634,-0.01760000000000006,-0.9981,100237.5,69532.251
600030.SH,20060329,1.829,1.829,1.7584,1.7634,1.7912,-0.027799999999999825,-1.552,163465.71,115640.654
600030.SH,20060328,1.7079,1.7988,1.7079,1.7912,1.7079,0.08329999999999993,4.8773,177860.61,124687.833
600030.SH,20060327,1.7306,1.7407,1.6777,1.7079,1.7281,-0.020199999999999996,-1.1689,72074.79,48480.372
600030.SH,20060324,1.7155,1.7609,1.7105,1.7281,1.7458,-0.01770000000000005,-1.0139,95722.66,65977.768
600030.SH,20060323,1.7155,1.766,1.7105,1.7458,1.7155,0.030299999999999994,1.7662,118868.68,82380.513
600030.SH,20060322,1.7105,1.7382,1.6928,1.7155,1.7105,0.0050000000000001155,0.2923,88265.83,60001.092
600030.SH,20060321,1.7004,1.771,1.6953,1.7105,1.7054,0.005099999999999882,0.2991,167176.26,114955.212
600030.SH,20060320,1.6348,1.718,1.6171,1.7054,1.6423,0.06309999999999993,3.8422,134004.92,89174.015
600030.SH,20060317,1.6146,1.6499,1.602,1.6423,1.6146,0.027700000000000058,1.7156,128096.43,82871.297
600030.SH,20060316,1.5894,1.6398,1.5868,1.6146,1.5894,0.02520000000000011,1.5855,190561.41,122450.046
600030.SH,20060315,1.554,1.5919,1.5288,1.5894,1.5515,0.03789999999999982,2.4428,109968.04,68257.266
600030.SH,20060314,1.5717,1.5793,1.5364,1.5515,1.5692,-0.017699999999999827,-1.128,39979.99,24605.471
600030.SH,20060313,1.544,1.5843,1.5263,1.5692,1.544,0.02519999999999989,1.6321,46588.8,28703.352
600030.SH,20060310,1.5818,1.5894,1.5389,1.544,1.5742,-0.030200000000000005,-1.9184,50274.63,31015.873
600030.SH,20060309,1.5616,1.5969,1.549,1.5742,1.5591,0.015100000000000113,0.9685,107453.75,67197.336
600030.SH,20060308,1.5263,1.5793,1.5162,1.5591,1.5263,0.03279999999999994,2.149,170851.44,105127.939
600030.SH,20060307,1.5465,1.5667,1.5086,1.5263,1.544,-0.01770000000000005,-1.1464,182095.59,111155.567
600030.SH,20060306,1.554,1.5717,1.5364,1.544,1.554,-0.010000000000000009,-0.6435,51696.74,31774.656
600030.SH,20060303,1.5768,1.5919,1.5288,1.554,1.5793,-0.025299999999999878,-1.602,103332.2,63692.584
600030.SH,20060302,1.6373,1.6423,1.5692,1.5793,1.6373,-0.05800000000000005,-3.5424,83473.08,53134.899
600030.SH,20060301,1.6146,1.655,1.6095,1.6373,1.6121,0.02519999999999989,1.5632,166111.52,107912.524
600030.SH,20060228,1.5919,1.6297,1.5717,1.6121,1.5894,0.022700000000000164,1.4282,100883.97,63924.263
600030.SH,20060227,1.607,1.6222,1.5818,1.5894,1.607,-0.01760000000000006,-1.0952,93226.62,59305.941
600030.SH,20060224,1.6146,1.6297,1.5868,1.607,1.6146,-0.007600000000000051,-0.4707,107075.75,67999.4
600030.SH,20060223,1.5944,1.6373,1.5818,1.6146,1.5818,0.03279999999999994,2.0736,99494.38,63452.477
600030.SH,20060222,1.6146,1.6398,1.5667,1.5818,1.6171,-0.03529999999999989,-2.1829,137411.2,87595.025
600030.SH,20060221,1.5616,1.6272,1.5313,1.6171,1.5616,0.05549999999999988,3.554,156385.36,97437.386
600030.SH,20060220,1.665,1.6701,1.554,1.5616,1.665,-0.10339999999999994,-6.2102,251458.43,160589.504
600030.SH,20060216,1.7281,1.7382,1.66,1.665,1.7407,-0.07569999999999988,-4.3488,138163.48,92214.359
600030.SH,20060215,1.6953,1.8063,1.6903,1.7407,1.6978,0.04289999999999994,2.5268,270220.9,189148.243
600030.SH,20060214,1.6726,1.7004,1.6575,1.6978,1.6802,0.01760000000000006,1.0475,66698.2,44400.653
600030.SH,20060213,1.6348,1.6903,1.6348,1.6802,1.6625,0.017699999999999827,1.0647,73716.02,48674.482
600030.SH,20060210,1.66,1.6852,1.6348,1.6625,1.66,0.0025000000000001688,0.1506,111040.56,72837.194
600030.SH,20060209,1.6777,1.7105,1.6499,1.66,1.6777,-0.01770000000000005,-1.055,127901.1,84719.218
600030.SH,20060208,1.6903,1.7004,1.6524,1.6777,1.7029,-0.02520000000000011,-1.4798,182393.98,121275.531
600030.SH,20060207,1.766,1.771,1.6953,1.7029,1.7761,-0.07319999999999993,-4.1214,259665.26,177586.246
600030.SH,20060206,1.7634,1.7962,1.7281,1.7761,1.7634,0.012699999999999934,0.7202,219555.25,152517.017
600030.SH,20060125,1.6903,1.7735,1.6802,1.7634,1.7054,0.05800000000000005,3.401,165865.57,114980.067
600030.SH,20060124,1.6171,1.7231,1.5793,1.7054,1.6247,0.0807,4.9671,203034.74,132588.006
600030.SH,20060123,1.655,1.665,1.6045,1.6247,1.655,-0.030299999999999994,-1.8308,244705.64,157564.572
600030.SH,20060120,1.6272,1.6827,1.6095,1.655,1.6247,0.030299999999999994,1.865,202089.26,132043.73
600030.SH,20060119,1.5843,1.6297,1.5641,1.6247,1.5793,0.04540000000000011,2.8747,161170.74,102297.514
600030.SH,20060118,1.5086,1.5995,1.5086,1.5793,1.5187,0.06059999999999999,3.9903,211644.15,132052.717
600030.SH,20060117,1.5389,1.549,1.4885,1.5187,1.5011,0.017599999999999838,1.1725,196784.76,118660.634
600030.SH,20060116,1.5389,1.5414,1.491,1.5011,1.549,-0.04789999999999983,-3.0923,193741.97,116438.757
600030.SH,20060113,1.4784,1.5818,1.4683,1.549,1.4758,0.07319999999999993,4.96,296144.53,178758.271
600030.SH,20060112,1.443,1.491,1.438,1.4758,1.4506,0.02520000000000011,1.7372,186948.86,109165.749
600030.SH,20060111,1.4531,1.5036,1.4355,1.4506,1.4582,-0.007600000000000051,-0.5212,208039.1,121343.063
600030.SH,20060110,1.4582,1.4607,1.4153,1.4582,1.4607,-0.0025000000000001688,-0.1712,219611.72,125303.171
600030.SH,20060109,1.3825,1.4708,1.3825,1.4607,1.3724,0.08830000000000005,6.434,333653.17,190364.861
600030.SH,20060106,1.3623,1.4002,1.3522,1.3724,1.3522,0.020199999999999996,1.4939,235517.79,129065.563
600030.SH,20060105,1.332,1.3573,1.327,1.3522,1.3219,0.030299999999999994,2.2922,145809.17,77831.664
600030.SH,20060104,1.2992,1.3346,1.2917,1.3219,1.3018,0.020100000000000007,1.544,143305.12,75104.386
600030.SH,20051230,1.3245,1.3245,1.2942,1.3018,1.3169,-0.015099999999999891,-1.1466,79439.7,40977.359
600030.SH,20051229,1.3119,1.327,1.3018,1.3169,1.3119,0.004999999999999893,0.3811,63322.03,33005.381
600030.SH,20051228,1.3245,1.3245,1.3043,1.3119,1.3245,-0.012599999999999945,-0.9513,64397.7,33416.751
600030.SH,20051227,1.3396,1.3396,1.3194,1.3245,1.3396,-0.015099999999999891,-1.1272,71592.89,37653.806
600030.SH,20051226,1.3093,1.3447,1.3068,1.3396,1.3093,0.030299999999999994,2.3142,149181.65,78816.817
600030.SH,20051223,1.2841,1.3093,1.2816,1.3093,1.2816,0.027699999999999836,2.1614,73792.83,38038.153
600030.SH,20051222,1.2917,1.2942,1.2765,1.2816,1.2942,-0.012599999999999945,-0.9736,85175.86,43358.802
600030.SH,20051221,1.3043,1.3194,1.2917,1.2942,1.3043,-0.010099999999999998,-0.7744,62764.71,32459.807
600030.SH,20051220,1.2892,1.3093,1.2841,1.3043,1.2917,0.012599999999999945,0.9755,76803.82,39541.665
600030.SH,20051219,1.2992,1.3119,1.2841,1.2917,1.2917,0.0,0.0,89907.12,46107.13
600030.SH,20051215,1.3093,1.3421,1.2765,1.2917,1.3093,-0.017599999999999838,-1.3442,205883.04,107040.494
600030.SH,20051214,1.2866,1.3245,1.2765,1.3093,1.2917,0.017599999999999838,1.3625,149797.22,77353.991
600030.SH,20051213,1.269,1.2942,1.2564,1.2917,1.269,0.022700000000000164,1.7888,115345.08,58394.097
600030.SH,20051212,1.274,1.2866,1.2488,1.269,1.274,-0.0050000000000001155,-0.3925,79063.89,39785.159
600030.SH,20051209,1.2437,1.2791,1.2362,1.274,1.2437,0.030299999999999994,2.4363,138922.74,69669.359
600030.SH,20051208,1.2437,1.269,1.2362,1.2437,1.2437,0.0,0.0,106679.06,53025.392
600030.SH,20051207,1.2337,1.2463,1.2261,1.2437,1.2362,0.007500000000000062,0.6067,94074.26,46228.011
600030.SH,20051206,1.1933,1.2412,1.1857,1.2362,1.1983,0.037900000000000045,3.1628,100270.15,48557.754
600030.SH,20051205,1.2135,1.2261,1.1933,1.1983,1.2236,-0.0253000000000001,-2.0677,84068.98,40408.837
600030.SH,20051202,1.221,1.2412,1.2109,1.2236,1.2236,0.0,0.0,73628.22,35762.477
600030.SH,20051201,1.2488,1.2538,1.2135,1.2236,1.2488,-0.02519999999999989,-2.0179,97743.3,47854.418
600030.SH,20051130,1.2337,1.2538,1.2236,1.2488,1.2337,0.015099999999999891,1.224,123664.12,61031.716
600030.SH,20051129,1.2185,1.2362,1.2059,1.2337,1.2236,0.010099999999999998,0.8254,116847.8,56599.11
600030.SH,20051128,1.2437,1.2639,1.2135,1.2236,1.2337,-0.010099999999999998,-0.8187,240669.45,118537.291
600030.SH,20051125,1.1882,1.2362,1.1857,1.2337,1.1857,0.04800000000000004,4.0482,226426.38,109150.531
600030.SH,20051124,1.1554,1.2236,1.1529,1.1857,1.158,0.027700000000000058,2.3921,228062.78,108145.971
600030.SH,20051123,1.1428,1.163,1.1378,1.158,1.1479,0.010099999999999998,0.8799,50375.39,23063.354
600030.SH,20051122,1.1857,1.1857,1.1428,1.1479,1.1832,-0.03530000000000011,-2.9834,57239.96,26323.829
600030.SH,20051121,1.1832,1.1908,1.1681,1.1832,1.1832,0.0,0.0,64437.18,30144.162
600030.SH,20051118,1.1529,1.1882,1.1479,1.1832,1.158,0.02520000000000011,2.1762,153816.93,71710.131
600030.SH,20051117,1.1353,1.1781,1.1201,1.158,1.1353,0.022699999999999942,1.9995,150664.15,69212.035
600030.SH,20051116,1.1378,1.1378,1.11,1.1353,1.1201,0.01519999999999988,1.357,45597.95,20390.545
600030.SH,20051115,1.1226,1.1378,1.105,1.1201,1.1252,-0.005099999999999882,-0.4533,46598.3,20677.043
600030.SH,20051114,1.1353,1.1403,1.1201,1.1252,1.1302,-0.0050000000000001155,-0.4424,51702.31,23107.366
600030.SH,20051111,1.11,1.1378,1.0924,1.1302,1.1126,0.01760000000000006,1.5819,72980.8,32210.501
600030.SH,20051110,1.1327,1.1403,1.1126,1.1126,1.1353,-0.022699999999999942,-1.9995,68225.71,30439.021
600030.SH,20051109,1.1353,1.1504,1.1302,1.1353,1.1403,-0.0050000000000001155,-0.4385,68322.87,30924.319
600030.SH,20051108,1.1302,1.1454,1.1201,1.1403,1.1302,0.010099999999999998,0.8936,56843.13,25550.228
600030.SH,20051107,1.1353,1.1353,1.1151,1.1302,1.1353,-0.005099999999999882,-0.4492,29993.49,13383.049
600030.SH,20051104,1.1252,1.1428,1.1126,1.1353,1.1252,0.010099999999999998,0.8976,51588.52,23050.515
600030.SH,20051103,1.1428,1.1454,1.1176,1.1252,1.1353,-0.010099999999999998,-0.8896,54578.99,24429.254
600030.SH,20051102,1.1151,1.1479,1.1151,1.1353,1.1151,0.020199999999999996,1.8115,75664.61,34076.311
600030.SH,20051101,1.1302,1.1302,1.0974,1.1151,1.1302,-0.015100000000000113,-1.336,64502.97,28379.89
600030.SH,20051031,1.11,1.1378,1.11,1.1302,1.1252,0.0050000000000001155,0.4444,67720.97,30205.024
600030.SH,20051028,1.1201,1.1277,1.0949,1.1252,1.1025,0.022699999999999942,2.059,74483.54,32852.259
600030.SH,20051027,1.1075,1.1277,1.0949,1.1025,1.1126,-0.010099999999999998,-0.9078,74441.02,32752.986
600030.SH,20051026,1.2236,1.2236,1.1025,1.1126,1.2236,-0.11099999999999999,-9.0716,246215.3,111976.661
600030.SH,20051025,1.2311,1.2362,1.2109,1.2236,1.2337,-0.010099999999999998,-0.8187,75550.78,36562.938
600030.SH,20051024,1.2564,1.2664,1.221,1.2337,1.2664,-0.03269999999999995,-2.5821,111824.28,54782.722
600030.SH,20051021,1.2513,1.2967,1.2311,1.2664,1.2513,0.015099999999999891,1.2067,182768.27,92231.076
600030.SH,20051020,1.2437,1.2639,1.2185,1.2513,1.2488,0.0025000000000001688,0.2002,121048.94,59460.163
600030.SH,20051019,1.2236,1.2614,1.221,1.2488,1.2236,0.02519999999999989,2.0595,145300.4,71410.956
600030.SH,20051018,1.2337,1.2463,1.2109,1.2236,1.2337,-0.010099999999999998,-0.8187,125189.9,60724.902
600030.SH,20051017,1.2463,1.2564,1.2059,1.2337,1.2488,-0.015099999999999891,-1.2092,154961.93,75309.052
600030.SH,20051014,1.2992,1.3119,1.2463,1.2488,1.3018,-0.05300000000000016,-4.0713,153189.42,77624.818
600030.SH,20051013,1.3043,1.3295,1.2967,1.3018,1.3068,-0.004999999999999893,-0.3826,135561.6,70367.074
600030.SH,20051012,1.3169,1.332,1.2942,1.3068,1.3169,-0.010099999999999998,-0.767,156027.99,81290.941
600030.SH,20051011,1.2992,1.3219,1.2841,1.3169,1.3043,0.012599999999999945,0.966,87702.74,45389.145
600030.SH,20051010,1.3371,1.3447,1.2942,1.3043,1.3371,-0.03279999999999994,-2.4531,95486.46,49406.17
600030.SH,20050930,1.327,1.3547,1.3245,1.3371,1.332,0.005099999999999882,0.3829,159299.81,84929.658
600030.SH,20050929,1.327,1.3497,1.3144,1.332,1.327,0.0050000000000001155,0.3768,172902.9,91129.957
600030.SH,20050928,1.332,1.3472,1.3119,1.327,1.3346,-0.007600000000000051,-0.5695,126881.87,66851.617
600030.SH,20050927,1.3774,1.3825,1.3295,1.3346,1.3875,-0.05289999999999995,-3.8126,256388.58,137608.697
600030.SH,20050926,1.3648,1.3976,1.3346,1.3875,1.3245,0.06299999999999994,4.7565,850489.49,461688.456
600030.SH,20050923,1.2866,1.332,1.2765,1.3245,1.2866,0.037900000000000045,2.9457,315598.06,163612.41
600030.SH,20050922,1.2816,1.3093,1.2488,1.2866,1.2892,-0.0025999999999999357,-0.2017,267333.14,135761.831
600030.SH,20050921,1.3295,1.3295,1.2866,1.2892,1.3295,-0.0403,-3.0312,170324.3,87852.724
600030.SH,20050920,1.3144,1.3547,1.3018,1.3295,1.3144,0.015099999999999891,1.1488,336963.3,177936.983
600030.SH,20050919,1.2942,1.3219,1.2892,1.3144,1.2866,0.027800000000000047,2.1607,176636.53,91748.079
600030.SH,20050916,1.2967,1.3018,1.2791,1.2866,1.2967,-0.010099999999999998,-0.7789,91701.85,46811.562
600030.SH,20050915,1.2866,1.3169,1.2816,1.2967,1.2892,0.007500000000000062,0.5818,271372.11,140018.066
600030.SH,20050914,1.2639,1.3018,1.2538,1.2892,1.2564,0.03279999999999994,2.6106,333834.98,170283.677
600030.SH,20050913,1.2437,1.2589,1.2286,1.2564,1.2437,0.012699999999999934,1.0211,107680.98,52993.527
600030.SH,20050909,1.2614,1.2715,1.2387,1.2437,1.2639,-0.020199999999999996,-1.5982,88800.5,44041.721
600030.SH,20050908,1.2664,1.2816,1.2412,1.2639,1.2664,-0.0024999999999999467,-0.1974,129542.41,64775.009
600030.SH,20050907,1.2463,1.2791,1.2337,1.2664,1.2463,0.020100000000000007,1.6128,146816.15,73113.327
600030.SH,20050906,1.269,1.2917,1.2437,1.2463,1.274,-0.027700000000000058,-2.1743,196155.03,98993.914
600030.SH,20050905,1.2412,1.2866,1.2311,1.274,1.2463,0.027700000000000058,2.2226,171535.94,85535.679
600030.SH,20050902,1.2564,1.269,1.2412,1.2463,1.2564,-0.010099999999999998,-0.8039,132582.03,65819.084
600030.SH,20050901,1.2362,1.269,1.221,1.2564,1.2463,0.010099999999999998,0.8104,182013.63,89837.544
600030.SH,20050831,1.2564,1.269,1.216,1.2463,1.2564,-0.010099999999999998,-0.8039,155337.29,76228.667
600030.SH,20050830,1.2614,1.2917,1.2463,1.2564,1.2639,-0.007500000000000062,-0.5934,241436.93,121889.118
600030.SH,20050829,1.2463,1.274,1.2185,1.2639,1.2437,0.020199999999999996,1.6242,282511.68,140103.017
600030.SH,20050826,1.221,1.2488,1.1857,1.2437,1.221,0.022699999999999942,1.8591,209208.34,101071.05
600030.SH,20050825,1.2387,1.2437,1.2059,1.221,1.2412,-0.020199999999999996,-1.6275,135165.53,65575.378
600030.SH,20050824,1.2538,1.2639,1.221,1.2412,1.2538,-0.012599999999999945,-1.0049,228929.86,112387.029
600030.SH,20050823,1.2362,1.2791,1.2286,1.2538,1.2362,0.01760000000000006,1.4237,238175.39,118879.222
600030.SH,20050822,1.2387,1.2412,1.2135,1.2362,1.2387,-0.0024999999999999467,-0.2018,144119.98,70123.355
600030.SH,20050819,1.2437,1.2664,1.2185,1.2387,1.2463,-0.007600000000000051,-0.6098,175748.52,86267.872
600030.SH,20050818,1.2791,1.3018,1.2437,1.2463,1.2841,-0.037800000000000056,-2.9437,321580.62,162156.467
600030.SH,20050817,1.2614,1.2917,1.2437,1.2841,1.2614,0.022699999999999942,1.7996,276576.17,139506.339
600030.SH,20050816,1.3093,1.3169,1.2513,1.2614,1.3119,-0.05049999999999999,-3.8494,473911.23,240594.288
600030.SH,20050815,1.3623,1.3623,1.2841,1.3119,1.5768,-0.2648999999999999,-16.7998,1157674.05,600230.93
600030.SH,20050727,1.1779,1.1854,1.1555,1.1686,1.1723,-0.0036999999999998145,-0.3156,189328.16,118360.389
600030.SH,20050726,1.1331,1.1929,1.1275,1.1723,1.1312,0.041099999999999914,3.6333,277454.15,173794.162
600030.SH,20050725,1.1331,1.163,1.1237,1.1312,1.1387,-0.007500000000000062,-0.6586,140915.06,86067.657
600030.SH,20050722,1.1237,1.1761,1.1181,1.1387,1.1162,0.022499999999999964,2.0158,241926.41,148127.751
600030.SH,20050721,1.1069,1.1181,1.0957,1.1162,1.105,0.011200000000000099,1.0136,94300.12,56018.119
600030.SH,20050720,1.1219,1.1349,1.0994,1.105,1.1069,-0.0019000000000000128,-0.1717,141322.28,84483.712
600030.SH,20050719,1.1162,1.1219,1.0919,1.1069,1.1181,-0.011200000000000099,-1.0017,138328.26,81775.707
600030.SH,20050718,1.0957,1.1312,1.0788,1.1181,1.0957,0.022400000000000198,2.0444,177525.86,105580.808
600030.SH,20050715,1.0919,1.12,1.0788,1.0957,1.0901,0.005599999999999827,0.5137,160060.16,94133.32
600030.SH,20050714,1.0861,1.112,1.0694,1.0898,1.0953,-0.005499999999999838,-0.5021,163728.64,96604.334
600030.SH,20050713,1.0823,1.1231,1.0657,1.0953,1.0972,-0.0019000000000000128,-0.1732,377588.58,223951.837
600030.SH,20050712,0.9823,1.099,0.973,1.0972,0.9989,0.09829999999999994,9.8408,397073.36,230558.214
600030.SH,20050711,1.0397,1.0545,0.9934,0.9989,1.0045,-0.005599999999999938,-0.5575,118830.47,65408.576
600030.SH,20050708,0.9823,1.0064,0.9582,1.0045,0.9971,0.007399999999999962,0.7422,128475.16,68118.425
600030.SH,20050707,0.9656,1.0064,0.9656,0.9971,0.9878,0.009299999999999975,0.9415,146011.99,78101.603
600030.SH,20050706,1.0879,1.0879,0.9878,0.9878,1.0972,-0.10939999999999994,-9.9708,393837.3,216193.336
600030.SH,20050617,1.1064,1.1176,1.0768,1.0972,1.1046,-0.007400000000000073,-0.6699,234555.74,138389.365
600030.SH,20050616,1.0805,1.1083,1.0675,1.1046,1.0823,0.022299999999999986,2.0604,258180.89,151240.658
600030.SH,20050615,1.0898,1.1213,1.062,1.0823,1.0953,-0.0129999999999999,-1.1869,344186.69,202862.667
600030.SH,20050614,1.1491,1.1657,1.0786,1.0953,1.1491,-0.05380000000000007,-4.6819,426064.86,257435.592
600030.SH,20050613,1.1491,1.1732,1.112,1.1491,1.1417,0.007400000000000073,0.6482,463331.56,285783.386
600030.SH,20050610,1.1695,1.2158,1.1268,1.1417,1.1139,0.027800000000000047,2.4957,1018239.87,642483.749
600030.SH,20050609,1.1083,1.1139,1.0823,1.1139,1.0119,0.10199999999999987,10.08,182956.97,109285.327
600030.SH,20050608,0.9656,1.0119,0.9396,1.0119,0.9193,0.09260000000000002,10.0729,253948.33,137510.885
600030.SH,20050607,0.9304,0.9489,0.9118,0.9193,0.9267,-0.007399999999999962,-0.7985,65651.88,32985.352
600030.SH,20050606,0.8915,0.9285,0.8785,0.9267,0.8915,0.03520000000000001,3.9484,48773.9,23807.641
600030.SH,20050603,0.8748,0.9174,0.8729,0.8915,0.8785,0.013000000000000012,1.4798,49813.63,24080.83
600030.SH,20050602,0.9174,0.9322,0.8674,0.8785,0.923,-0.044500000000000095,-4.8212,80699.79,38842.921
600030.SH,20050601,0.9137,0.9415,0.9081,0.923,0.923,0.0,0.0,60659.37,30293.243
600030.SH,20050531,0.9711,0.9786,0.9174,0.923,0.9693,-0.04630000000000001,-4.7766,82043.08,41726.641
600030.SH,20050530,0.9563,0.973,0.9471,0.9693,0.9582,0.011099999999999999,1.1584,36730.93,19040.979
600030.SH,20050527,0.9637,0.9952,0.9545,0.9582,0.9693,-0.011099999999999999,-1.1452,55626.77,29168.604
600030.SH,20050526,1.0101,1.0156,0.9656,0.9693,1.0101,-0.04079999999999995,-4.0392,90473.55,48049.597
600030.SH,20050525,1.0156,1.0305,1.0008,1.0101,1.0082,0.0019000000000000128,0.1885,73230.82,40076.976
600030.SH,20050524,0.9897,1.023,0.9786,1.0082,1.0008,0.007400000000000073,0.7394,100751.8,54514.646
600030.SH,20050520,0.9804,1.0286,0.9637,1.0008,0.9804,0.020399999999999863,2.0808,157116.87,85413.48
600030.SH,20050519,0.9915,0.9915,0.9563,0.9804,0.9915,-0.011099999999999999,-1.1195,65887.56,34601.014
600030.SH,20050518,0.9915,1.0064,0.9749,0.9915,0.9952,-0.0036999999999999256,-0.3718,52407.4,27917.812
600030.SH,20050517,0.973,1.0101,0.9656,0.9952,0.973,0.022199999999999998,2.2816,87937.37,47139.719
600030.SH,20050516,0.9637,0.9767,0.9563,0.973,0.9637,0.009299999999999975,0.965,45980.13,23963.822
600030.SH,20050513,0.9823,1.0082,0.9433,0.9637,0.986,-0.022299999999999986,-2.2617,96316.14,50463.003
600030.SH,20050512,0.9934,1.0193,0.9786,0.986,0.9934,-0.007399999999999962,-0.7449,86481.06,46534.704
600030.SH,20050511,1.0193,1.0323,0.9897,0.9934,1.0175,-0.02410000000000012,-2.3686,93049.82,50706.916
600030.SH,20050510,0.9693,1.0249,0.9563,1.0175,0.9693,0.04820000000000002,4.9727,160815.59,86477.989
600030.SH,20050509,0.9971,1.0267,0.9637,0.9693,0.9897,-0.020399999999999974,-2.0612,104252.41,55708.159
600030.SH,20050429,0.9823,1.0156,0.9749,0.9897,0.9952,-0.005499999999999949,-0.5527,125457.92,67598.18
600030.SH,20050428,0.9452,1.0323,0.9415,0.9952,0.9526,0.04259999999999997,4.472,221578.94,118940.662
600030.SH,20050427,0.9637,0.9823,0.9433,0.9526,0.96,-0.007399999999999962,-0.7708,159683.27,82825.706
600030.SH,20050426,0.9063,0.9971,0.8915,0.96,0.9137,0.04630000000000001,5.0673,204189.29,104480.597
600030.SH,20050425,0.8729,0.9174,0.847,0.9137,0.8729,0.04079999999999995,4.6741,78918.21,37410.121
600030.SH,20050422,0.9026,0.9211,0.8637,0.8729,0.9081,-0.03520000000000001,-3.8762,90548.92,43631.957
600030.SH,20050421,0.923,0.9378,0.8859,0.9081,0.9248,-0.016699999999999937,-1.8058,69284.07,34044.593
600030.SH,20050420,0.9211,0.9452,0.9044,0.9248,0.9489,-0.02410000000000001,-2.5398,74298.4,37376.747
600030.SH,20050419,0.9155,0.9619,0.9155,0.9489,0.9118,0.03709999999999991,4.0689,150192.94,76187.782
600030.SH,20050418,0.9267,0.9359,0.9007,0.9118,0.9378,-0.025999999999999912,-2.7724,65036.05,32146.694
600030.SH,20050415,0.9508,0.9545,0.923,0.9378,0.9656,-0.027800000000000047,-2.879,127102.53,64286.653
600030.SH,20050414,1.0119,1.0175,0.9619,0.9656,0.986,-0.020399999999999974,-2.069,336949.98,180125.232
600030.SH,20050413,0.9211,0.986,0.9174,0.986,0.897,0.08899999999999997,9.922,279783.22,147550.241
600030.SH,20050412,0.9304,0.9304,0.8915,0.897,0.9304,-0.033399999999999985,-3.5899,73723.93,35971.768
600030.SH,20050411,0.9563,0.9637,0.9267,0.9304,0.9563,-0.025900000000000034,-2.7084,101203.27,51384.563
600030.SH,20050408,0.9452,0.96,0.923,0.9563,0.9471,0.009199999999999986,0.9714,105763.36,53835.635
600030.SH,20050407,0.9211,0.9841,0.9081,0.9471,0.9193,0.027800000000000047,3.024,233140.61,119397.049
600030.SH,20050406,0.8599,0.9267,0.8377,0.9193,0.8729,0.0464,5.3156,207224.84,98381.242
600030.SH,20050405,0.8896,0.9137,0.8544,0.8729,0.8933,-0.020399999999999974,-2.2837,148213.33,71186.052
600030.SH,20050404,0.8581,0.9433,0.847,0.8933,0.8729,0.020399999999999974,2.337,297868.62,144667.296
600030.SH,20050401,0.7932,0.8729,0.7858,0.8729,0.7932,0.0797,10.0479,175612.36,79580.987
600030.SH,20050331,0.7821,0.7969,0.7728,0.7932,0.7858,0.007399999999999962,0.9417,79627.05,33694.786
600030.SH,20050330,0.7951,0.8006,0.7784,0.7858,0.7988,-0.0129999999999999,-1.6274,48803.87,20714.264
600030.SH,20050329,0.834,0.8359,0.7969,0.7988,0.8229,-0.02410000000000001,-2.9287,38049.73,16771.014
600030.SH,20050328,0.8488,0.8488,0.8062,0.8229,0.8507,-0.027800000000000047,-3.2679,37533.9,16574.499
600030.SH,20050325,0.8692,0.8692,0.8488,0.8507,0.8655,-0.014800000000000035,-1.71,29021.05,13396.648
600030.SH,20050324,0.8488,0.8711,0.8451,0.8655,0.8488,0.016700000000000048,1.9675,27995.55,12957.784
600030.SH,20050323,0.8859,0.8915,0.8433,0.8488,0.8896,-0.04079999999999995,-4.5863,54168.82,25258.263
600030.SH,20050322,0.9267,0.9267,0.8859,0.8896,0.9267,-0.03710000000000002,-4.0035,35201.6,17077.262
600030.SH,20050321,0.9341,0.9378,0.9137,0.9267,0.9285,-0.0018000000000000238,-0.1939,25009.42,12499.204
600030.SH,20050318,0.9359,0.9563,0.9267,0.9285,0.9285,0.0,0.0,30306.5,15333.598
600030.SH,20050317,0.9637,0.9637,0.9267,0.9285,0.9471,-0.01860000000000006,-1.9639,24350.05,12384.337
600030.SH,20050316,0.9545,0.9563,0.9341,0.9471,0.9545,-0.007399999999999962,-0.7753,27526.18,14019.334
600030.SH,20050315,0.9637,0.973,0.9526,0.9545,0.9582,-0.0037000000000000366,-0.3861,34509.9,17839.106
600030.SH,20050314,0.96,0.9749,0.9322,0.9582,0.96,-0.0017999999999999128,-0.1875,49336.1,25389.838
600030.SH,20050311,0.9823,0.9823,0.9489,0.96,0.9841,-0.02410000000000001,-2.4489,80317.45,41616.331
600030.SH,20050310,1.0527,1.0527,0.973,0.9841,1.0453,-0.06119999999999992,-5.8548,65709.58,35470.983
600030.SH,20050309,1.0545,1.0601,1.036,1.0453,1.0471,-0.0018000000000000238,-0.1719,45301.04,25640.046
600030.SH,20050308,1.0397,1.0564,1.0267,1.0471,1.0249,0.022199999999999998,2.1661,42687.68,23947.757
600030.SH,20050307,1.0286,1.0471,1.0212,1.0249,1.0286,-0.0037000000000000366,-0.3597,13858.99,7685.769
600030.SH,20050304,1.036,1.0397,1.0267,1.0286,1.036,-0.007400000000000073,-0.7143,17926.1,9996.345
600030.SH,20050303,1.0193,1.0471,1.0175,1.036,1.0249,0.01110000000000011,1.083,27780.71,15503.031
600030.SH,20050302,1.0453,1.0583,1.0156,1.0249,1.0471,-0.022199999999999998,-2.1201,32916.0,18414.638
600030.SH,20050301,1.0342,1.0527,1.0323,1.0471,1.0342,0.012899999999999912,1.2473,39008.2,21933.488
600030.SH,20050228,1.0416,1.0527,1.0267,1.0342,1.049,-0.014799999999999924,-1.4109,62308.97,34981.195
600030.SH,20050225,1.0675,1.0786,1.0471,1.049,1.0638,-0.014800000000000146,-1.3912,64633.64,37120.877
600030.SH,20050224,1.0564,1.0712,1.0471,1.0638,1.0638,0.0,0.0,43749.92,24964.456
600030.SH,20050223,1.0657,1.0749,1.0508,1.0638,1.0638,0.0,0.0,58201.17,33487.23
600030.SH,20050222,1.0416,1.0749,1.0249,1.0638,1.0342,0.02960000000000007,2.8621,70007.7,39923.895
600030.SH,20050221,1.0156,1.0379,1.0156,1.0342,1.0156,0.01859999999999995,1.8314,22657.66,12608.555
600030.SH,20050218,1.0249,1.0434,1.0119,1.0156,1.0267,-0.011099999999999888,-1.0811,28639.76,15821.457
600030.SH,20050217,1.0416,1.0416,1.0101,1.0267,1.036,-0.009300000000000086,-0.8977,27206.62,14979.999
600030.SH,20050216,1.0416,1.062,1.0305,1.036,1.036,0.0,0.0,58606.04,33104.898
600030.SH,20050204,0.9823,1.0453,0.9786,1.036,0.986,0.050000000000000044,5.071,86596.07,47898.042
600030.SH,20050203,1.0193,1.0249,0.9786,0.986,1.0193,-0.03330000000000011,-3.2669,90019.71,48557.075
600030.SH,20050202,0.9359,1.0193,0.9304,1.0193,0.9267,0.09260000000000013,9.9924,85554.14,45558.776
600030.SH,20050201,0.9174,0.9489,0.9137,0.9267,0.923,0.0036999999999999256,0.4009,33380.03,16770.354
600030.SH,20050131,0.9545,0.9545,0.8989,0.923,0.9786,-0.05559999999999998,-5.6816,54851.25,27337.701
600030.SH,20050128,1.0008,1.0008,0.9749,0.9786,1.0008,-0.022199999999999886,-2.2182,19594.99,10427.292
600030.SH,20050127,1.0249,1.0342,0.9971,1.0008,1.0342,-0.033400000000000096,-3.2295,22473.59,12267.139
600030.SH,20050126,1.0267,1.049,1.0156,1.0342,1.0323,0.0019000000000000128,0.1841,38676.43,21676.828
600030.SH,20050125,1.0286,1.0379,1.0119,1.0323,1.0342,-0.0019000000000000128,-0.1837,29113.04,16072.854
600030.SH,20050124,1.0564,1.0657,1.0175,1.0342,1.0175,0.016699999999999937,1.6413,64413.27,35877.378
600030.SH,20050121,0.973,1.0471,0.9582,1.0175,0.9786,0.038900000000000046,3.9751,74411.55,40663.429
600030.SH,20050120,0.9637,0.9823,0.9582,0.9786,0.973,0.005600000000000049,0.5755,22967.9,12015.768
600030.SH,20050119,0.9823,0.9823,0.9656,0.973,0.986,-0.013000000000000012,-1.3185,17357.47,9101.54
600030.SH,20050118,0.96,0.9897,0.9545,0.986,0.9823,0.0037000000000000366,0.3767,47900.04,25187.704
600030.SH,20050117,1.0564,1.0564,0.9823,0.9823,1.0916,-0.10929999999999995,-10.0128,123092.85,66358.184
600030.SH,20050114,1.1027,1.1139,1.0879,1.0916,1.1027,-0.01110000000000011,-1.0066,20428.06,12118.833
600030.SH,20050113,1.1139,1.1213,1.1009,1.1027,1.1176,-0.014899999999999913,-1.3332,25110.04,14998.68
600030.SH,20050112,1.1287,1.1287,1.1101,1.1176,1.1287,-0.01110000000000011,-0.9834,18428.14,11100.465
600030.SH,20050111,1.1231,1.1305,1.1139,1.1287,1.1231,0.005600000000000049,0.4986,23854.09,14454.644
600030.SH,20050110,1.112,1.125,1.0749,1.1231,1.1101,0.0129999999999999,1.1711,33158.56,19933.353
600030.SH,20050107,1.1157,1.1213,1.1027,1.1101,1.1083,0.0018000000000000238,0.1624,32417.24,19462.855
600030.SH,20050106,1.1213,1.125,1.1009,1.1083,1.1064,0.0019000000000000128,0.1717,40002.29,24045.049
600030.SH,20050105,1.0842,1.1176,1.0731,1.1064,1.0861,0.020299999999999985,1.8691,24365.41,14427.398
600030.SH,20050104,1.0916,1.0935,1.0527,1.0861,1.0953,-0.009199999999999875,-0.84,25752.76,15002.777
600030.SH,20041231,1.0898,1.1027,1.0879,1.0953,1.0916,0.0037000000000000366,0.339,18905.88,11179.475
600030.SH,20041230,1.112,1.1157,1.0842,1.0916,1.0935,-0.0019000000000000128,-0.1738,43863.9,26051.017
600030.SH,20041229,1.1083,1.1139,1.0916,1.0935,1.1083,-0.014800000000000146,-1.3354,20122.18,11961.884
600030.SH,20041228,1.0935,1.1083,1.0879,1.1083,1.0935,0.014800000000000146,1.3535,20611.79,12196.873
600030.SH,20041227,1.1139,1.1213,1.0842,1.0935,1.1139,-0.020399999999999974,-1.8314,33899.8,20107.387
600030.SH,20041224,1.1176,1.1287,1.1083,1.1139,1.1231,-0.009200000000000097,-0.8192,54242.19,32633.882
600030.SH,20041223,1.1583,1.1583,1.1176,1.1231,1.1583,-0.03520000000000012,-3.0389,43140.63,26538.695
600030.SH,20041222,1.1287,1.1583,1.1213,1.1583,1.1231,0.03520000000000012,3.1342,57283.44,35370.468
600030.SH,20041221,1.1213,1.1417,1.112,1.1231,1.1176,0.00550000000000006,0.4921,30476.62,18527.187
600030.SH,20041220,1.1157,1.125,1.1046,1.1176,1.125,-0.007400000000000073,-0.6578,29547.24,17768.007
600030.SH,20041217,1.1398,1.1509,1.1231,1.125,1.1417,-0.016699999999999937,-1.4627,20502.82,12523.74
600030.SH,20041216,1.1361,1.1657,1.1176,1.1417,1.1379,0.0038000000000000256,0.3339,40375.12,24900.203
600030.SH,20041215,1.1583,1.1583,1.1101,1.1379,1.1491,-0.011200000000000099,-0.9747,39150.56,23845.201
600030.SH,20041214,1.1491,1.1639,1.1454,1.1491,1.1491,0.0,0.0,15105.62,9398.038
600030.SH,20041213,1.1787,1.1861,1.1454,1.1491,1.1824,-0.033299999999999885,-2.8163,28876.55,18078.234
600030.SH,20041210,1.2232,1.2288,1.1787,1.1824,1.2232,-0.04080000000000017,-3.3355,26492.31,17106.094
600030.SH,20041209,1.2065,1.2566,1.1824,1.2232,1.2065,0.01670000000000016,1.3842,40503.48,26647.576
600030.SH,20041208,1.2232,1.2362,1.2047,1.2065,1.2084,-0.0019000000000000128,-0.1572,16764.71,10970.431
600030.SH,20041207,1.2269,1.2417,1.2065,1.2084,1.2325,-0.02410000000000001,-1.9554,22223.01,14637.648
600030.SH,20041206,1.2325,1.2417,1.2084,1.2325,1.238,-0.00550000000000006,-0.4443,27560.15,18268.072
600030.SH,20041203,1.2232,1.251,1.2195,1.238,1.2325,0.00550000000000006,0.4462,33792.22,22571.088
600030.SH,20041202,1.2584,1.2603,1.2047,1.2325,1.2584,-0.025900000000000034,-2.0582,72911.41,48115.322
600030.SH,20041201,1.264,1.277,1.2547,1.2584,1.264,-0.005600000000000049,-0.443,17987.98,12275.482
600030.SH,20041130,1.2695,1.2844,1.2547,1.264,1.2695,-0.00550000000000006,-0.4332,32311.88,22086.045
600030.SH,20041129,1.3214,1.3251,1.2621,1.2695,1.3251,-0.05559999999999987,-4.1959,48374.55,33747.839
600030.SH,20041126,1.3363,1.3455,1.3214,1.3251,1.3437,-0.01859999999999995,-1.3842,36328.51,26133.364
600030.SH,20041125,1.314,1.3585,1.3085,1.3437,1.3103,0.033399999999999874,2.549,113064.75,81522.884
600030.SH,20041124,1.3122,1.3214,1.3048,1.3103,1.3103,0.0,0.0,51350.66,36316.33
600030.SH,20041123,1.3251,1.3326,1.3066,1.3103,1.3251,-0.014799999999999924,-1.1169,44756.48,31819.851
600030.SH,20041122,1.3511,1.3511,1.3196,1.3251,1.3455,-0.020399999999999974,-1.5162,45357.83,32601.085
600030.SH,20041119,1.3177,1.3492,1.3122,1.3455,1.3159,0.02959999999999985,2.2494,56088.12,40300.602
600030.SH,20041118,1.3048,1.3233,1.3048,1.3159,1.3122,0.0037000000000000366,0.282,25357.99,18011.958
600030.SH,20041117,1.3251,1.3251,1.301,1.3122,1.3251,-0.012899999999999912,-0.9735,35201.31,24902.675
600030.SH,20041116,1.3529,1.3548,1.3196,1.3251,1.3437,-0.01859999999999995,-1.3842,39912.27,28712.113
600030.SH,20041115,1.3344,1.3529,1.327,1.3437,1.3288,0.014899999999999913,1.1213,36858.05,26658.971
600030.SH,20041112,1.3288,1.3529,1.3177,1.3288,1.3288,0.0,0.0,58205.14,41820.041
600030.SH,20041111,1.3548,1.377,1.3288,1.3288,1.3437,-0.014899999999999913,-1.1089,138570.56,101220.265
600030.SH,20041110,1.3066,1.3641,1.2862,1.3437,1.2918,0.051899999999999835,4.0176,119304.33,85992.106
600030.SH,20041109,1.2936,1.3122,1.2825,1.2918,1.2825,0.009300000000000086,0.7251,41483.19,29041.401
600030.SH,20041108,1.2621,1.2862,1.2473,1.2825,1.2621,0.020399999999999974,1.6164,24292.67,16605.696
600030.SH,20041105,1.301,1.3233,1.2491,1.2621,1.2417,0.020399999999999974,1.6429,81424.54,56477.752
600030.SH,20041104,1.2788,1.2899,1.238,1.2417,1.2862,-0.044499999999999984,-3.4598,39125.72,26666.296
600030.SH,20041103,1.2603,1.2899,1.2454,1.2862,1.2584,0.027800000000000047,2.2092,39030.93,26742.045
600030.SH,20041102,1.2417,1.2621,1.2288,1.2584,1.2436,0.014799999999999924,1.1901,30327.58,20462.978
600030.SH,20041101,1.2603,1.2788,1.2343,1.2436,1.2658,-0.022199999999999998,-1.7538,50313.7,33970.256
600030.SH,20041029,1.2881,1.3048,1.2566,1.2658,1.327,-0.06119999999999992,-4.6119,82028.78,56635.749
600030.SH,20041028,1.3214,1.3492,1.2918,1.327,1.3196,0.007399999999999851,0.5608,102006.93,72533.974
600030.SH,20041027,1.3085,1.3344,1.2918,1.3196,1.3159,0.0037000000000000366,0.2812,68441.96,48516.246
600030.SH,20041026,1.3159,1.3251,1.2695,1.3159,1.3251,-0.009199999999999875,-0.6943,70090.88,49198.317
600030.SH,20041025,1.3529,1.3641,1.3122,1.3251,1.3344,-0.009300000000000086,-0.6969,97416.44,70342.902
600030.SH,20041022,1.3029,1.3511,1.2992,1.3344,1.314,0.020399999999999974,1.5525,139987.03,100591.645
600030.SH,20041021,1.3288,1.3307,1.2714,1.314,1.2825,0.031500000000000083,2.4561,141056.68,99391.956
600030.SH,20041020,1.2899,1.2936,1.2658,1.2825,1.2992,-0.016699999999999937,-1.2854,62227.6,42857.991
600030.SH,20041019,1.3066,1.3659,1.2844,1.2992,1.2417,0.057499999999999885,4.6307,227669.71,163385.294
600030.SH,20041018,1.2417,1.2658,1.2288,1.2417,1.238,0.0037000000000000366,0.2989,30984.04,20827.256
600030.SH,20041015,1.238,1.2584,1.2176,1.238,1.2417,-0.0037000000000000366,-0.298,48737.72,32561.019
600030.SH,20041014,1.3214,1.3214,1.2362,1.2417,1.3344,-0.0927,-6.9469,95680.76,66109.306
600030.SH,20041013,1.2881,1.3585,1.2844,1.3344,1.2658,0.0686,5.4195,228171.85,164215.046
600030.SH,20041012,1.2751,1.3066,1.2566,1.2658,1.2807,-0.014899999999999913,-1.1634,81727.65,56636.252
600030.SH,20041011,1.2788,1.301,1.2417,1.2807,1.2807,0.0,0.0,104050.83,71272.451
600030.SH,20041008,1.2566,1.2825,1.1973,1.2807,1.2547,0.026000000000000023,2.0722,79832.49,53008.183
600030.SH,20040930,1.3066,1.314,1.2417,1.2547,1.2992,-0.044499999999999984,-3.4252,76507.21,52112.442
600030.SH,20040929,1.2973,1.3251,1.2936,1.2992,1.2992,0.0,0.0,39646.09,27949.023
600030.SH,20040928,1.3307,1.3418,1.2862,1.2992,1.327,-0.027800000000000047,-2.095,84104.14,59240.846
600030.SH,20040927,1.3715,1.3789,1.3214,1.327,1.3344,-0.007400000000000073,-0.5546,65276.86,47330.995
600030.SH,20040924,1.3863,1.4271,1.3326,1.3344,1.3715,-0.03709999999999991,-2.7051,236677.76,177236.899
600030.SH,20040923,1.3214,1.3752,1.3103,1.3715,1.327,0.044499999999999984,3.3534,101486.59,73205.385
600030.SH,20040922,1.3492,1.377,1.3159,1.327,1.3566,-0.02960000000000007,-2.1819,132264.47,95667.47
600030.SH,20040921,1.3863,1.39,1.3455,1.3566,1.3807,-0.02410000000000001,-1.7455,157381.61,115625.543
600030.SH,20040920,1.3437,1.3807,1.3418,1.3807,1.3233,0.05740000000000012,4.3376,266931.88,196252.465
600030.SH,20040917,1.3159,1.3437,1.2899,1.3233,1.2973,0.026000000000000023,2.0042,293417.97,208671.525
600030.SH,20040916,1.3066,1.3159,1.2788,1.2973,1.2955,0.0017999999999998018,0.1389,142592.65,99533.63
600030.SH,20040915,1.2325,1.3418,1.2102,1.2955,1.2454,0.05010000000000003,4.0228,362851.04,251165.426
600030.SH,20040914,1.2195,1.2529,1.2121,1.2454,1.2028,0.04259999999999997,3.5417,222278.43,147861.455
600030.SH,20040913,1.1787,1.2195,1.1713,1.2028,1.1935,0.009300000000000086,0.7792,66666.32,43040.839
600030.SH,20040910,1.1713,1.1973,1.1676,1.1935,1.1787,0.014799999999999924,1.2556,57752.41,36981.132
600030.SH,20040909,1.2158,1.2195,1.1713,1.1787,1.2232,-0.044499999999999984,-3.638,103913.7,66543.461
600030.SH,20040908,1.238,1.2399,1.2084,1.2232,1.2343,-0.011099999999999888,-0.8993,57874.78,38217.601
600030.SH,20040907,1.1973,1.2362,1.1954,1.2343,1.1991,0.0351999999999999,2.9355,140453.38,92672.049
600030.SH,20040906,1.2288,1.2325,1.1843,1.1991,1.2325,-0.033399999999999874,-2.7099,170383.3,110476.012
600030.SH,20040903,1.2417,1.264,1.2288,1.2325,1.2473,-0.014800000000000146,-1.1866,139549.16,93507.749
600030.SH,20040902,1.2102,1.2695,1.1769,1.2473,1.2047,0.04259999999999997,3.5362,257372.43,169745.874
600030.SH,20040901,1.188,1.2362,1.1639,1.2047,1.1954,0.009300000000000086,0.778,184121.67,119735.902
600030.SH,20040831,1.1676,1.2084,1.1583,1.1954,1.1417,0.05370000000000008,4.7035,191092.86,121919.176
600030.SH,20040830,1.1027,1.175,1.0935,1.1417,1.1046,0.03709999999999991,3.3587,60576.28,37467.721
600030.SH,20040827,1.125,1.1342,1.1027,1.1046,1.1194,-0.014799999999999924,-1.3221,18522.05,11115.716
600030.SH,20040826,1.1064,1.1342,1.0749,1.1194,1.1194,0.0,0.0,11355.1,6869.611
600030.SH,20040825,1.1398,1.1398,1.1157,1.1194,1.1417,-0.022299999999999986,-1.9532,19969.93,12133.495
600030.SH,20040824,1.1101,1.1472,1.1046,1.1417,1.1101,0.03159999999999985,2.8466,37670.48,23003.893
600030.SH,20040823,1.112,1.1194,1.0935,1.1101,1.112,-0.0019000000000000128,-0.1709,20667.03,12379.513
600030.SH,20040820,1.1213,1.1361,1.0879,1.112,1.1287,-0.016699999999999937,-1.4796,44052.86,26390.959
600030.SH,20040819,1.1602,1.1639,1.112,1.1287,1.1509,-0.022199999999999998,-1.9289,45668.5,27788.701
600030.SH,20040818,1.1417,1.1657,1.1417,1.1509,1.1472,0.0037000000000000366,0.3225,35876.5,22373.302
600030.SH,20040817,1.1454,1.1676,1.1268,1.1472,1.1231,0.02410000000000001,2.1458,66932.98,41573.43
600030.SH,20040816,1.1231,1.1342,1.1101,1.1231,1.1324,-0.009300000000000086,-0.8213,28219.66,17114.219
600030.SH,20040813,1.1305,1.1824,1.1287,1.1324,1.1176,0.014800000000000146,1.3243,120359.76,75253.23
600030.SH,20040812,1.1268,1.1268,1.1027,1.1176,1.1305,-0.012900000000000134,-1.1411,36506.43,21851.748
600030.SH,20040811,1.1324,1.1398,1.1231,1.1305,1.1305,0.0,0.0,34219.2,20898.83
600030.SH,20040810,1.1139,1.1342,1.112,1.1305,1.1064,0.02410000000000001,2.1782,41077.59,24971.99
600030.SH,20040809,1.1139,1.1194,1.0916,1.1064,1.1176,-0.011199999999999877,-1.0021,22681.95,13554.79
600030.SH,20040806,1.1194,1.1379,1.0953,1.1176,1.1213,-0.0037000000000000366,-0.33,26490.33,15933.283
600030.SH,20040805,1.1231,1.1769,1.1194,1.1213,1.1305,-0.009200000000000097,-0.8138,57749.24,35676.202
600030.SH,20040804,1.0861,1.1861,1.0749,1.1305,1.0861,0.044399999999999995,4.088,82392.93,50285.856
600030.SH,20040803,1.0935,1.1101,1.0749,1.0861,1.0935,-0.007399999999999851,-0.6767,20894.62,12341.031
600030.SH,20040802,1.0935,1.1083,1.0694,1.0935,1.112,-0.018500000000000183,-1.6637,24240.03,14186.915
600030.SH,20040730,1.1268,1.1305,1.1046,1.112,1.1213,-0.009299999999999864,-0.8294,41469.93,25018.885
600030.SH,20040729,1.1064,1.1287,1.0898,1.1213,1.112,0.009299999999999864,0.8363,76966.73,46280.911
600030.SH,20040728,1.1787,1.1861,1.0731,1.112,1.1787,-0.06669999999999998,-5.6588,169084.31,101297.321
600030.SH,20040727,1.251,1.2584,1.1509,1.1787,1.2417,-0.06299999999999994,-5.0737,76223.04,48960.796
600030.SH,20040726,1.2603,1.2603,1.2399,1.2417,1.2714,-0.02970000000000006,-2.336,19623.99,13176.702
600030.SH,20040723,1.2584,1.2751,1.2454,1.2714,1.2603,0.01110000000000011,0.8807,23391.29,15875.423
600030.SH,20040722,1.3066,1.3122,1.2584,1.2603,1.3066,-0.04630000000000001,-3.5435,37316.49,25704.242
600030.SH,20040721,1.3159,1.327,1.301,1.3066,1.3177,-0.01110000000000011,-0.8424,27347.4,19352.198
600030.SH,20040720,1.3029,1.3177,1.2844,1.3177,1.2955,0.022199999999999998,1.7136,34243.59,24026.601
600030.SH,20040719,1.301,1.3103,1.2844,1.2955,1.301,-0.005499999999999838,-0.4228,71611.12,50158.064
600030.SH,20040716,1.2491,1.3122,1.2436,1.301,1.2491,0.051899999999999835,4.155,150161.98,104766.642
600030.SH,20040715,1.2566,1.2695,1.2306,1.2491,1.2603,-0.011199999999999877,-0.8887,37629.59,25374.551
600030.SH,20040714,1.2566,1.2751,1.2325,1.2603,1.2547,0.005600000000000049,0.4463,46528.29,31339.387
600030.SH,20040713,1.2695,1.2862,1.2343,1.2547,1.2899,-0.03520000000000012,-2.7289,48807.23,33202.513
600030.SH,20040712,1.3344,1.3363,1.2343,1.2899,1.3715,-0.0815999999999999,-5.9497,167410.13,115903.354
600030.SH,20040709,1.3678,1.4048,1.3659,1.3715,1.3622,0.009299999999999864,0.6827,89235.51,66663.599
600030.SH,20040708,1.3529,1.3622,1.3344,1.3622,1.3492,0.013000000000000123,0.9635,28678.66,20879.34
600030.SH,20040707,1.3566,1.3622,1.3381,1.3492,1.3641,-0.014900000000000135,-1.0923,28150.48,20452.792
600030.SH,20040706,1.3622,1.3919,1.3511,1.3641,1.3548,0.009300000000000086,0.6864,73375.27,54431.299
600030.SH,20040705,1.3418,1.3566,1.3344,1.3548,1.3437,0.01110000000000011,0.8261,33105.05,24042.536
600030.SH,20040702,1.3474,1.3641,1.3307,1.3437,1.3474,-0.0037000000000000366,-0.2746,51267.55,37270.277
600030.SH,20040701,1.2899,1.3585,1.2844,1.3474,1.2899,0.057499999999999885,4.4577,103606.83,74544.357
600030.SH,20040630,1.2973,1.3233,1.2788,1.2899,1.3048,-0.014899999999999913,-1.1419,47523.48,33464.71
600030.SH,20040629,1.2677,1.3159,1.2232,1.3048,1.2677,0.03709999999999991,2.9266,75197.03,51529.321
600030.SH,20040628,1.3159,1.3363,1.2584,1.2677,1.327,-0.05929999999999991,-4.4687,75653.78,52986.047
600030.SH,20040625,1.3288,1.4048,1.3048,1.327,1.3288,-0.0018000000000000238,-0.1355,68758.58,50401.657
600030.SH,20040624,1.34,1.3548,1.3251,1.3288,1.34,-0.011200000000000099,-0.8358,27641.16,19928.89
600030.SH,20040623,1.3288,1.3474,1.3177,1.34,1.3326,0.007400000000000073,0.5553,47796.6,34431.458
600030.SH,20040622,1.301,1.3492,1.2881,1.3326,1.2936,0.038999999999999924,3.0148,88454.2,63283.783
600030.SH,20040621,1.3251,1.3307,1.264,1.2936,1.3307,-0.03709999999999991,-2.788,87917.77,61029.965
600030.SH,20040618,1.3251,1.3622,1.3085,1.3307,1.3251,0.005600000000000049,0.4226,66962.89,48118.531
600030.SH,20040617,1.3585,1.3696,1.3214,1.3251,1.3585,-0.033400000000000096,-2.4586,54154.5,39253.46
600030.SH,20040616,1.3492,1.4178,1.327,1.3585,1.3733,-0.014799999999999924,-1.0777,165103.59,121990.348
600030.SH,20040615,1.2473,1.3863,1.2417,1.3733,1.2603,0.11299999999999999,8.9661,183409.22,134043.545
600030.SH,20040614,1.2973,1.2973,1.2232,1.2603,1.2881,-0.027800000000000047,-2.1582,61953.87,41736.062
600030.SH,20040611,1.3251,1.3529,1.2862,1.2881,1.3066,-0.01849999999999996,-1.4159,34101.99,24322.946
600030.SH,20040610,1.2951,1.3189,1.286,1.3061,1.297,0.009100000000000108,0.7016,30736.59,21970.318
600030.SH,20040609,1.3097,1.328,1.2933,1.297,1.3116,-0.014600000000000168,-1.1131,31243.31,22452.018
600030.SH,20040608,1.3681,1.3681,1.297,1.3116,1.3553,-0.04369999999999985,-3.2244,63991.47,46723.859
600030.SH,20040607,1.3864,1.3991,1.3499,1.3553,1.4064,-0.051100000000000145,-3.6334,50936.73,38325.069
600030.SH,20040604,1.39,1.4064,1.3718,1.4064,1.3937,0.012700000000000156,0.9112,52499.46,40134.367
600030.SH,20040603,1.4228,1.4265,1.3845,1.3937,1.4228,-0.029100000000000126,-2.0453,40606.89,31081.813
600030.SH,20040602,1.4374,1.4484,1.4155,1.4228,1.4374,-0.014599999999999946,-1.0157,57203.73,44755.627
600030.SH,20040601,1.421,1.4447,1.3955,1.4374,1.421,0.01639999999999997,1.1541,97675.4,76412.284
600030.SH,20040531,1.39,1.4228,1.3845,1.421,1.3864,0.034599999999999964,2.4957,57759.76,44434.786
600030.SH,20040528,1.4082,1.432,1.3772,1.3864,1.4082,-0.02179999999999982,-1.5481,85765.4,66100.2
600030.SH,20040527,1.3718,1.4174,1.3553,1.4082,1.3699,0.0383,2.7958,67704.42,51795.76
600030.SH,20040526,1.3426,1.3699,1.3316,1.3699,1.3426,0.02729999999999988,2.0334,28530.21,21191.869
600030.SH,20040525,1.3681,1.3772,1.3298,1.3426,1.3681,-0.025500000000000078,-1.8639,35007.48,25827.101
600030.SH,20040524,1.4101,1.4174,1.3499,1.3681,1.4064,-0.0383,-2.7233,32142.31,24419.274
600030.SH,20040521,1.4082,1.4247,1.3973,1.4064,1.4082,-0.0017999999999998018,-0.1278,29357.28,22649.62
600030.SH,20040520,1.4046,1.4356,1.3955,1.4082,1.4046,0.0035999999999998256,0.2563,38527.12,29927.895
600030.SH,20040519,1.4009,1.4356,1.3882,1.4046,1.3991,0.00550000000000006,0.3931,85387.7,66336.485
600030.SH,20040518,1.3626,1.4028,1.3371,1.3991,1.3754,0.023700000000000054,1.7231,43288.96,32314.155
600030.SH,20040517,1.3462,1.3918,1.3408,1.3754,1.3517,0.023700000000000054,1.7533,33904.36,25478.289
600030.SH,20040514,1.3991,1.4009,1.3426,1.3517,1.3973,-0.045600000000000085,-3.2634,30982.9,23104.705
600030.SH,20040513,1.4082,1.4137,1.3845,1.3973,1.4082,-0.01089999999999991,-0.774,30604.21,23405.645
600030.SH,20040512,1.359,1.4137,1.3462,1.4082,1.3572,0.050999999999999934,3.7577,52488.22,40049.679
600030.SH,20040511,1.3225,1.3681,1.3225,1.3572,1.328,0.029199999999999893,2.1988,24476.21,18072.753
600030.SH,20040510,1.4046,1.4174,1.3207,1.328,1.4046,-0.0766,-5.4535,33112.93,24592.988
600030.SH,20040430,1.3864,1.4301,1.3864,1.4046,1.3864,0.018199999999999994,1.3128,57514.46,44402.393
600030.SH,20040429,1.3882,1.432,1.3718,1.3864,1.4301,-0.04369999999999985,-3.0557,61015.82,46655.691
600030.SH,20040427,1.4958,1.5086,1.4283,1.4301,1.4922,-0.062100000000000044,-4.1616,64345.78,51495.298
600030.SH,20040426,1.5323,1.5359,1.4885,1.4922,1.5159,-0.023700000000000054,-1.5634,30295.09,25042.845
600030.SH,20040423,1.5396,1.5505,1.5104,1.5159,1.5633,-0.04739999999999989,-3.032,34703.77,28991.666
600030.SH,20040422,1.5432,1.5779,1.5359,1.5633,1.5396,0.023699999999999832,1.5394,48026.14,40924.404
600030.SH,20040421,1.5451,1.5706,1.5286,1.5396,1.5323,0.007300000000000084,0.4764,37206.63,31653.993
600030.SH,20040420,1.5469,1.5524,1.5104,1.5323,1.5323,0.0,0.0,36179.59,30352.447
600030.SH,20040419,1.5925,1.5998,1.5213,1.5323,1.5834,-0.05109999999999992,-3.2272,43489.11,36939.658
600030.SH,20040416,1.5779,1.6107,1.5505,1.5834,1.5761,0.007299999999999862,0.4632,52463.08,45495.061
600030.SH,20040415,1.6053,1.6326,1.5651,1.5761,1.6089,-0.03279999999999994,-2.0387,47540.55,41560.267
600030.SH,20040414,1.6691,1.6691,1.5998,1.6089,1.6545,-0.045600000000000085,-2.7561,46273.4,41175.828
600030.SH,20040413,1.6819,1.6965,1.6381,1.6545,1.6472,0.007300000000000084,0.4432,42277.55,38435.629
600030.SH,20040412,1.66,1.68,1.6326,1.6472,1.6819,-0.03469999999999995,-2.0631,50871.64,46071.419
600030.SH,20040409,1.7475,1.7567,1.6727,1.6819,1.7475,-0.0656000000000001,-3.7539,84190.03,78413.282
600030.SH,20040408,1.7731,1.784,1.7329,1.7475,1.7767,-0.029199999999999893,-1.6435,61868.76,59452.378
600030.SH,20040407,1.784,1.7968,1.7694,1.7767,1.7804,-0.0037000000000000366,-0.2078,76332.81,74584.542
600030.SH,20040406,1.722,1.7877,1.7165,1.7804,1.7256,0.05479999999999996,3.1757,95927.99,92719.402
600030.SH,20040405,1.753,1.753,1.722,1.7256,1.753,-0.02739999999999987,-1.563,51382.27,48827.099
600030.SH,20040402,1.7475,1.7585,1.7402,1.753,1.7421,0.01089999999999991,0.6257,48505.59,46494.487
600030.SH,20040401,1.7001,1.7548,1.6965,1.7421,1.7001,0.04200000000000004,2.4704,74164.09,70450.398
600030.SH,20040331,1.6892,1.7092,1.6709,1.7001,1.6892,0.01089999999999991,0.6453,41169.01,38246.087
600030.SH,20040330,1.6928,1.6946,1.6691,1.6892,1.6673,0.02190000000000003,1.3135,34623.28,31884.389
600030.SH,20040329,1.7348,1.7567,1.6618,1.6673,1.7348,-0.0674999999999999,-3.8909,118096.76,109426.864
600030.SH,20040326,1.7512,1.7731,1.7202,1.7348,1.7475,-0.012700000000000156,-0.7268,42854.06,40703.41
600030.SH,20040325,1.7421,1.784,1.7402,1.7475,1.7457,0.0018000000000000238,0.1031,40492.45,39004.222
600030.SH,20040324,1.7676,1.7877,1.7329,1.7457,1.7658,-0.020100000000000007,-1.1383,48413.71,46733.059
600030.SH,20040323,1.8023,1.8023,1.7512,1.7658,1.795,-0.029199999999999893,-1.6267,59317.28,57552.841
600030.SH,20040322,1.7694,1.8059,1.7603,1.795,1.7621,0.03289999999999993,1.8671,78789.24,77343.686
600030.SH,20040319,1.7329,1.7713,1.7256,1.7621,1.7238,0.0383,2.2218,57398.79,55022.951
600030.SH,20040318,1.7767,1.7913,1.7184,1.7238,1.7767,-0.05289999999999995,-2.9774,56682.21,54491.681
600030.SH,20040317,1.7676,1.7986,1.7384,1.7767,1.7676,0.009099999999999886,0.5148,64370.59,62283.557
600030.SH,20040316,1.7676,1.784,1.7475,1.7676,1.7676,0.0,0.0,76365.78,74032.319
600030.SH,20040315,1.7074,1.784,1.7001,1.7676,1.7092,0.05840000000000001,3.4168,122188.34,117172.299
600030.SH,20040312,1.7074,1.7147,1.6691,1.7092,1.7074,0.0018000000000000238,0.1054,77214.81,71762.021
600030.SH,20040311,1.7074,1.7184,1.6746,1.7074,1.7038,0.0036000000000000476,0.2113,63011.16,58801.453
600030.SH,20040310,1.6381,1.7056,1.6381,1.7038,1.6399,0.06390000000000007,3.8966,50625.04,46665.347
600030.SH,20040309,1.6344,1.6873,1.6308,1.6399,1.6344,0.005499999999999838,0.3365,63102.06,57390.94
600030.SH,20040308,1.7074,1.7092,1.6198,1.6344,1.7074,-0.07299999999999995,-4.2755,106712.94,97006.43
600030.SH,20040305,1.7184,1.7293,1.6965,1.7074,1.7111,-0.0037000000000000366,-0.2162,43768.31,40992.089
600030.SH,20040304,1.7238,1.7421,1.6855,1.7111,1.7311,-0.020000000000000018,-1.1553,93057.8,87024.922
600030.SH,20040303,1.7968,1.8023,1.7238,1.7311,1.8004,-0.06929999999999992,-3.8491,90818.17,87396.729
600030.SH,20040302,1.8205,1.8752,1.7968,1.8004,1.784,0.01639999999999997,0.9193,144801.98,144617.886
600030.SH,20040301,1.784,1.7877,1.7348,1.784,1.784,0.0,0.0,70116.21,67457.986
600030.SH,20040227,1.7512,1.7913,1.7384,1.784,1.7475,0.03649999999999998,2.0887,75877.14,73781.817
600030.SH,20040226,1.7329,1.7676,1.7129,1.7475,1.7402,0.007300000000000084,0.4195,76947.84,73117.454
600030.SH,20040225,1.7749,1.815,1.7329,1.7402,1.7713,-0.031100000000000128,-1.7558,82673.27,80423.363
600030.SH,20040224,1.7877,1.815,1.7366,1.7713,1.7913,-0.019999999999999796,-1.1165,113679.44,110182.788
600030.SH,20040223,1.8807,1.8971,1.7877,1.7913,1.8771,-0.0858000000000001,-4.5709,182763.14,181955.621
600030.SH,20040220,1.8843,1.9117,1.8698,1.8771,1.8698,0.007300000000000084,0.3904,147601.89,152791.914
600030.SH,20040219,1.8479,1.8935,1.8278,1.8698,1.8479,0.02189999999999981,1.1851,122579.41,125314.483
600030.SH,20040218,1.8679,1.8698,1.8205,1.8479,1.8679,-0.019999999999999796,-1.0707,153937.54,155106.815
600030.SH,20040217,1.8698,1.8789,1.8424,1.8679,1.8661,0.0017999999999998018,0.0965,125553.2,127902.036
600030.SH,20040216,1.7913,1.8679,1.7877,1.8661,1.7913,0.0748000000000002,4.1757,165818.43,166367.05
600030.SH,20040213,1.8169,1.8424,1.7877,1.7913,1.8169,-0.025600000000000067,-1.409,192806.01,192203.037
600030.SH,20040212,1.8807,1.9117,1.8132,1.8169,1.8771,-0.06020000000000003,-3.2071,200446.62,203965.669
600030.SH,20040211,1.8789,1.9172,1.8442,1.8771,1.8661,0.010999999999999899,0.5895,202461.78,209044.92
600030.SH,20040210,1.9336,1.9445,1.8588,1.8661,1.93,-0.06389999999999985,-3.3109,223497.12,231546.05
600030.SH,20040209,1.8716,1.9464,1.8424,1.93,1.8698,0.06020000000000003,3.2196,265897.58,277130.527
600030.SH,20040206,1.8606,1.9208,1.8333,1.8698,1.8807,-0.010900000000000132,-0.5796,339879.56,350040.484
600030.SH,20040205,1.7329,1.9008,1.7329,1.8807,1.7275,0.1532,8.8683,724308.34,738812.532
600030.SH,20040204,1.6965,1.753,1.6837,1.7275,1.6928,0.03469999999999995,2.0499,326856.76,310649.132
600030.SH,20040203,1.7329,1.7603,1.6746,1.6928,1.6618,0.03100000000000014,1.8654,720408.87,677079.128
600030.SH,20040202,1.6618,1.6618,1.6071,1.6618,1.5104,0.15139999999999998,10.0238,997316.99,905903.681
600030.SH,20040130,1.5414,1.5669,1.4976,1.5104,1.5688,-0.05840000000000001,-3.7226,86541.74,72580.302
600030.SH,20040129,1.587,1.587,1.5213,1.5688,1.5086,0.06020000000000003,3.9905,139335.59,118703.376
600030.SH,20040116,1.4922,1.5213,1.4593,1.5086,1.494,0.014599999999999946,0.9772,77435.42,63690.14
600030.SH,20040115,1.4903,1.525,1.4812,1.494,1.4903,0.0037000000000000366,0.2483,85934.09,70810.671
600030.SH,20040114,1.5268,1.5268,1.4867,1.4903,1.5286,-0.0383,-2.5056,101835.11,83942.327
600030.SH,20040113,1.5542,1.5779,1.514,1.5286,1.5542,-0.025600000000000067,-1.6471,115846.87,98264.408
600030.SH,20040112,1.5086,1.5596,1.4995,1.5542,1.514,0.040200000000000014,2.6552,113274.51,94948.679
600030.SH,20040109,1.5815,1.6053,1.5086,1.514,1.5815,-0.0674999999999999,-4.2681,214430.92,182876.807
600030.SH,20040108,1.5907,1.6016,1.5596,1.5815,1.5779,0.0035999999999998256,0.2282,147141.29,127418.878
600030.SH,20040107,1.5286,1.6053,1.5195,1.5779,1.5286,0.04930000000000012,3.2252,215269.88,184221.305
600030.SH,20040106,1.5177,1.5761,1.5104,1.5286,1.5086,0.020000000000000018,1.3257,343743.31,290397.222
600030.SH,20040105,1.4593,1.5396,1.4538,1.5086,1.4557,0.05289999999999995,3.634,232219.87,190687.215
600030.SH,20040102,1.4247,1.4757,1.4247,1.4557,1.4247,0.030999999999999917,2.1759,135653.69,108416.114
600030.SH,20031231,1.432,1.4684,1.421,1.4247,1.4228,0.0019000000000000128,0.1335,159841.03,126792.775
600030.SH,20031230,1.4009,1.4374,1.4009,1.4228,1.4009,0.02190000000000003,1.5633,76908.4,59832.394
600030.SH,20031229,1.4137,1.4447,1.4009,1.4009,1.4174,-0.01649999999999996,-1.1641,116667.25,90898.135
600030.SH,20031226,1.4192,1.4338,1.4028,1.4174,1.4192,-0.0018000000000000238,-0.1268,87559.97,68011.557
600030.SH,20031225,1.4411,1.4484,1.4046,1.4192,1.4393,-0.020100000000000007,-1.3965,148126.82,115594.636
600030.SH,20031224,1.4137,1.452,1.4101,1.4393,1.4028,0.03649999999999998,2.6019,201930.25,158591.358
600030.SH,20031223,1.4046,1.4301,1.3791,1.4028,1.3991,0.0037000000000000366,0.2645,208688.81,161283.872
600030.SH,20031222,1.3316,1.4046,1.3225,1.3991,1.3316,0.06750000000000012,5.0691,259902.19,194817.1
600030.SH,20031219,1.3499,1.3772,1.3225,1.3316,1.3243,0.007299999999999862,0.5512,121732.04,89727.26
600030.SH,20031218,1.3134,1.3335,1.2988,1.3243,1.3207,0.0036000000000000476,0.2726,49375.02,35602.205
600030.SH,20031217,1.3517,1.359,1.317,1.3207,1.3517,-0.030999999999999917,-2.2934,76140.24,55890.871
600030.SH,20031216,1.3772,1.3845,1.3316,1.3517,1.3681,-0.016400000000000192,-1.1987,69638.59,51394.008
600030.SH,20031215,1.3626,1.3827,1.359,1.3681,1.3608,0.007300000000000084,0.5364,57969.37,43564.195
600030.SH,20031212,1.3608,1.3772,1.3426,1.3608,1.3608,0.0,0.0,76184.51,56841.868
600030.SH,20031211,1.3699,1.39,1.3408,1.3608,1.348,0.012799999999999923,0.9496,87251.84,65279.967
600030.SH,20031210,1.3225,1.359,1.3225,1.348,1.3189,0.029100000000000126,2.2064,79330.57,58447.797
600030.SH,20031209,1.3225,1.328,1.2988,1.3189,1.3225,-0.0036000000000000476,-0.2722,52311.71,37568.034
600030.SH,20031208,1.359,1.3626,1.3134,1.3225,1.359,-0.03649999999999998,-2.6858,54453.07,39914.912
600030.SH,20031205,1.3681,1.3772,1.3426,1.359,1.3535,0.00550000000000006,0.4064,68194.38,50833.52
600030.SH,20031204,1.3316,1.3718,1.3316,1.3535,1.3262,0.02729999999999988,2.0585,134599.34,100228.363
600030.SH,20031203,1.317,1.3608,1.3006,1.3262,1.3243,0.0019000000000000128,0.1435,77066.18,56111.289
600030.SH,20031202,1.3316,1.3681,1.3225,1.3243,1.328,-0.0037000000000000366,-0.2786,101473.11,74832.153
600030.SH,20031201,1.2951,1.3316,1.2897,1.328,1.2951,0.03290000000000015,2.5403,71656.53,51690.601
600030.SH,20031128,1.2806,1.3006,1.2787,1.2951,1.2806,0.014499999999999957,1.1323,42853.13,30322.838
600030.SH,20031127,1.3225,1.3262,1.2769,1.2806,1.3225,-0.04190000000000005,-3.1682,105225.54,74476.166
600030.SH,20031126,1.3316,1.3335,1.2933,1.3225,1.3335,-0.010999999999999899,-0.8249,103800.23,74752.111
600030.SH,20031125,1.3061,1.4028,1.3061,1.3335,1.3024,0.031099999999999905,2.3879,313482.0,232952.983
600030.SH,20031124,1.2313,1.3152,1.2295,1.3024,1.224,0.07840000000000003,6.4052,142804.74,100401.821
600030.SH,20031121,1.2678,1.2806,1.2058,1.224,1.2696,-0.045600000000000085,-3.5917,102076.95,70032.705
600030.SH,20031120,1.2185,1.2824,1.2039,1.2696,1.2185,0.051100000000000145,4.1937,126998.56,86981.023
600030.SH,20031119,1.1675,1.2313,1.1656,1.2185,1.1675,0.050999999999999934,4.3683,74618.69,49445.352
600030.SH,20031118,1.2185,1.2222,1.1638,1.1675,1.2112,-0.04370000000000007,-3.608,79587.17,51201.521
600030.SH,20031114,1.2058,1.224,1.1893,1.2112,1.2003,0.010900000000000132,0.9081,49856.16,32993.074
600030.SH,20031113,1.1948,1.2185,1.1857,1.2003,1.2021,-0.0018000000000000238,-0.1497,37826.52,24934.162
600030.SH,20031112,1.2313,1.2386,1.2003,1.2021,1.2331,-0.03100000000000014,-2.514,50814.89,33843.111
600030.SH,20031111,1.2459,1.2623,1.2277,1.2331,1.2495,-0.01639999999999997,-1.3125,27329.89,18584.763
600030.SH,20031110,1.2769,1.2769,1.2131,1.2495,1.2769,-0.02739999999999987,-2.1458,57455.1,39084.591
600030.SH,20031107,1.2951,1.297,1.2495,1.2769,1.2879,-0.01100000000000012,-0.8541,45959.57,32046.515
600030.SH,20031106,1.3134,1.328,1.2751,1.2879,1.3061,-0.018199999999999994,-1.3935,81969.01,58123.41
600030.SH,20031105,1.3061,1.3262,1.297,1.3061,1.2988,0.007300000000000084,0.5621,74601.9,53733.741
600030.SH,20031104,1.2514,1.3316,1.2514,1.2988,1.2514,0.04739999999999989,3.7878,169322.52,120596.47
600030.SH,20031103,1.2222,1.2623,1.2185,1.2514,1.2295,0.02190000000000003,1.7812,44598.49,30583.734
600030.SH,20031031,1.2313,1.2733,1.2131,1.2295,1.2368,-0.007299999999999862,-0.5902,44367.25,30121.147
600030.SH,20031030,1.286,1.2897,1.2112,1.2368,1.286,-0.04920000000000013,-3.8258,74981.3,51140.882
600030.SH,20031029,1.3043,1.3097,1.255,1.286,1.2951,-0.009099999999999886,-0.7026,45411.09,31929.893
600030.SH,20031028,1.2787,1.3079,1.2587,1.2951,1.2733,0.02179999999999982,1.7121,70448.82,49760.046
600030.SH,20031027,1.2824,1.2824,1.2477,1.2733,1.2441,0.029200000000000115,2.3471,48091.8,33417.255
600030.SH,20031024,1.266,1.286,1.2368,1.2441,1.266,-0.02190000000000003,-1.7299,55711.32,38302.752
600030.SH,20031023,1.2587,1.2988,1.2495,1.266,1.2568,0.009200000000000097,0.732,87134.64,61173.304
600030.SH,20031022,1.2131,1.286,1.2131,1.2568,1.2131,0.04369999999999985,3.6023,74045.52,50965.626
600030.SH,20031021,1.2185,1.2222,1.1875,1.2131,1.2131,0.0,0.0,32621.96,21474.886
600030.SH,20031020,1.2714,1.2733,1.2003,1.2131,1.2714,-0.05830000000000002,-4.5855,91854.05,61462.57
600030.SH,20031017,1.2733,1.2951,1.2623,1.2714,1.286,-0.014599999999999946,-1.1353,34129.38,23829.842
600030.SH,20031015,1.286,1.3097,1.2824,1.286,1.2842,0.0018000000000000238,0.1402,30899.99,21930.39
600030.SH,20031014,1.3043,1.3097,1.2769,1.2842,1.3043,-0.020100000000000007,-1.5411,40597.03,28596.441
600030.SH,20031013,1.3262,1.3335,1.3043,1.3043,1.3262,-0.02190000000000003,-1.6513,40790.96,29377.884
600030.SH,20031010,1.2824,1.3408,1.2678,1.3262,1.2824,0.04380000000000006,3.4155,70375.71,50441.665
600030.SH,20031009,1.2806,1.3024,1.2733,1.2824,1.2824,0.0,0.0,25866.86,18249.198
600030.SH,20031008,1.3043,1.3097,1.2678,1.2824,1.3189,-0.03649999999999998,-2.7675,69207.9,48716.089
600030.SH,20030930,1.4046,1.4119,1.2623,1.3189,1.4028,-0.08390000000000009,-5.9809,226138.52,164002.162
600030.SH,20030929,1.4137,1.4283,1.4009,1.4028,1.4174,-0.014599999999999946,-1.0301,47548.4,36893.187
600030.SH,20030926,1.421,1.4393,1.4119,1.4174,1.4301,-0.012699999999999934,-0.888,38490.75,29991.738
600030.SH,20030925,1.452,1.4611,1.4283,1.4301,1.4538,-0.023700000000000054,-1.6302,66677.85,52629.768
600030.SH,20030924,1.463,1.4776,1.4484,1.4538,1.4593,-0.00550000000000006,-0.3769,75256.18,60368.198
600030.SH,20030923,1.4247,1.4684,1.4247,1.4593,1.432,0.027300000000000102,1.9064,135393.91,108028.544
600030.SH,20030922,1.4447,1.4593,1.4283,1.432,1.4411,-0.009100000000000108,-0.6315,69783.44,55277.295
600030.SH,20030919,1.4228,1.4502,1.4137,1.4411,1.421,0.020100000000000007,1.4145,81585.88,64202.3
600030.SH,20030918,1.3864,1.4356,1.3864,1.421,1.3991,0.02190000000000003,1.5653,78328.72,60835.576
600030.SH,20030917,1.4119,1.4119,1.3718,1.3991,1.4119,-0.012799999999999923,-0.9066,40187.51,30650.539
600030.SH,20030916,1.3882,1.4174,1.3736,1.4119,1.3882,0.023699999999999832,1.7072,36022.07,27659.634
600030.SH,20030915,1.3991,1.4119,1.3699,1.3882,1.3991,-0.01089999999999991,-0.7791,32917.15,25063.45
600030.SH,20030912,1.4374,1.4411,1.3955,1.3991,1.4356,-0.03649999999999998,-2.5425,35027.92,27092.213
600030.SH,20030911,1.4228,1.4393,1.4174,1.4356,1.4228,0.012799999999999923,0.8996,47381.2,37170.216
600030.SH,20030910,1.4101,1.4247,1.3973,1.4228,1.4137,0.009100000000000108,0.6437,33972.01,26324.631
600030.SH,20030909,1.4064,1.4228,1.3955,1.4137,1.4137,0.0,0.0,25664.07,19861.923
600030.SH,20030908,1.3772,1.4192,1.3645,1.4137,1.3827,0.030999999999999917,2.242,49063.06,37396.039
600030.SH,20030905,1.4137,1.4192,1.3718,1.3827,1.4137,-0.030999999999999917,-2.1928,45438.82,34683.934
600030.SH,20030904,1.4393,1.4466,1.4119,1.4137,1.4429,-0.029200000000000115,-2.0237,42891.49,33566.228
600030.SH,20030903,1.4283,1.4466,1.4101,1.4429,1.4265,0.01639999999999997,1.1497,72439.1,56862.541
600030.SH,20030902,1.4466,1.4466,1.4137,1.4265,1.4466,-0.020100000000000007,-1.3895,78087.23,61160.306
600030.SH,20030901,1.4393,1.452,1.4119,1.4466,1.4137,0.03290000000000015,2.3272,174822.82,137550.013
600030.SH,20030829,1.3663,1.4228,1.3645,1.4137,1.3645,0.04919999999999991,3.6057,102347.5,78591.327
600030.SH,20030828,1.3827,1.3955,1.3645,1.3645,1.39,-0.025499999999999856,-1.8345,30095.07,22698.874
600030.SH,20030827,1.3882,1.4101,1.3882,1.39,1.3882,0.0017999999999998018,0.1297,24460.5,18755.057
600030.SH,20030826,1.3645,1.4082,1.3645,1.3882,1.3754,0.012800000000000145,0.9306,40111.22,30690.991
600030.SH,20030825,1.3772,1.3918,1.3681,1.3754,1.3937,-0.018299999999999983,-1.3131,28847.82,21845.315
600030.SH,20030822,1.3754,1.3991,1.3681,1.3937,1.3845,0.009199999999999875,0.6645,36404.05,27752.421
600030.SH,20030821,1.3681,1.3864,1.359,1.3845,1.3663,0.018199999999999994,1.3321,38748.86,29200.117
600030.SH,20030820,1.3827,1.3845,1.3517,1.3663,1.3845,-0.018199999999999994,-1.3146,52091.11,38931.955
600030.SH,20030819,1.39,1.4046,1.3791,1.3845,1.3937,-0.009199999999999875,-0.6601,38980.36,29650.616
600030.SH,20030818,1.3937,1.4119,1.3864,1.3937,1.4046,-0.010900000000000132,-0.776,33088.87,25372.777
600030.SH,20030815,1.3882,1.4374,1.3663,1.4046,1.3754,0.029200000000000115,2.123,118613.46,91516.708
600030.SH,20030814,1.3991,1.4137,1.3608,1.3754,1.3991,-0.023700000000000054,-1.6939,64370.72,48812.603
600030.SH,20030813,1.4265,1.4338,1.3973,1.3991,1.421,-0.02190000000000003,-1.5412,46744.83,36065.592
600030.SH,20030812,1.4155,1.4393,1.4009,1.421,1.4155,0.00550000000000006,0.3886,82697.67,64546.414
600030.SH,20030811,1.3626,1.4228,1.359,1.4155,1.3663,0.04919999999999991,3.601,96144.54,74049.695
600030.SH,20030808,1.3864,1.3955,1.359,1.3663,1.3955,-0.029199999999999893,-2.0924,54346.68,41086.368
600030.SH,20030807,1.3444,1.4466,1.3408,1.3955,1.3444,0.05109999999999992,3.801,187377.95,144500.299
600030.SH,20030806,1.3572,1.3572,1.328,1.3444,1.359,-0.014599999999999946,-1.0743,32788.14,24099.162
600030.SH,20030805,1.3645,1.3699,1.3535,1.359,1.3645,-0.00550000000000006,-0.4031,21939.9,16373.45
600030.SH,20030804,1.3371,1.3736,1.328,1.3645,1.3389,0.025600000000000067,1.912,45192.0,33555.426
600030.SH,20030801,1.3316,1.3499,1.3134,1.3389,1.3316,0.007300000000000084,0.5482,35402.21,25788.265
600030.SH,20030731,1.3225,1.3389,1.3116,1.3316,1.3225,0.009099999999999886,0.6881,42081.69,30537.95
600030.SH,20030730,1.3408,1.348,1.3097,1.3225,1.3389,-0.01639999999999997,-1.2249,42239.89,30649.11
600030.SH,20030729,1.3207,1.3462,1.3152,1.3389,1.3262,0.012699999999999934,0.9576,40869.94,29821.083
600030.SH,20030728,1.3718,1.3791,1.3152,1.3262,1.3845,-0.05830000000000002,-4.2109,95395.99,70547.615
600030.SH,20030725,1.421,1.4374,1.3699,1.3845,1.4228,-0.0383,-2.6919,74728.61,57282.064
600030.SH,20030724,1.4411,1.4484,1.4174,1.4228,1.4374,-0.014599999999999946,-1.0157,34157.48,26812.747
600030.SH,20030723,1.4374,1.4502,1.4228,1.4374,1.4374,0.0,0.0,35735.1,28138.084
600030.SH,20030722,1.4611,1.4776,1.4155,1.4374,1.4502,-0.012799999999999923,-0.8826,73047.2,57736.191
600030.SH,20030721,1.432,1.4538,1.4174,1.4502,1.4338,0.01639999999999997,1.1438,104356.75,82346.237
600030.SH,20030718,1.4776,1.4885,1.4301,1.4338,1.4794,-0.045600000000000085,-3.0823,178328.75,143002.878
600030.SH,20030717,1.4009,1.4976,1.3827,1.4794,1.3991,0.08030000000000004,5.7394,251054.16,200418.472
600030.SH,20030716,1.3973,1.4155,1.3918,1.3991,1.3973,0.0018000000000000238,0.1288,30748.9,23656.872
600030.SH,20030715,1.3845,1.4137,1.3845,1.3973,1.3845,0.012799999999999923,0.9245,34632.78,26539.22
600030.SH,20030714,1.4028,1.4064,1.3809,1.3845,1.4028,-0.018299999999999983,-1.3045,37497.54,28537.989
600030.SH,20030711,1.4228,1.4247,1.3991,1.4028,1.4247,-0.02190000000000003,-1.5372,80500.24,62371.53
600030.SH,20030710,1.3827,1.432,1.3645,1.4247,1.3827,0.04200000000000004,3.0375,125133.91,96568.173
600030.SH,20030709,1.4119,1.4155,1.3772,1.3827,1.4119,-0.029199999999999893,-2.0681,55960.44,42538.839
600030.SH,20030708,1.4119,1.4356,1.4028,1.4119,1.4028,0.009099999999999886,0.6487,39138.17,30369.641
600030.SH,20030704,1.4228,1.4301,1.3973,1.4028,1.4228,-0.020000000000000018,-1.4057,40236.2,31101.178
600030.SH,20030703,1.4301,1.4374,1.4174,1.4228,1.4301,-0.007299999999999862,-0.5105,52421.71,41030.232
600030.SH,20030702,1.4028,1.4356,1.3864,1.4301,1.3937,0.03639999999999999,2.6118,82571.64,64118.452
600030.SH,20030701,1.4046,1.4247,1.3864,1.3937,1.3864,0.007299999999999862,0.5265,51100.25,39342.334
600030.SH,20030630,1.3791,1.4228,1.3718,1.3864,1.3845,0.0019000000000000128,0.1372,57660.49,44020.964
600030.SH,20030627,1.4119,1.4265,1.3827,1.3845,1.421,-0.03649999999999998,-2.5686,39305.74,30251.741
600030.SH,20030626,1.3882,1.4393,1.3718,1.421,1.3882,0.03279999999999994,2.3628,69149.99,53197.6
600030.SH,20030625,1.4174,1.4283,1.3864,1.3882,1.4174,-0.029199999999999893,-2.0601,93609.99,72227.5
600030.SH,20030624,1.4046,1.4247,1.3955,1.4174,1.4119,0.00550000000000006,0.3895,71820.02,55515.373
600030.SH,20030623,1.4447,1.452,1.4082,1.4119,1.4538,-0.04190000000000005,-2.8821,72212.29,56426.862
600030.SH,20030620,1.4867,1.4867,1.4447,1.4538,1.4757,-0.02190000000000003,-1.484,67306.48,53971.383
600030.SH,20030619,1.4885,1.5031,1.4593,1.4757,1.4885,-0.012799999999999923,-0.8599,62755.51,50754.01
600030.SH,20030618,1.4867,1.5104,1.4849,1.4885,1.4849,0.0035999999999998256,0.2424,56763.09,46620.104
600030.SH,20030617,1.4776,1.5104,1.4648,1.4849,1.4757,0.009200000000000097,0.6234,44791.24,36577.206
600030.SH,20030616,1.4995,1.5031,1.4703,1.4757,1.494,-0.018299999999999983,-1.2249,32333.3,26186.692
600030.SH,20030613,1.483,1.5086,1.4776,1.494,1.483,0.010999999999999899,0.7417,49851.82,40701.717
600030.SH,20030612,1.5067,1.5086,1.4739,1.483,1.4995,-0.01649999999999996,-1.1004,57013.15,46495.183
600030.SH,20030611,1.4557,1.4995,1.452,1.4995,1.4484,0.051100000000000145,3.528,96028.34,78202.163
600030.SH,20030610,1.4374,1.4703,1.4374,1.4484,1.4374,0.010999999999999899,0.7653,67505.09,53807.604
600030.SH,20030609,1.4611,1.4867,1.4338,1.4374,1.4721,-0.03469999999999995,-2.3572,126704.14,100792.946
600030.SH,20030606,1.514,1.5232,1.4666,1.4721,1.5213,-0.04920000000000013,-3.2341,173905.74,142368.362
600030.SH,20030605,1.5505,1.5633,1.5177,1.5213,1.5505,-0.029199999999999893,-1.8833,78683.15,66407.786
600030.SH,20030604,1.5232,1.5578,1.5013,1.5505,1.5305,0.020000000000000018,1.3068,97390.43,81748.158
600030.SH,20030603,1.5378,1.5742,1.5268,1.5305,1.5378,-0.007300000000000084,-0.4747,78486.01,66594.75
600030.SH,20030602,1.5414,1.5542,1.5104,1.5378,1.5451,-0.007299999999999862,-0.4725,89875.54,75484.386
600030.SH,20030530,1.5505,1.5742,1.5359,1.5451,1.5505,-0.005400000000000071,-0.3483,139108.37,118536.484
600030.SH,20030529,1.5213,1.5542,1.5013,1.5505,1.5268,0.023700000000000054,1.5523,142813.38,119209.044
600030.SH,20030528,1.598,1.6071,1.514,1.5268,1.5888,-0.062000000000000055,-3.9023,273952.19,234991.657
600030.SH,20030527,1.5505,1.6034,1.5378,1.5888,1.5414,0.04739999999999989,3.0751,426195.39,367580.394
600030.SH,20030526,1.5323,1.5596,1.5268,1.5414,1.5305,0.010900000000000132,0.7122,170883.06,144669.65
600030.SH,20030523,1.525,1.5615,1.5159,1.5305,1.5213,0.009199999999999875,0.6047,302013.13,255715.944
600030.SH,20030522,1.4776,1.5341,1.4703,1.5213,1.4812,0.040100000000000025,2.7073,148304.46,122687.568
600030.SH,20030521,1.483,1.5104,1.4739,1.4812,1.483,-0.0018000000000000238,-0.1214,74162.13,60493.873
600030.SH,20030520,1.514,1.5159,1.4739,1.483,1.5195,-0.03649999999999998,-2.4021,136279.55,111280.539
600030.SH,20030519,1.5469,1.5542,1.5031,1.5195,1.5432,-0.023699999999999832,-1.5358,130990.07,109334.936
600030.SH,20030516,1.5286,1.5688,1.5177,1.5432,1.5286,0.014599999999999946,0.9551,179365.98,152065.053
600030.SH,20030515,1.4995,1.5451,1.483,1.5286,1.5086,0.020000000000000018,1.3257,193359.28,160908.791
600030.SH,20030514,1.4593,1.5104,1.4502,1.5086,1.4757,0.03289999999999993,2.2295,189483.27,154178.611
600030.SH,20030513,1.5469,1.5797,1.4648,1.4757,1.5432,-0.0674999999999999,-4.374,392667.23,327715.465
600030.SH,20030512,1.4976,1.5651,1.463,1.5432,1.4976,0.04559999999999986,3.0449,231705.46,194644.391
600030.SH,20030430,1.4794,1.5469,1.4776,1.4976,1.4812,0.01639999999999997,1.1072,345903.54,286516.356
600030.SH,20030429,1.4958,1.5195,1.4648,1.4812,1.5159,-0.03469999999999995,-2.2891,452128.6,369373.18
600030.SH,20030428,1.3699,1.5159,1.3499,1.5159,1.3772,0.13870000000000005,10.0712,508798.11,405131.099
600030.SH,20030425,1.3882,1.4192,1.3553,1.3772,1.3864,-0.009200000000000097,-0.6636,226948.66,173423.479
600030.SH,20030424,1.3882,1.4101,1.348,1.3864,1.4046,-0.018199999999999994,-1.2957,305501.35,231243.627
600030.SH,20030423,1.4228,1.4484,1.3955,1.4046,1.4356,-0.030999999999999917,-2.1594,184260.85,142885.184
600030.SH,20030422,1.4265,1.4575,1.4046,1.4356,1.4356,0.0,0.0,236119.75,185633.154
600030.SH,20030421,1.4867,1.4922,1.3791,1.4356,1.4976,-0.062000000000000055,-4.14,472364.81,370039.963
600030.SH,20030418,1.5524,1.5633,1.4922,1.4976,1.5505,-0.05289999999999995,-3.4118,283710.73,235700.193
600030.SH,20030417,1.5651,1.5998,1.5232,1.5505,1.5669,-0.01639999999999997,-1.0467,333260.35,284704.328
600030.SH,20030416,1.5852,1.6928,1.5359,1.5669,1.5852,-0.018299999999999983,-1.1544,560714.57,495307.259
600030.SH,20030415,1.5505,1.6399,1.5378,1.5852,1.5797,0.005499999999999838,0.3482,378601.21,331907.255
600030.SH,20030414,1.4794,1.6016,1.4776,1.5797,1.4794,0.10030000000000006,6.7798,518026.63,436885.931
600030.SH,20030411,1.4684,1.5104,1.4502,1.4794,1.4703,0.009100000000000108,0.6189,432813.35,352032.818
600030.SH,20030410,1.4976,1.5177,1.4447,1.4703,1.4794,-0.009100000000000108,-0.6151,792410.65,642915.548
600030.SH,20030409,1.3499,1.4849,1.348,1.4794,1.3499,0.12949999999999995,9.5933,735568.42,580092.617
600030.SH,20030408,1.3335,1.3681,1.328,1.3499,1.3316,0.018300000000000205,1.3743,236192.18,174116.44
600030.SH,20030407,1.3043,1.3608,1.3043,1.3316,1.3152,0.01639999999999997,1.247,410873.78,301428.989
600030.SH,20030404,1.2951,1.3207,1.2751,1.3152,1.286,0.029199999999999893,2.2706,300995.31,214106.719
600030.SH,20030403,1.3043,1.3335,1.2806,1.286,1.2951,-0.009099999999999886,-0.7026,358006.9,257187.812
600030.SH,20030402,1.2733,1.2988,1.2587,1.2951,1.2751,0.020000000000000018,1.5685,399273.59,281804.114
600030.SH,20030401,1.2222,1.286,1.2222,1.2751,1.2222,0.05289999999999995,4.3283,326293.5,224963.33
600030.SH,20030331,1.2149,1.2368,1.2094,1.2222,1.2149,0.007299999999999862,0.6009,112862.82,75687.238
600030.SH,20030328,1.2039,1.2422,1.2003,1.2149,1.2094,0.00550000000000006,0.4548,321905.0,215465.76
600030.SH,20030327,1.1291,1.235,1.1237,1.2094,1.1328,0.0766,6.762,412638.29,269637.991
600030.SH,20030326,1.1401,1.1547,1.1273,1.1328,1.1437,-0.01089999999999991,-0.953,123286.23,76948.023
600030.SH,20030325,1.1857,1.193,1.1419,1.1437,1.193,-0.04930000000000012,-4.1324,226220.42,143858.645
600030.SH,20030324,1.2039,1.2112,1.1839,1.193,1.2039,-0.01089999999999991,-0.9054,60241.89,39436.727
600030.SH,20030321,1.2021,1.2112,1.193,1.2039,1.2039,0.0,0.0,52101.89,34387.008
600030.SH,20030320,1.1985,1.2185,1.193,1.2039,1.2021,0.0018000000000000238,0.1497,71693.75,47412.957
600030.SH,20030319,1.1875,1.2167,1.1711,1.2021,1.193,0.009099999999999886,0.7628,106823.4,69944.38
600030.SH,20030318,1.2021,1.2185,1.1875,1.193,1.1985,-0.005499999999999838,-0.4589,81619.09,53941.091
600030.SH,20030317,1.1821,1.2003,1.1784,1.1985,1.1821,0.01639999999999997,1.3874,68784.35,44854.263
600030.SH,20030314,1.1839,1.2003,1.1802,1.1821,1.1839,-0.0018000000000000238,-0.152,53128.21,34610.547
600030.SH,20030313,1.1948,1.2058,1.1839,1.1839,1.1948,-0.010900000000000132,-0.9123,66903.27,43726.284
600030.SH,20030312,1.2222,1.2277,1.1839,1.1948,1.2222,-0.02739999999999987,-2.2419,125321.11,82211.462
600030.SH,20030311,1.2149,1.235,1.2149,1.2222,1.2185,0.0037000000000000366,0.3037,46836.82,31442.487
600030.SH,20030310,1.2368,1.2459,1.2167,1.2185,1.235,-0.01650000000000018,-1.336,121458.86,81707.263
600030.SH,20030307,1.2404,1.2495,1.2331,1.235,1.2422,-0.007199999999999873,-0.5796,76617.84,52109.096
600030.SH,20030306,1.2641,1.2678,1.2368,1.2422,1.2605,-0.018299999999999983,-1.4518,139657.2,95479.461
600030.SH,20030305,1.2806,1.2824,1.255,1.2605,1.2806,-0.020100000000000007,-1.5696,147517.04,102226.365
600030.SH,20030304,1.2678,1.3006,1.2623,1.2806,1.266,0.014599999999999946,1.1532,312728.94,219827.112
600030.SH,20030303,1.2514,1.2678,1.2495,1.266,1.2532,0.012799999999999923,1.0214,121379.12,83780.647
600030.SH,20030228,1.2587,1.2641,1.2441,1.2532,1.2532,0.0,0.0,76059.45,52180.178
600030.SH,20030227,1.2587,1.2733,1.2477,1.2532,1.2532,0.0,0.0,126053.05,87028.64
600030.SH,20030226,1.2568,1.2733,1.2459,1.2532,1.2532,0.0,0.0,131322.47,90695.869
600030.SH,20030225,1.2222,1.2641,1.2222,1.2532,1.2204,0.03280000000000016,2.6876,166711.29,114282.762
600030.SH,20030224,1.2222,1.2386,1.2204,1.2204,1.2222,-0.0018000000000000238,-0.1473,101463.33,68270.228
600030.SH,20030221,1.255,1.2587,1.2167,1.2222,1.2532,-0.03100000000000014,-2.4737,251954.97,170253.533
600030.SH,20030220,1.2678,1.2824,1.2495,1.2532,1.2641,-0.01089999999999991,-0.8623,135890.81,94154.324
600030.SH,20030219,1.2495,1.2824,1.2477,1.2641,1.2532,0.01089999999999991,0.8698,195915.74,136072.922
600030.SH,20030218,1.2422,1.266,1.235,1.2532,1.2404,0.012800000000000145,1.0319,110183.98,75383.48
600030.SH,20030217,1.266,1.2733,1.2313,1.2404,1.266,-0.025600000000000067,-2.0221,204101.6,139692.309
600030.SH,20030214,1.2587,1.2806,1.2495,1.266,1.2623,0.0037000000000000366,0.2931,159964.84,110958.109
600030.SH,20030213,1.2751,1.3116,1.2605,1.2623,1.2714,-0.009100000000000108,-0.7157,398721.66,281763.301
600030.SH,20030212,1.2404,1.2751,1.2277,1.2714,1.2441,0.027300000000000102,2.1944,201379.79,138916.47
600030.SH,20030211,1.2277,1.2459,1.2258,1.2441,1.2331,0.010999999999999899,0.8921,104957.13,71109.711
600030.SH,20030210,1.2587,1.2587,1.2277,1.2331,1.2605,-0.02739999999999987,-2.1737,218760.77,148955.171
600030.SH,20030129,1.286,1.2915,1.2568,1.2605,1.2842,-0.023700000000000054,-1.8455,296210.35,207060.762
600030.SH,20030128,1.2714,1.2933,1.255,1.2842,1.2696,0.014599999999999946,1.15,259664.21,181092.742
600030.SH,20030127,1.266,1.286,1.2422,1.2696,1.2714,-0.0018000000000000238,-0.1416,394738.54,274235.051
600030.SH,20030124,1.1857,1.3024,1.1839,1.2714,1.1857,0.08570000000000011,7.2278,927070.75,637719.038
600030.SH,20030123,1.1839,1.2313,1.1784,1.1857,1.1839,0.0018000000000000238,0.152,315385.63,207919.167
600030.SH,20030122,1.1985,1.2131,1.1748,1.1839,1.2003,-0.01639999999999997,-1.3663,320352.52,209619.836
600030.SH,20030121,1.2514,1.2568,1.1893,1.2003,1.2441,-0.04380000000000006,-3.5206,428631.13,284742.62
600030.SH,20030120,1.1821,1.2751,1.1729,1.2441,1.1948,0.0492999999999999,4.1262,691818.45,468747.498
600030.SH,20030117,1.2422,1.2477,1.1912,1.1948,1.2422,-0.04739999999999989,-3.8158,653587.62,434861.787
600030.SH,20030116,1.2441,1.2733,1.2131,1.2422,1.2441,-0.0019000000000000128,-0.1527,654831.54,444285.059
600030.SH,20030115,1.1857,1.255,1.1693,1.2441,1.193,0.05109999999999992,4.2833,1381749.75,919559.39
600030.SH,20030114,1.1437,1.2587,1.1273,1.193,1.1492,0.04380000000000006,3.8113,1494812.83,977541.645
600030.SH,20030113,1.1492,1.1839,1.1127,1.1492,1.1328,0.01639999999999997,1.4477,1091783.02,685740.331
600030.SH,20030110,1.1291,1.1784,1.1146,1.1328,1.0708,0.062000000000000055,5.7901,2063934.22,1300495.478
600030.SH,20030109,1.0306,1.0708,1.0233,1.0708,0.9741,0.09670000000000001,9.9271,1100868.68,636358.017
600030.SH,20030108,0.8811,0.9741,0.8774,0.9741,0.8847,0.08939999999999992,10.1051,720640.78,368411.113
600030.SH,20030107,0.9048,0.9212,0.8792,0.8847,0.9139,-0.029200000000000004,-3.1951,589777.17,290622.43
600030.SH,20030106,1.0088,1.0179,0.9066,0.9139,0.8209,0.09300000000000008,11.329,1942885.56,998892.578
