ts_code,trade_date,open,high,low,close,pre_close,change,pct_chg,vol,amount
000869.SZ,20200225,25.2,25.24,24.65,25.08,25.46,-0.38000000000000256,-1.4925,26022.3,65057.481
000869.SZ,20200224,25.47,25.67,25.31,25.46,25.67,-0.21000000000000085,-0.8181,21389.78,54442.487
000869.SZ,20200221,25.7,25.83,25.59,25.67,25.73,-0.05999999999999872,-0.2332,22288.64,57216.274
000869.SZ,20200220,25.35,25.8,25.26,25.73,25.24,0.490000000000002,1.9414,27829.92,71320.601
000869.SZ,20200219,25.5,25.61,25.1,25.24,25.53,-0.2900000000000027,-1.1359,23580.91,59881.144
000869.SZ,20200218,25.65,25.66,25.36,25.53,25.5,0.030000000000001137,0.1176,17765.54,45253.517
000869.SZ,20200217,24.99,25.5,24.95,25.5,24.99,0.5100000000000016,2.0408,17126.71,43355.16
000869.SZ,20200214,24.88,25.06,24.82,24.99,24.96,0.029999999999997584,0.1202,10645.34,26569.406
000869.SZ,20200213,25.4,25.5,24.95,24.96,25.35,-0.39000000000000057,-1.5385,14622.0,36813.082
000869.SZ,20200212,25.24,25.4,25.16,25.35,25.33,0.020000000000003126,0.079,12964.25,32806.211
000869.SZ,20200211,25.04,25.63,24.97,25.33,24.98,0.34999999999999787,1.4011,26286.34,66714.151
000869.SZ,20200210,24.77,25.14,24.54,24.98,24.91,0.07000000000000028,0.281,19738.69,49152.725
000869.SZ,20200207,24.84,24.95,24.62,24.91,24.94,-0.030000000000001137,-0.1203,16717.0,41410.203
000869.SZ,20200206,24.73,24.95,24.41,24.94,24.75,0.19000000000000128,0.7677,23395.53,57830.319
000869.SZ,20200205,24.43,24.92,24.25,24.75,24.4,0.3500000000000014,1.4344,26244.27,64591.162
000869.SZ,20200204,23.76,24.82,23.76,24.4,24.63,-0.23000000000000043,-0.9338,28697.56,69964.07
000869.SZ,20200203,24.66,24.75,24.63,24.63,27.37,-2.740000000000002,-10.011,13765.0,33911.924
000869.SZ,20200123,27.88,28.18,27.16,27.37,28.18,-0.8099999999999987,-2.8744,19524.89,53840.518
000869.SZ,20200122,28.12,28.32,27.71,28.18,28.1,0.0799999999999983,0.2847,12841.81,35953.473
000869.SZ,20200121,28.44,28.44,28.07,28.1,28.42,-0.3200000000000003,-1.126,15037.87,42388.661
000869.SZ,20200120,28.6,28.64,28.28,28.42,28.6,-0.17999999999999972,-0.6294,17725.94,50349.771
000869.SZ,20200117,28.7,28.8,28.5,28.6,28.7,-0.09999999999999787,-0.3484,10020.76,28710.02
000869.SZ,20200116,28.75,28.86,28.53,28.7,28.62,0.0799999999999983,0.2795,10654.0,30582.822
000869.SZ,20200115,28.84,28.95,28.58,28.62,28.82,-0.1999999999999993,-0.694,13447.2,38646.871
000869.SZ,20200114,29.2,29.24,28.77,28.82,29.28,-0.46000000000000085,-1.571,21644.62,62573.843
000869.SZ,20200113,28.83,29.3,28.72,29.28,28.79,0.490000000000002,1.702,30644.71,89222.721
000869.SZ,20200110,28.61,28.98,28.55,28.79,28.5,0.28999999999999915,1.0175,24918.74,71807.818
000869.SZ,20200109,28.3,28.6,28.29,28.5,28.12,0.379999999999999,1.3514,15446.92,43967.464
000869.SZ,20200108,28.64,28.64,28.08,28.12,28.7,-0.5799999999999983,-2.0209,19239.13,54501.48
000869.SZ,20200107,28.53,28.7,28.45,28.7,28.53,0.16999999999999815,0.5959,16383.43,46827.926
000869.SZ,20200106,28.4,28.66,28.35,28.53,28.57,-0.03999999999999915,-0.14,16131.93,45963.132
000869.SZ,20200103,28.83,28.83,28.41,28.57,28.79,-0.21999999999999886,-0.7642,19169.78,54834.492
000869.SZ,20200102,28.77,28.91,28.52,28.79,28.7,0.08999999999999986,0.3136,15265.11,43884.862
000869.SZ,20191231,28.76,28.76,28.51,28.7,28.71,-0.010000000000001563,-0.0348,10552.42,30230.752
000869.SZ,20191230,28.13,28.87,28.06,28.71,28.14,0.5700000000000003,2.0256,24369.8,69752.007
000869.SZ,20191227,28.18,28.45,28.11,28.14,28.18,-0.03999999999999915,-0.1419,12905.23,36526.342
000869.SZ,20191226,27.9,28.2,27.9,28.18,27.92,0.259999999999998,0.9312,8612.21,24128.948
000869.SZ,20191225,28.02,28.2,27.88,27.92,28.03,-0.10999999999999943,-0.3924,8138.57,22807.319
000869.SZ,20191224,28.02,28.29,27.7,28.03,27.92,0.10999999999999943,0.394,10375.09,28965.865
000869.SZ,20191223,28.29,28.46,27.91,27.92,28.25,-0.3299999999999983,-1.1681,12630.34,35624.476
000869.SZ,20191220,28.22,28.35,28.15,28.25,28.24,0.010000000000001563,0.0354,8146.97,23013.826
000869.SZ,20191219,28.2,28.25,28.06,28.24,28.17,0.06999999999999673,0.2485,8309.53,23422.064
000869.SZ,20191218,28.43,28.48,28.16,28.17,28.43,-0.259999999999998,-0.9145,16193.66,45775.591
000869.SZ,20191217,28.18,28.55,28.04,28.43,28.17,0.259999999999998,0.923,15147.63,42969.207
000869.SZ,20191216,28.0,28.19,27.85,28.17,28.11,0.060000000000002274,0.2134,11509.48,32235.579
000869.SZ,20191213,27.95,28.2,27.87,28.11,27.93,0.17999999999999972,0.6445,13421.73,37625.613
000869.SZ,20191212,27.61,28.03,27.58,27.93,27.59,0.33999999999999986,1.2323,13181.3,36707.042
000869.SZ,20191211,27.68,27.78,27.5,27.59,27.68,-0.08999999999999986,-0.3251,7451.41,20560.091
000869.SZ,20191210,27.68,27.76,27.53,27.68,27.71,-0.030000000000001137,-0.1083,5963.45,16473.701
000869.SZ,20191209,27.7,27.82,27.62,27.71,27.79,-0.0799999999999983,-0.2879,7321.25,20283.925
000869.SZ,20191206,27.44,27.79,27.38,27.79,27.41,0.379999999999999,1.3864,9554.44,26386.082
000869.SZ,20191205,27.28,27.44,27.27,27.41,27.25,0.16000000000000014,0.5872,5743.31,15717.803
000869.SZ,20191204,27.32,27.42,27.2,27.25,27.28,-0.030000000000001137,-0.11,5702.5,15571.964
000869.SZ,20191203,27.5,27.5,27.02,27.28,27.51,-0.23000000000000043,-0.8361,6405.04,17455.454
000869.SZ,20191202,27.38,27.54,27.34,27.51,27.35,0.16000000000000014,0.585,5294.46,14538.052
000869.SZ,20191129,27.72,27.72,27.2,27.35,27.61,-0.259999999999998,-0.9417,9311.83,25463.703
000869.SZ,20191128,27.73,27.77,27.56,27.61,27.72,-0.10999999999999943,-0.3968,5013.28,13856.382
000869.SZ,20191127,27.65,27.85,27.59,27.72,27.63,0.08999999999999986,0.3257,6373.9,17672.792
000869.SZ,20191126,27.67,27.82,27.61,27.63,27.65,-0.019999999999999574,-0.0723,6685.65,18506.863
000869.SZ,20191125,27.88,27.92,27.51,27.65,27.84,-0.19000000000000128,-0.6825,9513.91,26308.545
000869.SZ,20191122,28.2,28.44,27.71,27.84,28.2,-0.35999999999999943,-1.2766,12756.23,35764.584
000869.SZ,20191121,28.2,28.27,28.04,28.2,28.21,-0.010000000000001563,-0.0354,5070.36,14277.159
000869.SZ,20191120,28.47,28.58,28.2,28.21,28.44,-0.23000000000000043,-0.8087,8850.0,25062.63
000869.SZ,20191119,28.3,28.65,28.3,28.44,28.29,0.15000000000000213,0.5302,8707.35,24799.173
000869.SZ,20191118,28.23,28.66,28.18,28.29,28.23,0.05999999999999872,0.2125,9433.57,26779.552
000869.SZ,20191115,28.47,28.55,28.23,28.23,28.46,-0.23000000000000043,-0.8082,5385.99,15283.312
000869.SZ,20191114,28.22,28.55,28.18,28.46,28.29,0.1700000000000017,0.6009,7595.26,21548.841
000869.SZ,20191113,28.08,28.43,28.05,28.29,28.16,0.129999999999999,0.4616,9168.89,25875.268
000869.SZ,20191112,28.27,28.45,27.9,28.16,28.26,-0.10000000000000142,-0.3539,9004.9,25285.999
000869.SZ,20191111,28.8,28.8,28.22,28.26,28.81,-0.5499999999999972,-1.9091,11742.94,33409.059
000869.SZ,20191108,29.04,29.16,28.77,28.81,28.96,-0.15000000000000213,-0.518,9043.03,26205.863
000869.SZ,20191107,28.83,29.12,28.73,28.96,28.8,0.16000000000000014,0.5556,8083.47,23408.224
000869.SZ,20191106,28.96,29.24,28.63,28.8,28.92,-0.120000000000001,-0.4149,8942.06,25836.223
000869.SZ,20191105,28.75,29.05,28.7,28.92,28.73,0.19000000000000128,0.6613,9286.2,26858.205
000869.SZ,20191104,28.85,29.08,28.73,28.73,28.71,0.019999999999999574,0.0697,8373.22,24195.052
000869.SZ,20191101,28.46,28.9,28.37,28.71,28.46,0.25,0.8784,8275.25,23702.006
000869.SZ,20191031,28.69,28.98,28.46,28.46,28.69,-0.23000000000000043,-0.8017,9574.35,27434.659
000869.SZ,20191030,29.08,29.08,28.5,28.69,29.1,-0.41000000000000014,-1.4089,8526.2,24493.797
000869.SZ,20191029,29.17,29.23,28.85,29.1,29.07,0.030000000000001137,0.1032,9742.45,28323.549
000869.SZ,20191028,29.09,29.2,28.95,29.07,28.99,0.08000000000000185,0.276,10469.18,30454.372
000869.SZ,20191025,28.65,29.09,28.53,28.99,28.64,0.34999999999999787,1.2221,9835.5,28440.048
000869.SZ,20191024,28.73,28.82,28.42,28.64,28.73,-0.08999999999999986,-0.3133,6801.75,19477.658
000869.SZ,20191023,28.98,28.98,28.72,28.73,28.99,-0.259999999999998,-0.8969,6435.23,18568.674
000869.SZ,20191022,28.69,29.0,28.56,28.99,28.62,0.36999999999999744,1.2928,7120.46,20541.465
000869.SZ,20191021,28.55,28.7,28.21,28.62,28.52,0.10000000000000142,0.3506,8041.21,22904.208
000869.SZ,20191018,29.18,29.34,28.46,28.52,29.2,-0.6799999999999997,-2.3288,17550.62,50424.854
000869.SZ,20191017,29.09,29.25,28.98,29.2,29.09,0.10999999999999943,0.3781,7892.0,22974.812
000869.SZ,20191016,29.68,29.68,29.03,29.09,29.67,-0.5800000000000018,-1.9548,16539.8,48478.796
000869.SZ,20191015,29.71,29.9,29.46,29.67,29.69,-0.019999999999999574,-0.0674,16574.54,49238.776
000869.SZ,20191014,29.54,29.72,29.3,29.69,29.4,0.2900000000000027,0.9864,16193.5,47918.337
000869.SZ,20191011,29.56,29.73,29.33,29.4,29.54,-0.14000000000000057,-0.4739,11851.31,34886.362
000869.SZ,20191010,29.71,29.8,29.3,29.54,29.7,-0.16000000000000014,-0.5387,12629.73,37255.769
000869.SZ,20191009,30.13,30.45,28.99,29.7,30.34,-0.6400000000000006,-2.1094,18795.02,55801.256
000869.SZ,20191008,30.1,31.06,30.09,30.34,30.05,0.28999999999999915,0.9651,19501.65,59622.143
000869.SZ,20190930,30.58,31.1,30.05,30.05,30.62,-0.5700000000000003,-1.8615,12528.24,38203.138
000869.SZ,20190927,30.28,30.85,30.03,30.62,30.28,0.33999999999999986,1.1229,17489.09,53444.745
000869.SZ,20190926,30.98,31.49,30.15,30.28,31.01,-0.7300000000000004,-2.3541,28090.29,86496.116
000869.SZ,20190925,30.45,31.53,30.45,31.01,30.68,0.33000000000000185,1.0756,41212.61,128131.92
000869.SZ,20190924,29.62,31.14,29.62,30.68,29.72,0.9600000000000009,3.2301,38395.46,117558.28
000869.SZ,20190923,30.24,30.34,29.56,29.72,30.44,-0.7200000000000024,-2.3653,19256.8,57462.5
000869.SZ,20190920,29.86,30.6,29.67,30.44,29.66,0.7800000000000011,2.6298,29127.02,88092.711
000869.SZ,20190919,29.98,29.98,29.33,29.66,29.77,-0.10999999999999943,-0.3695,13620.86,40291.43
000869.SZ,20190918,29.18,29.96,29.16,29.77,29.14,0.629999999999999,2.162,17517.26,51923.861
000869.SZ,20190917,29.83,29.9,29.09,29.14,29.81,-0.6699999999999982,-2.2476,14551.01,42791.886
000869.SZ,20190916,30.0,30.25,29.7,29.81,29.99,-0.17999999999999972,-0.6002,13940.48,41769.274
000869.SZ,20190912,29.83,30.01,29.66,29.99,29.82,0.16999999999999815,0.5701,12579.41,37588.239
000869.SZ,20190911,30.3,30.4,29.79,29.82,30.27,-0.4499999999999993,-1.4866,14654.77,43901.242
000869.SZ,20190910,29.92,30.3,29.64,30.27,29.94,0.3299999999999983,1.1022,20284.71,60881.949
000869.SZ,20190909,29.85,30.03,29.57,29.94,29.59,0.3500000000000014,1.1828,20510.95,61230.051
000869.SZ,20190906,29.51,29.76,29.25,29.59,29.44,0.14999999999999858,0.5095,20213.03,59742.098
000869.SZ,20190905,29.24,29.74,29.24,29.44,29.17,0.2699999999999996,0.9256,23352.24,68862.534
000869.SZ,20190904,29.25,29.26,28.98,29.17,29.14,0.030000000000001137,0.103,12863.0,37451.875
000869.SZ,20190903,29.12,29.36,29.0,29.14,29.1,0.03999999999999915,0.1375,13250.76,38639.477
000869.SZ,20190902,28.81,29.14,28.6,29.1,28.89,0.21000000000000085,0.7269,20039.36,57933.842
000869.SZ,20190830,28.64,29.29,28.59,28.89,28.49,0.40000000000000213,1.404,20523.65,59368.73
000869.SZ,20190829,28.98,29.08,28.42,28.49,28.93,-0.4400000000000013,-1.5209,18100.94,51769.759
000869.SZ,20190828,29.2,29.4,28.89,28.93,29.58,-0.6499999999999986,-2.1974,21040.02,61114.393
000869.SZ,20190827,28.88,29.8,28.84,29.58,28.7,0.879999999999999,3.0662,22973.58,67565.05
000869.SZ,20190826,28.99,29.24,28.52,28.7,29.32,-0.620000000000001,-2.1146,13838.77,39862.108
000869.SZ,20190823,29.46,29.46,28.99,29.32,29.44,-0.120000000000001,-0.4076,12775.35,37402.111
000869.SZ,20190822,29.4,29.59,29.1,29.44,29.25,0.19000000000000128,0.6496,12097.54,35450.01
000869.SZ,20190821,29.59,29.65,29.15,29.25,29.74,-0.48999999999999844,-1.6476,12190.68,35796.783
000869.SZ,20190820,29.81,30.06,29.57,29.74,29.81,-0.07000000000000028,-0.2348,12051.3,35930.887
000869.SZ,20190819,29.27,29.87,29.27,29.81,29.21,0.5999999999999979,2.0541,15578.44,46209.289
000869.SZ,20190816,28.67,29.47,28.67,29.21,28.72,0.490000000000002,1.7061,16602.61,48493.318
000869.SZ,20190815,28.45,28.86,28.32,28.72,28.86,-0.14000000000000057,-0.4851,9529.35,27295.342
000869.SZ,20190814,29.18,29.25,28.69,28.86,28.82,0.03999999999999915,0.1388,10091.57,29219.261
000869.SZ,20190813,28.62,28.98,28.62,28.82,28.92,-0.10000000000000142,-0.3458,8122.81,23374.765
000869.SZ,20190812,27.92,29.0,27.92,28.92,27.95,0.9700000000000024,3.4705,13566.29,38897.206
000869.SZ,20190809,28.51,28.61,27.88,27.95,28.4,-0.4499999999999993,-1.5845,9546.58,26956.988
000869.SZ,20190808,27.89,28.44,27.89,28.4,27.86,0.5399999999999991,1.9383,11631.68,32839.369
000869.SZ,20190807,28.16,28.2,27.68,27.86,28.05,-0.19000000000000128,-0.6774,10534.97,29402.803
000869.SZ,20190806,28.18,28.5,27.54,28.05,28.41,-0.35999999999999943,-1.2672,17467.41,48959.744
000869.SZ,20190805,28.73,28.76,28.25,28.41,28.74,-0.3299999999999983,-1.1482,10628.84,30309.031
000869.SZ,20190802,29.0,29.21,28.54,28.74,29.26,-0.5200000000000031,-1.7772,15772.13,45321.38
000869.SZ,20190801,29.79,29.8,29.2,29.26,29.8,-0.5399999999999991,-1.8121,10996.77,32358.347
000869.SZ,20190731,30.15,30.19,29.67,29.8,30.1,-0.3000000000000007,-0.9967,8700.14,25981.271
000869.SZ,20190730,30.02,30.33,30.02,30.1,30.05,0.05000000000000071,0.1664,9157.84,27626.676
000869.SZ,20190729,30.08,30.22,29.9,30.05,30.09,-0.03999999999999915,-0.1329,8021.46,24096.802
000869.SZ,20190726,30.03,30.21,29.88,30.09,30.0,0.08999999999999986,0.3,8479.36,25499.291
000869.SZ,20190725,29.68,30.05,29.6,30.0,29.93,0.07000000000000028,0.2339,12394.89,37010.524
000869.SZ,20190724,29.62,30.02,29.57,29.93,29.62,0.3099999999999987,1.0466,12938.03,38632.217
000869.SZ,20190723,29.74,29.74,29.33,29.62,29.43,0.19000000000000128,0.6456,8793.06,25962.645
000869.SZ,20190722,30.06,30.22,29.4,29.43,30.06,-0.629999999999999,-2.0958,14393.79,42545.614
000869.SZ,20190719,30.44,30.48,29.96,30.06,30.1,-0.0400000000000027,-0.1329,11116.29,33569.653
000869.SZ,20190718,30.79,30.8,30.01,30.1,30.94,-0.8399999999999999,-2.7149,17378.39,52554.025
000869.SZ,20190717,31.3,31.3,30.72,30.94,31.01,-0.07000000000000028,-0.2257,11922.25,36907.408
000869.SZ,20190716,30.9,31.68,30.79,31.01,30.84,0.1700000000000017,0.5512,18565.48,57934.471
000869.SZ,20190715,30.9,31.18,30.2,30.84,31.07,-0.23000000000000043,-0.7403,17725.33,54332.831
000869.SZ,20190712,31.12,31.38,30.9,31.07,31.07,0.0,0.0,13560.92,42145.655
000869.SZ,20190711,31.5,31.55,30.97,31.07,31.38,-0.3099999999999987,-0.9879,20104.11,62690.437
000869.SZ,20190710,32.29,32.31,31.3,31.38,32.49,-1.110000000000003,-3.4164,27847.0,88232.98
000869.SZ,20190709,30.97,32.55,30.92,32.49,30.98,1.5100000000000016,4.8741,34382.04,109622.032
000869.SZ,20190708,32.13,32.13,30.9,30.98,31.9,-0.9199999999999982,-2.884,20328.98,63647.545
000869.SZ,20190705,31.4097,32.0576,31.2625,31.9005,31.292,0.6084999999999994,1.9446,26935.3,86945.215
000869.SZ,20190704,31.8024,31.9889,31.0662,31.292,31.93,-0.6379999999999981,-1.9981,29466.3,94292.384
000869.SZ,20190703,31.9987,33.0588,31.557,31.93,31.9987,-0.06869999999999976,-0.2147,42008.97,138305.229
000869.SZ,20190702,32.0968,32.3422,31.8122,31.9987,32.0968,-0.0981000000000023,-0.3056,23387.19,76450.778
000869.SZ,20190701,31.8514,32.2441,31.5668,32.0968,31.5275,0.5693000000000019,1.8057,26215.46,85312.923
000869.SZ,20190628,31.1742,32.0478,31.0957,31.5275,31.1938,0.33370000000000033,1.0698,29128.28,93704.713
000869.SZ,20190627,31.341,31.7042,31.076,31.1938,31.3312,-0.13739999999999952,-0.4385,21108.85,67366.123
000869.SZ,20190626,30.8503,31.3509,30.6834,31.3312,30.8895,0.4416999999999973,1.4299,18861.47,59796.618
000869.SZ,20190625,30.7227,31.0858,30.438,30.8895,30.8699,0.019600000000000506,0.0635,18178.58,56972.166
000869.SZ,20190624,30.8699,31.1055,30.5558,30.8699,30.8797,-0.009799999999998477,-0.0317,15896.71,49944.297
000869.SZ,20190621,30.7717,31.1742,30.6245,30.8797,30.7717,0.10800000000000054,0.351,23958.81,75360.422
000869.SZ,20190620,30.2613,31.076,30.0159,30.7717,30.2613,0.5104000000000006,1.6866,32214.87,100839.877
000869.SZ,20190619,29.7215,30.6932,29.6135,30.2613,29.3976,0.8636999999999979,2.938,36320.34,112101.646
000869.SZ,20190618,28.9559,29.5546,28.789,29.3976,28.9559,0.44170000000000087,1.5254,19340.33,57654.549
000869.SZ,20190617,28.524,29.0442,28.4651,28.9559,28.4749,0.4809999999999981,1.6892,14435.35,42320.713
000869.SZ,20190614,29.1325,29.1325,28.4749,28.4749,28.8872,-0.41229999999999833,-1.4273,24176.63,71069.879
000869.SZ,20190613,28.9559,29.0442,28.6908,28.8872,28.8773,0.009899999999998244,0.0343,11871.03,34969.736
000869.SZ,20190612,28.9559,29.1129,28.6418,28.8773,29.1424,-0.2650999999999968,-0.9097,12244.39,36105.195
000869.SZ,20190611,28.308,29.1424,28.2197,29.1424,28.1706,0.9717999999999982,3.4497,23712.68,69689.565
000869.SZ,20190610,28.416,28.4749,28.043,28.1706,28.1804,-0.009799999999998477,-0.0348,13035.69,37497.305
000869.SZ,20190606,28.5534,28.6319,28.0921,28.1804,28.5436,-0.36320000000000263,-1.2724,11408.08,32892.904
000869.SZ,20190605,28.308,28.6516,27.4933,28.5436,28.0725,0.47109999999999985,1.6782,17629.94,51045.882
000869.SZ,20190604,28.5731,28.5731,27.9154,28.0725,28.416,-0.3434999999999988,-1.2088,13165.54,37770.643
000869.SZ,20190603,28.2688,28.7497,28.0725,28.416,28.308,0.10800000000000054,0.3815,15911.98,46044.694
000869.SZ,20190531,28.3473,28.6614,28.1706,28.308,28.4651,-0.1570999999999998,-0.5519,10261.9,29676.068
000869.SZ,20190530,28.4651,28.6908,28.1215,28.4651,28.3179,0.147199999999998,0.5198,13302.97,38460.351
000869.SZ,20190529,28.0038,28.6025,27.9252,28.3179,28.0136,0.30430000000000135,1.0863,12591.77,36356.923
000869.SZ,20190528,28.0725,28.524,27.9252,28.0136,28.151,-0.13739999999999952,-0.4881,11462.87,32891.835
000869.SZ,20190527,27.5817,28.2393,27.3854,28.151,27.5817,0.5692999999999984,2.064,14424.59,40948.358
000869.SZ,20190524,27.3854,27.9252,27.3854,27.5817,27.5424,0.03930000000000078,0.1427,9777.75,27510.564
000869.SZ,20190523,28.2001,28.259,27.4541,27.5424,28.2491,-0.7066999999999979,-2.5017,19391.38,54639.311
000869.SZ,20190522,28.259,28.7105,28.151,28.2491,28.3866,-0.13750000000000284,-0.4844,17060.73,49425.296
000869.SZ,20190521,27.8663,28.7792,27.3756,28.3866,27.6897,0.696900000000003,2.5168,28418.92,81705.7
000869.SZ,20190520,27.8958,27.9743,27.1302,27.6897,27.8762,-0.18650000000000233,-0.669,18023.1,50384.935
000869.SZ,20190517,28.8086,28.9068,27.7289,27.8762,28.7301,-0.8538999999999994,-2.9721,20879.84,60282.492
000869.SZ,20190516,28.8577,29.054,28.5927,28.7301,28.7596,-0.02949999999999875,-0.1026,24226.08,70982.854
000869.SZ,20190515,28.2491,28.9068,28.2295,28.7596,27.9449,0.8146999999999984,2.9154,28355.71,82827.5
000869.SZ,20190514,28.2982,28.3767,27.886,27.9449,28.4945,-0.5495999999999981,-1.9288,17488.55,50096.973
000869.SZ,20190513,28.1117,28.7596,27.886,28.4945,28.3473,0.147199999999998,0.5193,21431.7,62028.462
000869.SZ,20190510,27.8565,28.4651,27.6995,28.3473,27.6602,0.6871000000000009,2.4841,30876.94,88501.813
000869.SZ,20190509,27.7093,28.0038,27.5522,27.6602,27.9056,-0.24540000000000006,-0.8794,13604.62,38454.843
000869.SZ,20190508,27.6209,28.2786,27.5621,27.9056,28.0528,-0.14720000000000155,-0.5247,16940.81,48276.026
000869.SZ,20190507,28.0136,28.4356,27.7191,28.0528,27.6897,0.36310000000000286,1.3113,20443.58,58423.986
000869.SZ,20190506,28.3571,28.7497,27.3657,27.6897,28.8872,-1.1975000000000016,-4.1454,31807.61,91159.136
000869.SZ,20190430,28.4062,29.0933,28.4062,28.8872,28.6123,0.2748999999999988,0.9608,21721.4,63827.815
000869.SZ,20190429,29.7509,29.8883,28.2197,28.6123,30.2319,-1.6195999999999984,-5.3573,52742.44,155411.1
000869.SZ,20190426,30.7717,30.9681,30.0356,30.2319,30.8503,-0.6184000000000012,-2.0045,26391.11,81667.43
000869.SZ,20190425,31.8514,32.1852,30.7227,30.8503,31.8809,-1.0305999999999997,-3.2327,27411.55,88161.251
000869.SZ,20190424,32.1263,32.4404,31.341,31.8809,32.0968,-0.2159000000000013,-0.6727,21933.93,71157.04
000869.SZ,20190423,32.5385,32.5876,31.8809,32.0968,32.4895,-0.39269999999999783,-1.2087,29728.86,97408.712
000869.SZ,20190422,32.4404,33.5594,32.352,32.4895,32.1165,0.37299999999999756,1.1614,49289.51,164977.25
000869.SZ,20190419,31.9791,32.195,31.5079,32.1165,31.9594,0.15710000000000335,0.4916,20796.35,67391.126
000869.SZ,20190418,31.9202,32.5876,31.8024,31.9594,31.9103,0.049099999999999255,0.1539,28804.72,94490.781
000869.SZ,20190417,32.0576,32.1852,31.4097,31.9103,32.0576,-0.14730000000000132,-0.4595,24507.68,79761.382
000869.SZ,20190416,31.6061,32.1361,31.2625,32.0576,31.8514,0.20619999999999905,0.6474,26458.54,85289.136
000869.SZ,20190415,31.9987,32.3619,31.7827,31.8514,31.7926,0.05880000000000152,0.1849,26677.25,87268.202
000869.SZ,20190412,31.6159,32.0674,31.4097,31.7926,31.5275,0.26510000000000034,0.8409,21606.27,69747.058
000869.SZ,20190411,32.6858,32.8526,31.4883,31.5275,32.8919,-1.3643999999999998,-4.1481,43287.76,141496.876
000869.SZ,20190410,32.0968,33.3434,31.9791,32.8919,32.3128,0.5790999999999968,1.7922,55615.31,185991.379
000869.SZ,20190409,32.3815,32.3815,31.6551,32.3128,32.3324,-0.019599999999996953,-0.0606,29665.91,96855.073
000869.SZ,20190408,32.6858,33.3434,31.8809,32.3324,32.5778,-0.24540000000000362,-0.7533,55698.07,185442.239
000869.SZ,20190404,32.4895,32.9115,31.8024,32.5778,32.352,0.22580000000000666,0.6979,61696.02,203364.352
000869.SZ,20190403,31.6748,32.6661,31.4785,32.352,31.7238,0.6281999999999961,1.9802,48855.76,160643.164
000869.SZ,20190402,32.2441,32.2441,31.5177,31.7238,32.3226,-0.5988000000000007,-1.8526,56605.95,183325.659
000869.SZ,20190401,31.3607,32.5778,31.2233,32.3226,31.3803,0.942300000000003,3.0028,84641.48,273334.237
000869.SZ,20190329,30.0258,31.4392,30.0258,31.3803,30.1337,1.2465999999999973,4.1369,67755.84,213619.824
000869.SZ,20190328,30.6736,30.9582,29.9374,30.1337,30.7325,-0.5988000000000007,-1.9484,35310.67,109029.38
000869.SZ,20190327,30.2417,30.9681,30.0159,30.7325,30.1632,0.5693000000000019,1.8874,45001.92,140163.951
000869.SZ,20190326,30.1435,30.546,29.957,30.1632,30.1337,0.02949999999999875,0.0979,31297.71,96411.458
000869.SZ,20190325,30.3104,30.6245,29.9276,30.1337,30.7325,-0.5988000000000007,-1.9484,32907.12,101329.338
000869.SZ,20190322,30.8699,31.5177,30.2221,30.7325,30.8895,-0.15700000000000003,-0.5083,43659.37,137184.93
000869.SZ,20190321,31.0171,31.1938,30.5264,30.8895,31.2625,-0.37299999999999756,-1.1931,51665.75,162181.433
000869.SZ,20190320,30.2123,31.8024,29.9374,31.2625,30.2123,1.0502000000000002,3.4761,85967.05,270884.446
000869.SZ,20190319,30.5852,31.292,29.9374,30.2123,30.5264,-0.3140999999999998,-1.0289,61177.04,188938.934
000869.SZ,20190318,28.7399,30.8012,28.7203,30.5264,28.7105,1.8158999999999992,6.3249,90201.44,275307.812
000869.SZ,20190315,28.6418,29.1325,28.2786,28.7105,28.416,0.2944999999999993,1.0364,33578.28,98474.845
000869.SZ,20190314,28.6418,28.8381,28.2491,28.416,28.6614,-0.24540000000000006,-0.8562,21430.83,62313.8
000869.SZ,20190313,29.1522,29.3485,28.4945,28.6614,29.1227,-0.4612999999999978,-1.584,22336.26,65861.941
000869.SZ,20190312,29.1129,29.4859,28.8577,29.1227,29.0246,0.09809999999999874,0.338,30879.99,91772.884
000869.SZ,20190311,28.3277,29.0246,28.3179,29.0246,28.2688,0.7558000000000007,2.6736,23402.85,68606.232
000869.SZ,20190308,29.2013,29.427,28.2688,28.2688,29.6037,-1.334900000000001,-4.5092,37985.82,111901.466
000869.SZ,20190307,30.0356,30.0356,29.4466,29.6037,29.9963,-0.3926000000000016,-1.3088,34287.69,103586.891
000869.SZ,20190306,29.8883,30.1239,29.5644,29.9963,29.8491,0.14720000000000155,0.4931,34025.09,103210.897
000869.SZ,20190305,29.4466,29.8785,29.2601,29.8491,29.3485,0.5005999999999986,1.7057,34868.86,105367.0
000869.SZ,20190304,29.2798,29.9276,28.7596,29.3485,29.2601,0.08840000000000003,0.3021,46846.88,140693.355
000869.SZ,20190301,28.9559,29.5742,28.6319,29.2601,28.9166,0.34350000000000236,1.1879,26876.2,79725.494
000869.SZ,20190228,28.9951,29.3289,28.6614,28.9166,29.0736,-0.15700000000000003,-0.54,21346.73,63097.601
000869.SZ,20190227,28.7399,29.7313,28.6614,29.0736,28.789,0.2845999999999975,0.9886,44158.73,131605.058
000869.SZ,20190226,28.7301,29.1522,28.2688,28.789,28.7203,0.06869999999999976,0.2392,37729.66,110214.02
000869.SZ,20190225,27.67,28.7301,27.5228,28.7203,27.4835,1.2368000000000023,4.5002,40668.79,116817.689
000869.SZ,20190222,27.3756,27.5817,27.0615,27.4835,27.3756,0.10790000000000077,0.3941,20397.29,56748.951
000869.SZ,20190221,27.4345,27.6897,27.3363,27.3756,27.3657,0.009899999999998244,0.0362,23722.68,66480.899
000869.SZ,20190220,27.4246,27.7387,27.1596,27.3657,27.3854,-0.019700000000000273,-0.0719,19452.58,54267.081
000869.SZ,20190219,27.6798,27.9547,27.2578,27.3854,27.7387,-0.35330000000000084,-1.2737,23730.0,66649.915
000869.SZ,20190218,27.1498,27.7387,27.1498,27.7387,27.0615,0.6772000000000027,2.5024,26328.44,73783.526
000869.SZ,20190215,27.4835,27.5228,26.9437,27.0615,27.5817,-0.5202000000000027,-1.886,23516.97,65266.75
000869.SZ,20190214,27.3854,27.7191,27.2872,27.5817,27.3952,0.18650000000000233,0.6808,26644.09,74683.617
000869.SZ,20190213,27.1596,27.4835,27.0124,27.3952,27.1596,0.23559999999999803,0.8675,27644.3,76633.504
000869.SZ,20190212,26.8259,27.1891,26.7179,27.1596,26.924,0.23560000000000159,0.8751,26321.29,72350.913
000869.SZ,20190211,26.0603,27.1105,26.0014,26.924,26.1486,0.7754000000000012,2.9654,22079.17,60004.199
000869.SZ,20190201,25.5793,26.1682,25.5793,26.1486,25.5401,0.6084999999999994,2.3825,10718.79,28361.309
000869.SZ,20190131,25.5302,25.8836,25.3732,25.5401,25.4419,0.09819999999999851,0.386,11500.96,30033.114
000869.SZ,20190130,25.9425,26.0701,25.4321,25.4419,25.9425,-0.5005999999999986,-1.9297,10878.78,28534.383
000869.SZ,20190129,26.2075,26.3351,25.7167,25.9425,26.3351,-0.3926000000000016,-1.4908,12089.08,31919.403
000869.SZ,20190128,26.1781,26.659,26.1584,26.3351,26.1094,0.2256999999999998,0.8644,16149.2,43437.111
000869.SZ,20190125,26.1192,26.4038,25.913,26.1094,26.1192,-0.009799999999998477,-0.0375,13141.21,35081.156
000869.SZ,20190124,26.1094,26.1879,25.8051,26.1192,26.0799,0.03930000000000078,0.1507,10261.81,27251.871
000869.SZ,20190123,25.864,26.1584,25.8443,26.0799,26.0112,0.06869999999999976,0.2641,9399.28,24915.01
000869.SZ,20190122,26.4235,26.4235,25.8542,26.0112,26.4038,-0.3926000000000016,-1.4869,12101.88,32125.889
000869.SZ,20190121,26.0406,26.7474,26.0406,26.4038,26.0897,0.3140999999999998,1.2039,24891.23,66994.296
000869.SZ,20190118,25.6971,26.1584,25.6971,26.0897,25.6382,0.45149999999999935,1.761,17975.45,47582.932
000869.SZ,20190117,25.9229,25.9523,25.6088,25.6382,25.9327,-0.2944999999999993,-1.1356,9764.76,25663.41
000869.SZ,20190116,26.1682,26.1682,25.6578,25.9327,26.2271,-0.29439999999999955,-1.1225,18773.26,49422.801
000869.SZ,20190115,25.3241,26.3155,25.1867,26.2271,25.2063,1.0208000000000013,4.0498,22507.4,59217.373
000869.SZ,20190114,25.648,25.648,25.1769,25.2063,25.6088,-0.40249999999999986,-1.5717,8284.35,21373.604
000869.SZ,20190111,25.5204,25.6775,25.4223,25.6088,25.4223,0.18649999999999878,0.7336,8209.44,21365.293
000869.SZ,20190110,25.383,25.5793,25.2947,25.4223,25.4321,-0.009799999999998477,-0.0385,7706.59,19934.076
000869.SZ,20190109,25.3732,25.8542,25.3732,25.4321,25.3536,0.07849999999999824,0.3096,14203.39,37072.691
000869.SZ,20190108,25.4223,25.5106,25.275,25.3536,25.5989,-0.2453000000000003,-0.9582,8258.27,21334.127
000869.SZ,20190107,25.275,25.6186,25.1376,25.5989,25.0689,0.5300000000000011,2.1142,14620.93,37898.01
000869.SZ,20190104,24.5389,25.0984,24.3916,25.0689,24.7254,0.3434999999999988,1.3893,13674.11,34568.511
000869.SZ,20190103,25.2456,25.4419,24.6665,24.7254,25.226,-0.5005999999999986,-1.9845,11456.5,29233.365
000869.SZ,20190102,25.5401,25.7069,25.1278,25.226,25.5204,-0.29439999999999955,-1.1536,8780.13,22667.525
000869.SZ,20181228,25.6971,25.756,25.3339,25.5204,25.5302,-0.00980000000000203,-0.0384,10135.28,26384.297
000869.SZ,20181227,25.864,26.1486,25.5302,25.5302,25.5793,-0.049099999999999255,-0.192,10192.84,26705.116
000869.SZ,20181226,26.1486,26.2173,25.5793,25.5793,26.1486,-0.5692999999999984,-2.1772,12901.9,33856.37
000869.SZ,20181225,26.6492,26.6885,25.913,26.1486,26.875,-0.7264000000000017,-2.7029,19188.05,51172.253
000869.SZ,20181224,26.7964,26.9928,26.6983,26.875,26.8357,0.03930000000000078,0.1464,8035.23,21971.25
000869.SZ,20181221,27.0713,27.0713,26.6885,26.8357,27.1105,-0.27479999999999905,-1.0136,7088.26,19407.207
000869.SZ,20181220,26.6688,27.2381,26.6001,27.1105,26.7474,0.3630999999999993,1.3575,10042.4,27524.752
000869.SZ,20181219,26.8161,27.0418,26.6885,26.7474,26.8946,-0.14720000000000155,-0.5473,7620.42,20857.326
000869.SZ,20181218,26.7277,27.032,26.5118,26.8946,26.9829,-0.08830000000000027,-0.3272,10924.17,29822.146
000869.SZ,20181217,27.1007,27.2774,26.7572,26.9829,27.1891,-0.20619999999999905,-0.7584,11556.33,31697.895
000869.SZ,20181214,27.67,27.6897,27.1007,27.1891,27.7289,-0.5397999999999996,-1.9467,15610.52,43529.37
000869.SZ,20181213,27.935,27.9645,27.4345,27.7289,27.8271,-0.09820000000000206,-0.3529,21038.18,59375.897
000869.SZ,20181212,26.7179,27.8663,26.7179,27.8271,26.6983,1.1288000000000018,4.228,27564.54,76984.542
000869.SZ,20181211,26.7572,27.0026,26.5805,26.6983,26.7572,-0.058900000000001285,-0.2201,8647.17,23564.459
000869.SZ,20181210,26.8652,26.9731,26.7081,26.7572,26.9142,-0.15700000000000003,-0.5833,6846.05,18702.245
000869.SZ,20181207,26.9437,27.14,26.8652,26.9142,26.9142,0.0,0.0,6668.22,18328.129
000869.SZ,20181206,27.1891,27.2774,26.7964,26.9142,27.3167,-0.40249999999999986,-1.4735,13351.66,36724.522
000869.SZ,20181205,27.1891,27.6013,26.9633,27.3167,27.5424,-0.2256999999999998,-0.8195,16421.64,45695.821
000869.SZ,20181204,27.6013,27.6209,27.3069,27.5424,27.6798,-0.13739999999999952,-0.4964,14159.26,39629.198
000869.SZ,20181203,27.4345,27.8467,27.0516,27.6798,26.924,0.7558000000000007,2.8072,38503.06,107950.975
000869.SZ,20181130,26.659,27.0909,26.502,26.924,26.6492,0.27479999999999905,1.0312,14641.11,39870.773
000869.SZ,20181129,27.1498,27.4345,26.5609,26.6492,27.0222,-0.3730000000000011,-1.3803,14442.37,39768.028
000869.SZ,20181128,26.8946,27.0418,26.5412,27.0222,26.8946,0.12760000000000105,0.4744,9368.51,25628.569
000869.SZ,20181127,26.875,26.9731,26.6983,26.8946,26.7474,0.14720000000000155,0.5503,4705.33,12862.753
000869.SZ,20181126,27.2283,27.3657,26.5216,26.7474,27.2283,-0.4809000000000019,-1.7662,10076.47,27634.985
000869.SZ,20181123,28.1215,28.1608,27.2185,27.2283,28.0725,-0.8442000000000007,-3.0072,11191.1,31443.855
000869.SZ,20181122,28.2001,28.2491,27.778,28.0725,28.0823,-0.009799999999998477,-0.0349,8021.8,22877.759
000869.SZ,20181121,27.8762,28.1706,27.7976,28.0823,28.1019,-0.019600000000000506,-0.0697,10039.89,28622.717
000869.SZ,20181120,28.7497,28.8479,28.0725,28.1019,28.897,-0.7950999999999979,-2.7515,11643.94,33744.501
000869.SZ,20181119,28.8872,29.1914,28.7497,28.897,28.9362,-0.03920000000000101,-0.1355,14504.62,42697.915
000869.SZ,20181116,28.681,29.0736,28.681,28.9362,28.6516,0.2846000000000011,0.9933,12271.06,36095.971
000869.SZ,20181115,28.4749,28.7105,28.3669,28.6516,28.3866,0.264999999999997,0.9335,13744.48,39928.263
000869.SZ,20181114,28.5142,28.6614,28.3277,28.3866,28.5142,-0.1275999999999975,-0.4475,10017.58,29069.781
000869.SZ,20181113,27.7486,28.6418,27.6798,28.5142,28.0234,0.4908000000000001,1.7514,14384.03,41406.031
000869.SZ,20181112,27.5817,28.0528,27.3559,28.0234,27.5228,0.5005999999999986,1.8189,10465.69,29638.754
000869.SZ,20181109,28.2197,28.2393,27.4246,27.5228,28.2393,-0.7164999999999999,-2.5372,13750.69,38895.176
000869.SZ,20181108,28.4651,28.6614,28.1804,28.2393,28.2491,-0.009799999999998477,-0.0347,9106.57,26395.045
000869.SZ,20181107,28.4062,28.6614,28.1804,28.2491,28.3571,-0.10800000000000054,-0.3809,10622.67,30759.91
000869.SZ,20181106,28.9068,28.9068,28.0823,28.3571,28.897,-0.5398999999999994,-1.8684,12144.29,35063.369
000869.SZ,20181105,29.1522,29.1522,28.4749,28.897,29.162,-0.26500000000000057,-0.9087,13502.69,39525.007
000869.SZ,20181102,28.1706,29.4466,28.0626,29.162,27.778,1.3840000000000003,4.9824,21029.94,61692.105
000869.SZ,20181101,28.043,28.5338,27.7387,27.778,27.8173,-0.03930000000000078,-0.1413,15665.29,45030.948
000869.SZ,20181031,27.3756,28.0234,27.3756,27.8173,27.3657,0.4515999999999991,1.6502,11145.16,31610.487
000869.SZ,20181030,27.6504,27.7682,26.4038,27.3657,27.7682,-0.40249999999999986,-1.4495,12966.39,35910.185
000869.SZ,20181029,28.8381,28.8381,27.4835,27.7682,28.9559,-1.1876999999999995,-4.1018,7571.5,21504.964
000869.SZ,20181026,29.4368,29.5742,28.8773,28.9559,29.1031,-0.14720000000000155,-0.5058,4500.26,13355.754
000869.SZ,20181025,28.5632,29.3289,28.2884,29.1031,29.427,-0.3238999999999983,-1.1007,6136.69,17991.71
000869.SZ,20181024,29.2601,29.7804,28.6418,29.427,29.4466,-0.019600000000000506,-0.0666,7007.67,20895.581
000869.SZ,20181023,30.8208,30.8208,29.1129,29.4466,30.5264,-1.0797999999999988,-3.5373,10715.2,32412.829
000869.SZ,20181022,29.162,30.6049,29.162,30.5264,28.9264,1.5999999999999979,5.5313,14720.75,45029.127
000869.SZ,20181019,28.0725,28.9264,27.8762,28.9264,28.308,0.6184000000000012,2.1845,10814.23,31493.346
000869.SZ,20181018,28.4553,28.7105,27.935,28.308,28.5436,-0.23560000000000159,-0.8254,7502.67,21642.333
000869.SZ,20181017,28.9559,29.1424,27.7682,28.5436,28.5632,-0.019599999999996953,-0.0686,9756.09,28370.33
000869.SZ,20181016,29.7411,30.0061,28.4455,28.5632,29.7411,-1.177900000000001,-3.9605,13853.52,41110.304
000869.SZ,20181015,30.7914,30.7914,29.6037,29.7411,30.6049,-0.8638000000000012,-2.8224,10645.88,32752.794
000869.SZ,20181012,31.5079,31.5177,29.9669,30.6049,31.2331,-0.6281999999999996,-2.0113,17983.52,56010.592
000869.SZ,20181011,33.6673,33.8931,31.0269,31.2331,34.4722,-3.2391000000000005,-9.3963,23579.29,77502.547
000869.SZ,20181010,34.4133,34.5704,34.217,34.4722,34.4133,0.058900000000001285,0.1712,3733.98,13101.576
000869.SZ,20181009,34.4526,34.8157,34.1581,34.4133,34.4722,-0.058900000000001285,-0.1709,4029.46,14144.434
000869.SZ,20181008,35.709,35.709,34.3544,34.4722,35.9445,-1.472299999999997,-4.096,7118.52,25310.679
000869.SZ,20180928,35.6893,36.0034,35.5028,35.9445,35.6893,0.255199999999995,0.7151,6621.91,24175.898
000869.SZ,20180927,35.9151,35.9151,35.385,35.6893,35.9838,-0.2944999999999993,-0.8184,5718.59,20747.218
000869.SZ,20180926,35.4734,36.3077,35.1691,35.9838,35.4734,0.5104000000000042,1.4388,12766.69,46619.702
000869.SZ,20180925,35.1593,35.5028,34.8648,35.4734,35.2869,0.18649999999999523,0.5285,7717.31,27740.372
000869.SZ,20180921,34.4722,35.3262,34.4722,35.2869,34.3544,0.9325000000000045,2.7144,11363.29,40516.262
000869.SZ,20180920,34.963,34.963,34.2563,34.3544,34.7372,-0.38280000000000314,-1.102,8373.79,29403.578
000869.SZ,20180919,34.2366,35.0611,34.0011,34.7372,34.2464,0.4908000000000001,1.4331,11658.25,41210.609
000869.SZ,20180918,33.9814,34.4231,33.7164,34.2464,33.9618,0.2846000000000046,0.838,11479.17,39817.764
000869.SZ,20180917,34.9433,35.0906,33.952,33.9618,35.0022,-1.0404000000000053,-2.9724,9971.41,34974.203
000869.SZ,20180914,35.3949,35.5814,34.9924,35.0022,35.493,-0.4908000000000001,-1.3828,13075.1,47017.462
000869.SZ,20180913,35.0317,35.5519,34.5115,35.493,34.8452,0.6478000000000037,1.8591,16179.38,58006.487
000869.SZ,20180912,35.1495,35.4047,34.6194,34.8452,35.1495,-0.3043000000000049,-0.8657,10274.17,36571.17
000869.SZ,20180911,35.336,36.2979,34.6489,35.1495,35.4734,-0.32389999999999475,-0.9131,10386.21,37344.183
000869.SZ,20180910,36.2684,36.4451,35.4341,35.4734,36.4942,-1.0208000000000013,-2.7972,9220.26,33644.009
000869.SZ,20180907,35.6206,36.5335,35.4243,36.4942,35.6206,0.8735999999999962,2.4525,8783.66,32265.822
000869.SZ,20180906,36.4353,36.9261,35.3065,35.6206,36.4451,-0.8244999999999933,-2.2623,7643.05,28075.047
000869.SZ,20180905,36.8574,37.0046,36.4255,36.4451,36.8574,-0.4123000000000019,-1.1186,6540.58,24536.007
000869.SZ,20180904,36.3666,36.9752,36.1016,36.8574,36.3175,0.5398999999999958,1.4866,7107.98,26546.811
000869.SZ,20180903,35.8267,36.4059,35.8267,36.3175,35.8562,0.4613000000000014,1.2865,7694.87,28391.735
000869.SZ,20180831,36.769,36.7789,35.7286,35.8562,37.0144,-1.1582000000000008,-3.1291,9219.97,34062.088
000869.SZ,20180830,37.0733,37.3874,36.2096,37.0144,37.6034,-0.5889999999999986,-1.5663,12072.64,45187.501
000869.SZ,20180829,37.2107,37.6034,36.9261,37.6034,37.4659,0.13750000000000284,0.367,7269.25,27643.406
000869.SZ,20180828,37.1028,37.4954,36.6709,37.4659,37.0242,0.4416999999999973,1.193,11227.88,42605.385
000869.SZ,20180827,36.4746,37.2304,36.4746,37.0242,36.3273,0.6968999999999994,1.9184,6784.65,25547.855
000869.SZ,20180824,36.6611,36.8181,36.1703,36.3273,36.6611,-0.33379999999999654,-0.9105,4202.01,15588.603
000869.SZ,20180823,36.8083,36.8083,36.2194,36.6611,36.7003,-0.03920000000000101,-0.1068,5765.0,21459.689
000869.SZ,20180822,36.4844,36.7789,36.0231,36.7003,36.3666,0.33370000000000033,0.9176,9320.02,34692.653
000869.SZ,20180821,35.4243,36.5433,35.336,36.3666,35.5617,0.8048999999999964,2.2634,8897.26,32744.463
000869.SZ,20180820,34.9433,35.6893,34.3348,35.5617,35.4341,0.12760000000000105,0.3601,13884.71,49445.443
000869.SZ,20180817,36.9065,37.0635,35.336,35.4341,36.7592,-1.325099999999999,-3.6048,10974.15,40406.121
000869.SZ,20180816,36.5138,37.1813,35.8267,36.7592,36.985,-0.22579999999999956,-0.6105,12744.76,47582.864
000869.SZ,20180815,37.7899,37.7899,36.6709,36.985,37.8586,-0.8736000000000033,-2.3075,16631.87,62739.683
000869.SZ,20180814,37.6132,38.0451,37.3089,37.8586,37.623,0.23560000000000514,0.6262,11562.1,44428.248
000869.SZ,20180813,37.3874,37.6819,36.7985,37.623,37.5739,0.0490999999999957,0.1307,11365.18,43044.901
000869.SZ,20180810,37.3089,37.7408,37.3089,37.5739,37.4463,0.12760000000000105,0.3408,16123.0,61677.527
000869.SZ,20180809,36.877,37.7015,36.6218,37.4463,36.8966,0.5497000000000014,1.4898,24531.12,93170.439
000869.SZ,20180808,38.9874,39.3309,36.8181,36.8966,39.1738,-2.2772000000000006,-5.8131,21308.32,82039.115
000869.SZ,20180807,38.3788,39.2622,37.9862,39.1738,38.3788,0.7950000000000017,2.0715,12917.7,50909.307
000869.SZ,20180806,38.3003,38.9677,37.4267,38.3788,38.3003,0.07849999999999824,0.205,14776.02,57623.092
000869.SZ,20180803,40.5873,40.5873,38.2904,38.3003,40.5873,-2.286999999999999,-5.6348,18919.97,75890.738
000869.SZ,20180802,41.029,41.029,39.164,40.5873,40.9406,-0.3533000000000044,-0.863,25266.63,102997.499
000869.SZ,20180801,42.2559,42.5504,40.6854,40.9406,42.2069,-1.266299999999994,-3.0002,19148.38,80912.41
000869.SZ,20180731,41.5787,42.4032,41.5787,42.2069,41.6964,0.5105000000000004,1.2243,14619.14,62711.851
000869.SZ,20180730,41.3725,41.8633,40.921,41.6964,41.3333,0.36309999999999576,0.8785,16123.05,68058.917
000869.SZ,20180727,41.5001,42.1872,41.2547,41.3333,41.5001,-0.16680000000000206,-0.4019,15141.78,64298.314
000869.SZ,20180726,41.1762,42.4228,40.7443,41.5001,41.1958,0.3043000000000049,0.7387,21545.26,91564.937
000869.SZ,20180725,40.5873,41.2057,40.0082,41.1958,40.4204,0.7753999999999976,1.9183,19866.71,82327.014
000869.SZ,20180724,40.1063,40.7345,39.4585,40.4204,40.2437,0.17670000000000385,0.4391,20710.1,85082.644
000869.SZ,20180723,40.6756,40.6756,39.3603,40.2437,40.764,-0.520300000000006,-1.2764,15845.29,64548.692
000869.SZ,20180720,40.3223,40.9014,39.645,40.764,40.283,0.48100000000000165,1.1941,11996.99,49303.492
000869.SZ,20180719,40.1456,40.5284,39.6548,40.283,40.1358,0.147199999999998,0.3668,18179.75,74553.788
000869.SZ,20180718,40.9701,41.3725,40.0867,40.1358,40.813,-0.6771999999999991,-1.6593,14836.56,61626.049
000869.SZ,20180717,40.2143,41.0192,39.9787,40.813,40.3026,0.5104000000000042,1.2664,14179.63,58507.36
000869.SZ,20180716,40.8032,41.3431,40.2437,40.3026,40.8032,-0.5005999999999986,-1.2269,10884.59,45010.333
000869.SZ,20180713,40.5382,41.029,40.2732,40.8032,40.4597,0.3434999999999988,0.849,14732.81,61080.97
000869.SZ,20180712,40.1456,40.9897,39.7726,40.4597,40.0572,0.4024999999999963,1.0048,19607.0,80967.345
000869.SZ,20180711,39.9493,40.5284,39.4683,40.0572,40.391,-0.33379999999999654,-0.8264,16013.22,65133.306
000869.SZ,20180710,39.4585,40.7051,39.3309,40.391,39.5076,0.8834000000000017,2.236,21574.6,88039.788
000869.SZ,20180709,39.3113,39.6548,38.7714,39.5076,38.8205,0.6870999999999938,1.7699,25357.12,101625.875
000869.SZ,20180706,38.1102,39.2638,37.7321,38.8276,38.2847,0.5428999999999959,1.4181,24433.14,97665.386
000869.SZ,20180705,38.6337,39.419,37.6739,38.2847,38.8663,-0.5816000000000017,-1.4964,25478.05,100405.874
000869.SZ,20180704,38.1586,39.0699,37.829,38.8663,38.1877,0.678600000000003,1.777,23524.63,93494.271
000869.SZ,20180703,38.5852,38.9051,37.2279,38.1877,38.7985,-0.6107999999999976,-1.5743,23829.81,93418.614
000869.SZ,20180702,38.5852,39.322,38.3234,38.7985,38.6434,0.15509999999999735,0.4014,24167.67,96999.631
000869.SZ,20180629,37.3637,39.0215,37.034,38.6434,37.4412,1.2021999999999977,3.2109,21447.51,84347.553
000869.SZ,20180628,36.8886,37.9841,36.6462,37.4412,37.4606,-0.01939999999999742,-0.0518,23780.91,91938.167
000869.SZ,20180627,39.4674,39.6904,37.3249,37.4606,39.4383,-1.9776999999999987,-5.0147,32797.41,128868.9
000869.SZ,20180626,38.7791,39.7486,38.401,39.4383,39.3705,0.0677999999999983,0.1722,24527.71,98909.578
000869.SZ,20180625,39.797,40.466,39.3608,39.3705,39.5741,-0.20360000000000156,-0.5145,19656.61,80972.814
000869.SZ,20180622,38.6337,39.8843,38.3719,39.5741,38.7791,0.7950000000000017,2.0501,19899.78,80656.687
000869.SZ,20180621,39.4674,40.4757,38.7015,38.7791,39.7389,-0.9598000000000013,-2.4153,20254.15,82773.478
000869.SZ,20180620,38.7791,40.2139,38.4883,39.7389,38.8276,0.9113000000000042,2.347,32101.28,130590.76
000869.SZ,20180619,41.4452,41.8717,38.0035,38.8276,41.4936,-2.666000000000004,-6.4251,40600.07,168660.816
000869.SZ,20180615,42.3662,42.754,41.0089,41.4936,42.1335,-0.6398999999999972,-1.5187,27500.32,118521.559
000869.SZ,20180614,42.657,43.3066,41.4936,42.1335,42.4243,-0.2908000000000044,-0.6855,24710.91,108396.702
000869.SZ,20180613,42.9866,43.675,42.3468,42.4243,42.9382,-0.5138999999999996,-1.1968,26921.53,119809.153
000869.SZ,20180612,42.5504,43.4811,41.4936,42.9382,42.6958,0.2424000000000035,0.5677,40463.47,177716.471
000869.SZ,20180611,43.7913,44.0046,42.4146,42.6958,43.675,-0.9791999999999987,-2.242,31415.26,139195.217
000869.SZ,20180608,43.1999,44.0627,42.7636,43.675,43.1902,0.4847999999999999,1.1225,29357.87,131770.734
000869.SZ,20180607,44.2954,44.5475,43.1127,43.1902,44.2954,-1.1052000000000035,-2.4951,24929.55,112207.977
000869.SZ,20180606,44.4021,44.7705,43.704,44.2954,44.3924,-0.09700000000000131,-0.2185,25620.15,116751.395
000869.SZ,20180605,44.1112,44.5572,43.1902,44.3924,44.0143,0.37810000000000343,0.859,28378.99,129020.629
000869.SZ,20180604,43.7719,44.8771,43.1417,44.0143,43.8107,0.20360000000000156,0.4647,34301.86,156032.436
000869.SZ,20180601,44.1112,44.7899,42.8509,43.8107,44.4311,-0.6204000000000036,-1.3963,35637.58,160563.974
000869.SZ,20180531,43.5586,45.1486,42.5601,44.4311,43.5295,0.901600000000002,2.0712,73212.2,334300.267
000869.SZ,20180530,41.4161,44.4408,40.5726,43.5295,41.4645,2.0649999999999977,4.9802,74875.19,333651.629
000869.SZ,20180529,42.434,43.9367,41.3967,41.4645,42.783,-1.3185000000000002,-3.0818,55461.27,245725.779
000869.SZ,20180528,40.3303,42.8509,40.0782,42.783,40.5823,2.2007000000000048,5.4228,47990.58,209541.063
000869.SZ,20180525,40.815,41.5615,40.5242,40.5823,41.0671,-0.484800000000007,-1.1805,13261.57,55925.635
000869.SZ,20180524,40.0879,41.1155,40.0782,41.0671,40.0782,0.988900000000001,2.4674,26202.01,110065.848
000869.SZ,20180523,41.2028,41.3482,39.9425,40.0782,41.6294,-1.5511999999999944,-3.7262,24758.14,103958.036
000869.SZ,20180522,41.2222,41.6487,40.8344,41.6294,41.2028,0.42659999999999343,1.0354,14373.68,61076.865
000869.SZ,20180521,41.1834,41.5227,40.4757,41.2028,41.164,0.038800000000001944,0.0943,19510.09,82385.996
000869.SZ,20180518,41.1349,41.4936,40.6211,41.164,41.2513,-0.08729999999999905,-0.2116,17169.35,72538.273
000869.SZ,20180517,41.29,41.7845,40.8247,41.2513,41.6875,-0.4361999999999995,-1.0464,23378.72,99434.325
000869.SZ,20180516,40.1461,42.6861,40.0685,41.6875,40.4951,1.1923999999999992,2.9446,61541.6,264276.59
000869.SZ,20180515,40.9119,41.0089,39.6613,40.4951,40.7084,-0.21329999999999671,-0.524,29542.2,122860.975
000869.SZ,20180514,39.671,40.7181,39.1669,40.7084,39.6419,1.0664999999999978,2.6903,32497.81,134372.211
000869.SZ,20180511,39.9037,40.3303,38.8954,39.6419,39.6807,-0.038800000000001944,-0.0978,25991.98,106471.969
000869.SZ,20180510,39.8552,40.3303,39.4674,39.6807,39.894,-0.21329999999999671,-0.5347,19360.86,79510.173
000869.SZ,20180509,39.4577,39.894,39.099,39.894,39.671,0.22299999999999898,0.5621,23124.27,94175.358
000869.SZ,20180508,39.1087,40.6987,38.9536,39.671,39.4093,0.2616999999999976,0.6641,50462.04,207432.397
000869.SZ,20180507,38.6725,39.7389,38.4204,39.4093,38.401,1.0082999999999984,2.6257,39836.22,160560.015
000869.SZ,20180504,38.6821,38.9148,38.2944,38.401,38.7791,-0.37809999999999633,-0.975,22888.41,91015.973
000869.SZ,20180503,37.131,38.7791,36.7529,38.7791,37.1601,1.6189999999999998,4.3568,34419.17,135478.809
000869.SZ,20180502,36.3554,37.2085,36.113,37.1601,36.4039,0.7561999999999998,2.0772,11774.85,44684.494
000869.SZ,20180427,36.8401,37.3734,36.2294,36.4039,37.7127,-1.308799999999998,-3.4704,26167.55,99312.348
000869.SZ,20180426,38.1974,38.2265,37.3927,37.7127,38.0811,-0.36840000000000117,-0.9674,17696.72,68881.609
000869.SZ,20180425,36.6559,38.1199,36.6366,38.0811,36.7432,1.3378999999999976,3.6412,25626.7,99292.075
000869.SZ,20180424,36.0839,37.0243,35.9385,36.7432,36.1033,0.6399000000000044,1.7724,14456.95,54677.746
000869.SZ,20180423,35.4344,36.1615,35.0951,36.1033,34.9981,1.1051999999999964,3.1579,24817.84,91385.102
000869.SZ,20180420,36.8401,36.9371,34.9787,34.9981,36.7432,-1.7451000000000008,-4.7495,16486.52,61304.319
000869.SZ,20180419,35.8222,36.9177,35.8222,36.7432,36.1421,0.6011000000000024,1.6632,12764.47,48253.762
000869.SZ,20180418,36.2585,36.3263,35.289,36.1421,36.0452,0.09689999999999799,0.2688,13212.58,48821.57
000869.SZ,20180417,36.8208,37.1504,35.987,36.0452,36.8208,-0.7755999999999972,-2.1064,11447.56,43324.854
000869.SZ,20180416,36.5784,36.9856,36.2972,36.8208,36.6172,0.20360000000000156,0.556,11234.21,42458.488
000869.SZ,20180413,36.9371,37.1892,36.5978,36.6172,36.6559,-0.03870000000000573,-0.1056,9214.87,35023.488
000869.SZ,20180412,37.1892,37.2861,36.5687,36.6559,37.1892,-0.533299999999997,-1.434,13648.44,51907.171
000869.SZ,20180411,37.1892,37.4024,36.8401,37.1892,37.1795,0.009700000000002262,0.0261,20899.38,80139.738
000869.SZ,20180410,36.9856,37.2958,36.6462,37.1795,37.1504,0.02909999999999968,0.0783,13702.59,52224.232
000869.SZ,20180409,37.7805,38.0035,36.4523,37.1504,37.8581,-0.7077000000000027,-1.8693,24601.48,93957.734
000869.SZ,20180404,38.1489,38.2944,37.7127,37.8581,38.0423,-0.18419999999999703,-0.4842,21830.48,85680.217
000869.SZ,20180403,37.5188,38.2944,36.9856,38.0423,37.6836,0.3586999999999989,0.9519,26371.94,103109.885
000869.SZ,20180402,37.4703,38.2944,37.4315,37.6836,37.3927,0.2909000000000006,0.778,23166.05,90303.929
000869.SZ,20180330,37.2279,37.7611,36.8886,37.3927,37.1116,0.281099999999995,0.7574,21482.14,83033.887
000869.SZ,20180329,36.8886,37.5479,36.6656,37.1116,37.034,0.07760000000000389,0.2095,16558.53,63420.442
000869.SZ,20180328,37.3346,37.7805,36.9371,37.034,37.829,-0.7950000000000017,-2.1016,19760.01,75933.241
000869.SZ,20180327,37.3927,37.955,37.005,37.829,37.6157,0.21330000000000382,0.5671,45838.72,177307.342
000869.SZ,20180326,35.9288,37.6254,35.9288,37.6157,35.7349,1.8807999999999936,5.2632,49603.79,188510.207
000869.SZ,20180323,36.3069,37.2279,35.3375,35.7349,36.5881,-0.853199999999994,-2.3319,36379.62,136702.977
000869.SZ,20180322,36.1809,36.6172,35.5604,36.5881,36.0646,0.5234999999999985,1.4516,17247.5,64305.473
000869.SZ,20180321,36.1324,36.4523,35.8804,36.0646,36.2778,-0.2132000000000005,-0.5877,18814.8,70282.786
000869.SZ,20180320,35.2308,36.3845,34.6588,36.2778,35.2405,1.0373000000000019,2.9435,25481.68,93933.708
000869.SZ,20180319,35.4344,35.512,35.1048,35.2405,35.3471,-0.10660000000000025,-0.3016,8472.0,30875.629
000869.SZ,20180316,35.7834,35.9676,35.3375,35.3471,35.8997,-0.5526000000000053,-1.5393,11119.23,40921.649
000869.SZ,20180315,35.6089,36.0549,35.3956,35.8997,35.5313,0.36840000000000117,1.0368,13537.21,49971.589
000869.SZ,20180314,35.4441,35.7446,35.3084,35.5313,35.4635,0.0677999999999983,0.1912,8143.59,29834.732
000869.SZ,20180313,35.9288,36.1033,35.4635,35.4635,36.0064,-0.5428999999999959,-1.5078,10586.01,39022.135
000869.SZ,20180312,35.8222,36.1033,35.638,36.0064,35.8125,0.1938999999999993,0.5414,12305.05,45554.715
000869.SZ,20180309,35.6477,36.0355,35.4829,35.8125,35.6477,0.1647999999999996,0.4623,12933.21,47862.315
000869.SZ,20180308,35.2017,35.9773,35.2017,35.6477,35.3084,0.3393000000000015,0.961,17199.14,63279.424
000869.SZ,20180307,35.3084,35.6962,35.1436,35.3084,35.3859,-0.07750000000000057,-0.219,13167.27,48133.199
000869.SZ,20180306,34.5522,35.512,34.3389,35.3859,34.5522,0.8337000000000003,2.4129,19322.69,69889.439
000869.SZ,20180305,34.3971,34.6588,34.145,34.5522,34.4746,0.07759999999999678,0.2251,8660.51,30737.981
000869.SZ,20180302,34.6976,34.7848,34.4261,34.4746,34.7461,-0.2714999999999961,-0.7814,7268.46,25920.934
000869.SZ,20180301,34.5716,34.9012,34.3389,34.7461,34.6588,0.08729999999999905,0.2519,11533.56,41233.618
000869.SZ,20180228,34.8042,35.0466,34.6588,34.6588,35.0757,-0.41689999999999827,-1.1886,10229.77,36767.664
000869.SZ,20180227,35.2793,35.3568,34.7558,35.0757,35.2696,-0.1938999999999993,-0.5498,15505.41,55990.795
000869.SZ,20180226,35.1048,35.3859,34.9206,35.2696,34.9109,0.3586999999999989,1.0275,13196.72,47894.847
000869.SZ,20180223,35.0757,35.0757,34.6491,34.9109,34.9497,-0.038800000000001944,-0.111,8941.6,32146.839
000869.SZ,20180222,34.3292,35.0951,34.3195,34.9497,34.1062,0.8434999999999988,2.4732,13940.36,49991.537
000869.SZ,20180214,34.5134,34.5619,33.7087,34.1062,34.3874,-0.28119999999999834,-0.8177,11301.01,39662.528
000869.SZ,20180213,34.494,34.8818,34.368,34.3874,34.494,-0.10660000000000025,-0.309,15482.01,55324.887
000869.SZ,20180212,33.699,34.5813,33.573,34.494,33.6893,0.8046999999999969,2.3886,16434.36,58144.112
000869.SZ,20180209,33.8542,33.922,33.0398,33.6893,34.368,-0.6786999999999992,-1.9748,25070.08,86584.305
000869.SZ,20180208,34.0287,34.5328,33.9317,34.368,34.0577,0.3103000000000051,0.9111,14732.94,52220.521
000869.SZ,20180207,34.6103,34.7848,33.8832,34.0577,34.0093,0.04839999999999378,0.1423,19577.11,69444.647
000869.SZ,20180206,34.4261,34.8818,33.7475,34.0093,35.192,-1.182699999999997,-3.3607,25253.37,89488.363
000869.SZ,20180205,35.1339,35.2308,34.3292,35.192,35.4829,-0.2909000000000006,-0.8198,26275.03,94315.186
000869.SZ,20180202,34.9981,35.7834,34.6491,35.4829,35.3471,0.13580000000000325,0.3842,22591.07,82379.394
000869.SZ,20180201,37.2667,37.2667,35.0078,35.3471,37.3637,-2.016600000000004,-5.3972,50315.83,185988.567
000869.SZ,20180131,36.7238,37.6933,36.559,37.3637,36.7432,0.6204999999999998,1.6887,33480.3,128748.373
000869.SZ,20180130,36.6269,37.034,36.559,36.7432,37.1892,-0.44599999999999795,-1.1993,14174.54,53746.197
000869.SZ,20180129,37.2085,37.8581,37.0534,37.1892,37.0631,0.126100000000001,0.3402,32295.06,124658.054
000869.SZ,20180126,36.5881,37.3055,36.559,37.0631,36.5784,0.4846999999999966,1.3251,24752.99,94456.505
000869.SZ,20180125,36.8401,36.8692,36.4911,36.5784,36.9371,-0.3586999999999989,-0.9711,23323.06,88241.485
000869.SZ,20180124,37.034,37.131,36.5105,36.9371,37.1407,-0.20360000000000156,-0.5482,22236.31,84257.136
000869.SZ,20180123,37.2958,37.383,36.9468,37.1407,37.3734,-0.23269999999999413,-0.6226,17434.64,66735.873
000869.SZ,20180122,37.1407,37.4024,36.6559,37.3734,36.9371,0.4362999999999957,1.1812,24329.3,93366.591
000869.SZ,20180119,37.1795,37.1892,36.3748,36.9371,37.034,-0.09689999999999799,-0.2617,25670.7,97457.856
000869.SZ,20180118,36.7529,37.4218,36.7044,37.034,36.8595,0.17450000000000188,0.4734,28880.56,110643.263
000869.SZ,20180117,38.7015,38.7015,36.7529,36.8595,39.0602,-2.2007000000000048,-5.6341,66387.33,256453.76
000869.SZ,20180116,38.5561,39.8067,38.5076,39.0602,38.6143,0.44590000000000174,1.1548,65972.84,267243.55
000869.SZ,20180115,38.4495,39.2444,38.2944,38.6143,38.6337,-0.01939999999999742,-0.0502,42969.14,171601.911
000869.SZ,20180112,38.5561,38.973,38.2459,38.6337,38.8082,-0.17450000000000188,-0.4496,28470.24,113312.756
000869.SZ,20180111,39.1087,39.1087,38.3622,38.8082,39.3414,-0.5332000000000008,-1.3553,29083.0,115804.302
000869.SZ,20180110,39.0505,39.5159,38.3525,39.3414,39.3123,0.02909999999999968,0.074,51300.16,205114.351
000869.SZ,20180109,38.6531,39.6516,38.4592,39.3123,38.6918,0.6204999999999998,1.6037,53369.23,215347.901
000869.SZ,20180108,38.5852,39.3511,38.2556,38.6918,39.0215,-0.32970000000000255,-0.8449,46638.74,186759.695
000869.SZ,20180105,37.8193,39.3996,37.7902,39.0215,37.6254,1.3961000000000041,3.7105,64768.33,256411.898
000869.SZ,20180104,37.0728,37.829,37.0534,37.6254,37.0728,0.5525999999999982,1.4906,41447.58,160787.262
000869.SZ,20180103,37.2279,37.2279,36.6947,37.0728,37.1795,-0.10669999999999646,-0.287,24794.08,94593.043
000869.SZ,20180102,36.4136,37.2764,36.4136,37.1795,36.3554,0.8240999999999943,2.2668,26588.03,101218.775
000869.SZ,20171229,36.7141,36.9856,36.0646,36.3554,36.9371,-0.5816999999999979,-1.5748,28144.18,105665.039
000869.SZ,20171228,36.5784,37.3249,36.3748,36.9371,36.5881,0.34900000000000375,0.9539,34006.15,129467.181
000869.SZ,20171227,36.9371,37.4218,36.5299,36.5881,37.2182,-0.6301000000000059,-1.693,38965.78,147924.616
000869.SZ,20171226,37.1698,38.1102,36.9274,37.2182,36.8401,0.37810000000000343,1.0263,66899.42,258608.475
000869.SZ,20171225,36.4911,37.9841,36.3554,36.8401,36.6656,0.17450000000000188,0.4759,60978.42,234372.43
000869.SZ,20171222,35.3859,37.034,34.9109,36.6656,35.3859,1.2796999999999983,3.6164,50280.06,187992.742
000869.SZ,20171221,35.8319,36.1227,35.2017,35.3859,35.8707,-0.4847999999999999,-1.3515,21708.05,79411.288
000869.SZ,20171220,35.5313,36.0936,35.2405,35.8707,35.5313,0.3393999999999977,0.9552,29307.94,108061.072
000869.SZ,20171219,35.1726,35.7349,34.94,35.5313,35.1436,0.3877000000000024,1.1032,17963.47,65649.85
000869.SZ,20171218,35.0854,35.6768,34.9594,35.1436,35.0951,0.0484999999999971,0.1382,14711.18,53475.94
000869.SZ,20171215,35.289,35.4829,34.62,35.0951,35.3859,-0.2907999999999973,-0.8218,24219.66,87594.874
000869.SZ,20171214,35.1145,35.8513,34.8236,35.3859,35.2405,0.1454000000000022,0.4126,28424.92,103871.545
000869.SZ,20171213,34.0771,35.6574,34.0771,35.2405,33.8832,1.357299999999995,4.0058,41901.43,151220.242
000869.SZ,20171212,34.1159,34.7364,33.8832,33.8832,33.9414,-0.05819999999999936,-0.1715,19652.44,69577.559
000869.SZ,20171211,33.6409,34.1062,33.6409,33.9414,33.5148,0.42660000000000053,1.2729,13168.69,46094.005
000869.SZ,20171208,33.1755,33.6506,33.1367,33.5148,33.1367,0.37810000000000343,1.141,11454.46,39500.054
000869.SZ,20171207,33.2628,33.2919,33.0786,33.1367,33.2531,-0.11640000000000583,-0.35,6759.0,23135.419
000869.SZ,20171206,33.2337,33.2919,32.6714,33.2531,33.2531,0.0,0.0,12830.74,43710.131
000869.SZ,20171205,33.8735,34.368,32.9913,33.2531,33.8929,-0.6397999999999939,-1.8877,20865.24,72819.329
000869.SZ,20171204,33.8154,34.1741,33.447,33.8929,33.8832,0.009699999999995157,0.0286,11594.53,40458.966
000869.SZ,20171201,33.5148,33.9123,33.5148,33.8832,33.5051,0.37810000000000343,1.1285,9716.0,33873.605
000869.SZ,20171130,33.5342,33.6215,33.35,33.5051,33.6215,-0.11639999999999873,-0.3462,8978.34,31032.455
000869.SZ,20171129,33.8832,33.9123,33.2434,33.6215,33.7863,-0.1647999999999996,-0.4878,15295.09,52843.469
000869.SZ,20171128,33.5439,33.8832,33.4276,33.7863,33.5439,0.2423999999999964,0.7226,10111.02,35147.694
000869.SZ,20171127,33.699,33.922,33.447,33.5439,33.699,-0.15509999999999735,-0.4603,12672.11,44031.992
000869.SZ,20171124,33.9317,34.0287,33.4567,33.699,33.9802,-0.28120000000000545,-0.8275,16642.31,57838.553
000869.SZ,20171123,34.8721,35.0078,33.9705,33.9802,34.8139,-0.8336999999999932,-2.3947,23867.63,84433.223
000869.SZ,20171122,35.1048,35.3859,34.5328,34.8139,35.1048,-0.2909000000000006,-0.8287,22045.08,79544.673
000869.SZ,20171121,34.7073,35.4732,34.5522,35.1048,34.717,0.3877999999999986,1.117,23985.25,86845.416
000869.SZ,20171120,34.7073,34.7848,33.5924,34.717,34.8042,-0.08720000000000283,-0.2505,28116.81,99186.257
000869.SZ,20171117,36.4233,36.5493,34.8042,34.8042,36.3942,-1.5899999999999963,-4.3688,46930.34,171372.488
000869.SZ,20171116,36.1809,36.7335,35.9191,36.3942,36.21,0.18419999999999703,0.5087,27819.11,104508.272
000869.SZ,20171115,36.4523,36.7723,35.7543,36.21,36.5105,-0.30049999999999955,-0.8231,28686.28,106897.88
000869.SZ,20171114,38.2944,38.3525,36.1033,36.5105,37.9647,-1.4542000000000002,-3.8304,61830.93,235389.713
000869.SZ,20171113,37.4606,37.9647,37.1407,37.9647,37.4606,0.5041000000000011,1.3457,43518.12,168818.611
000869.SZ,20171110,36.782,37.7418,36.7238,37.4606,36.782,0.678600000000003,1.8449,40734.68,156967.689
000869.SZ,20171109,36.8886,37.005,36.4814,36.782,36.7626,0.01939999999999742,0.0528,17978.89,67995.887
000869.SZ,20171108,36.8401,37.4218,36.685,36.7626,37.0534,-0.2908000000000044,-0.7848,25992.93,99438.919
000869.SZ,20171107,36.8401,37.6157,36.7432,37.0534,37.034,0.019400000000004525,0.0524,38321.54,146762.868
000869.SZ,20171106,36.21,37.2085,36.0743,37.034,36.2294,0.8046000000000006,2.2208,32548.91,123088.222
000869.SZ,20171103,37.131,37.4703,35.987,36.2294,37.3249,-1.0955000000000013,-2.935,51885.68,195836.643
000869.SZ,20171102,37.9453,38.5173,37.0631,37.3249,38.2556,-0.9307000000000016,-2.4328,43921.56,171070.454
000869.SZ,20171101,38.3913,39.1572,38.0617,38.2556,38.4204,-0.1647999999999996,-0.4289,32183.73,127954.212
000869.SZ,20171031,38.4398,38.6628,37.8193,38.4204,38.4398,-0.01939999999999742,-0.0505,30895.9,121653.7
000869.SZ,20171030,39.0215,39.6128,37.7127,38.4398,39.2541,-0.8143000000000029,-2.0744,58189.04,230409.627
000869.SZ,20171027,38.0908,39.7486,37.9356,39.2541,38.3719,0.8822000000000045,2.2991,78240.55,314146.049
000869.SZ,20171026,38.876,40.1267,38.2944,38.3719,38.876,-0.5041000000000011,-1.2967,77117.12,311759.66
000869.SZ,20171025,38.2944,38.9536,37.8872,38.876,38.2556,0.6203999999999965,1.6217,41560.81,164711.833
000869.SZ,20171024,38.7888,39.322,38.2556,38.2556,38.9924,-0.7368000000000023,-1.8896,45739.51,182017.807
000869.SZ,20171023,38.4689,39.1281,38.1974,38.9924,38.4689,0.5235000000000056,1.3608,51215.96,204078.189
000869.SZ,20171020,38.6628,38.6628,38.0132,38.4689,38.6821,-0.2132000000000005,-0.5512,47232.16,186478.754
000869.SZ,20171019,36.5978,39.6032,36.5202,38.6821,36.5008,2.1813000000000002,5.976,125030.81,494501.547
000869.SZ,20171018,37.0631,37.4703,36.5008,36.5008,37.0243,-0.5234999999999985,-1.4139,28353.37,108484.709
000869.SZ,20171017,36.6559,37.1795,36.3069,37.0243,36.6462,0.37809999999999633,1.0318,20398.7,77241.536
000869.SZ,20171016,36.6753,37.5479,36.5202,36.6462,36.6559,-0.009700000000002262,-0.0265,33943.08,129541.405
000869.SZ,20171013,36.4039,37.034,36.2391,36.6559,36.4427,0.2132000000000005,0.585,27212.04,103182.716
000869.SZ,20171012,37.0922,37.2764,36.1421,36.4427,37.383,-0.9403000000000006,-2.5153,47395.26,178675.403
000869.SZ,20171011,37.1601,38.3719,36.8886,37.383,37.1601,0.22290000000000276,0.5998,63212.1,245714.466
000869.SZ,20171010,37.0825,37.9744,36.8595,37.1601,37.1504,0.009700000000002262,0.0261,41099.92,158542.703
000869.SZ,20171009,36.8304,37.2861,36.3554,37.1504,36.3554,0.7949999999999946,2.1867,45738.62,174055.725
000869.SZ,20170929,36.5396,37.0243,36.2391,36.3554,36.6269,-0.2714999999999961,-0.7413,34122.71,128850.143
000869.SZ,20170928,35.9191,36.8789,35.764,36.6269,35.9191,0.7077999999999989,1.9705,57910.51,218397.638
000869.SZ,20170927,35.9094,35.9967,35.5507,35.9191,36.0258,-0.10669999999999646,-0.2962,15109.36,55759.727
000869.SZ,20170926,35.7252,36.113,35.3375,36.0258,35.8028,0.22299999999999898,0.6229,19461.82,71480.395
000869.SZ,20170925,35.8707,36.5978,35.764,35.8028,35.7931,0.009699999999995157,0.0271,30627.47,114018.051
000869.SZ,20170922,36.3166,36.3845,35.5895,35.7931,36.5202,-0.7271000000000001,-1.991,29796.77,110123.858
000869.SZ,20170921,36.336,36.7044,35.987,36.5202,36.4911,0.02909999999999968,0.0797,43729.77,163919.805
000869.SZ,20170920,34.2807,37.48,34.2807,36.4911,34.4552,2.035900000000005,5.9088,99678.8,371825.228
000869.SZ,20170919,34.4358,34.6588,34.2322,34.4552,34.4164,0.03879999999999484,0.1127,14310.58,50853.02
000869.SZ,20170918,34.0577,34.5813,34.0577,34.4164,34.0577,0.358700000000006,1.0532,13117.06,46530.646
000869.SZ,20170915,34.0965,34.3001,33.9608,34.0577,34.1741,-0.11640000000000583,-0.3406,11723.01,41232.437
000869.SZ,20170914,34.6006,34.6006,34.0868,34.1741,34.6588,-0.4846999999999966,-1.3985,18113.69,64036.148
000869.SZ,20170913,34.2322,34.7848,34.1353,34.6588,34.1935,0.46529999999999916,1.3608,21072.91,75131.827
000869.SZ,20170912,34.2226,34.368,34.048,34.1935,34.1935,0.0,0.0,14965.99,52794.088
000869.SZ,20170911,34.271,34.3098,33.9414,34.1935,34.2032,-0.009700000000002262,-0.0284,12816.88,45131.608
000869.SZ,20170908,34.7073,34.8915,33.9802,34.2032,34.7073,-0.504099999999994,-1.4524,34479.69,122092.208
000869.SZ,20170907,35.1532,35.3859,34.6297,34.7073,35.1629,-0.455600000000004,-1.2957,19612.23,70722.406
000869.SZ,20170906,34.9012,35.4732,34.7848,35.1629,34.8915,0.27139999999999986,0.7778,25150.1,91457.719
000869.SZ,20170905,35.1823,35.2017,34.8236,34.8915,35.066,-0.17450000000000188,-0.4976,13413.13,48388.462
000869.SZ,20170904,34.9012,35.2599,34.7848,35.066,35.0951,-0.02909999999999968,-0.0829,23320.79,84223.768
000869.SZ,20170901,34.3971,35.192,34.3971,35.0951,34.3971,0.6980000000000004,2.0292,31612.53,113838.905
000869.SZ,20170831,34.6782,34.7558,34.2322,34.3971,34.6879,-0.2907999999999973,-0.8383,14436.37,51270.238
000869.SZ,20170830,34.271,34.7558,34.1935,34.6879,34.2129,0.4750000000000014,1.3884,17405.96,62043.135
000869.SZ,20170829,34.6297,34.843,34.1741,34.2129,34.8527,-0.639800000000001,-1.8357,23847.56,84846.469
000869.SZ,20170828,34.3971,35.0757,34.3486,34.8527,34.3195,0.5332000000000008,1.5536,23751.87,85334.996
000869.SZ,20170825,34.0771,34.494,33.9996,34.3195,34.0771,0.2423999999999964,0.7113,15995.59,56612.533
000869.SZ,20170824,34.7752,34.7752,33.8929,34.0771,34.7752,-0.6980999999999966,-2.0075,24838.61,87750.548
000869.SZ,20170823,34.5328,34.8721,34.3389,34.7752,34.5134,0.2618000000000009,0.7585,18905.7,67571.794
000869.SZ,20170822,35.0175,35.1629,34.368,34.5134,35.0854,-0.5720000000000027,-1.6303,28081.75,100185.097
000869.SZ,20170821,35.2211,35.3375,34.8333,35.0854,35.2114,-0.12599999999999767,-0.3578,18247.63,65998.9
000869.SZ,20170818,35.1048,35.4635,34.94,35.2114,35.4829,-0.2715000000000032,-0.7652,22180.0,80560.188
000869.SZ,20170817,35.638,35.6768,35.1339,35.4829,35.638,-0.15509999999999735,-0.4352,31339.76,114348.506
000869.SZ,20170816,35.7252,35.9773,35.289,35.638,35.9676,-0.3295999999999992,-0.9164,36194.72,132679.555
000869.SZ,20170815,35.0175,36.336,34.8236,35.9676,35.066,0.9015999999999948,2.5712,71904.72,264926.538
000869.SZ,20170814,33.3015,35.2502,33.3015,35.066,33.2822,1.7837999999999994,5.3596,57423.02,205053.692
000869.SZ,20170811,34.5231,34.5231,33.2337,33.2822,34.7267,-1.444499999999998,-4.1596,41703.6,145980.513
000869.SZ,20170810,34.1741,35.3859,34.1353,34.7267,34.3098,0.41689999999999827,1.2151,58942.68,211891.617
000869.SZ,20170809,33.6312,34.6782,33.6215,34.3098,33.7087,0.6011000000000024,1.7832,55579.24,196758.259
000869.SZ,20170808,33.8057,33.9414,33.5633,33.7087,33.8348,-0.126100000000001,-0.3727,17513.14,60971.635
000869.SZ,20170807,33.2919,33.8348,32.9913,33.8348,33.3015,0.5333000000000041,1.6014,23273.94,80351.496
000869.SZ,20170804,33.2822,33.7863,33.2822,33.3015,33.2822,0.0192999999999941,0.058,14470.94,49955.801
000869.SZ,20170803,33.3306,33.6118,33.2143,33.2822,33.3694,-0.08719999999999573,-0.2613,18854.71,64958.161
000869.SZ,20170802,33.9123,34.0093,33.35,33.3694,33.8251,-0.4557000000000002,-1.3472,28341.76,98332.536
000869.SZ,20170801,34.0868,34.1256,33.6409,33.8251,34.1838,-0.3586999999999989,-1.0493,32499.54,113519.918
000869.SZ,20170731,33.699,34.3777,33.2919,34.1838,33.7184,0.4653999999999954,1.3803,52485.13,183709.779
000869.SZ,20170728,33.1367,33.9317,32.9235,33.7184,33.127,0.5914000000000001,1.7853,31963.85,110967.506
000869.SZ,20170727,33.0204,33.1464,32.652,33.127,33.0107,0.11630000000000251,0.3523,18083.18,61392.362
000869.SZ,20170726,33.4567,33.6699,32.9331,33.0107,33.4664,-0.4557000000000002,-1.3617,19675.39,67309.058
000869.SZ,20170725,33.6893,34.019,33.3888,33.4664,33.6699,-0.20349999999999824,-0.6044,19051.06,66269.311
000869.SZ,20170724,33.7378,34.2904,33.5827,33.6699,33.8735,-0.20360000000000156,-0.6011,31175.45,109213.253
000869.SZ,20170721,33.2434,33.9511,32.8944,33.8735,33.2531,0.6203999999999965,1.8657,27166.99,93824.542
000869.SZ,20170720,33.3888,33.5924,32.9913,33.2531,33.3112,-0.058099999999996044,-0.1744,22791.91,78231.905
000869.SZ,20170719,32.8265,33.4373,32.7586,33.3112,32.8265,0.4846999999999966,1.4766,18929.95,64704.023
000869.SZ,20170718,33.0786,33.2531,32.4387,32.8265,33.1464,-0.31989999999999696,-0.9651,25994.52,87967.792
000869.SZ,20170717,34.4164,34.4164,32.4775,33.1464,34.4455,-1.2991000000000028,-3.7715,27200.07,94151.406
000869.SZ,20170714,33.5439,34.5134,33.447,34.4455,33.3888,1.0566999999999993,3.1648,29650.65,104488.331
000869.SZ,20170713,33.447,33.7669,33.3694,33.3888,33.3791,0.009700000000002262,0.0291,16376.01,56651.236
000869.SZ,20170712,34.0093,34.1547,33.2143,33.3791,34.019,-0.6398999999999972,-1.881,24292.79,84043.573
000869.SZ,20170711,34.3583,34.5619,33.9317,34.019,34.3583,-0.3393000000000015,-0.9875,25179.25,88818.636
000869.SZ,20170710,34.3824,34.6692,34.1912,34.3537,34.2964,0.057300000000005014,0.1671,20001.88,71967.702
000869.SZ,20170707,34.5067,34.6596,34.2008,34.2964,34.5067,-0.2103000000000037,-0.6094,14509.35,52140.304
000869.SZ,20170706,35.2713,35.2713,34.4875,34.5067,35.3574,-0.8506999999999962,-2.406,31654.08,115013.612
000869.SZ,20170705,35.0324,35.4338,35.0324,35.3574,35.1758,0.181599999999996,0.5163,21101.03,77869.8
000869.SZ,20170704,35.2809,35.3765,34.7743,35.1758,35.1758,0.0,0.0,14336.69,52598.34
000869.SZ,20170703,35.5772,35.7493,34.9368,35.1758,35.5581,-0.38230000000000075,-1.0751,17716.82,65162.891
000869.SZ,20170630,35.2905,36.0456,35.1184,35.5581,35.0897,0.4684000000000026,1.3349,22183.05,82924.783
000869.SZ,20170629,34.9272,35.5485,34.9272,35.0897,35.0037,0.08599999999999852,0.2457,15098.96,55611.378
000869.SZ,20170628,35.3191,35.5199,34.8794,35.0037,35.5199,-0.5161999999999978,-1.4533,20349.61,74715.689
000869.SZ,20170627,35.9022,35.9022,35.2236,35.5199,35.9213,-0.4014000000000024,-1.1174,21271.19,78996.448
000869.SZ,20170626,35.6059,36.4853,35.4052,35.9213,35.6059,0.3154000000000039,0.8858,34590.24,130196.009
000869.SZ,20170623,34.2868,35.625,34.239,35.6059,34.3919,1.2139999999999986,3.5299,40697.77,149752.853
000869.SZ,20170622,34.975,35.0897,34.3155,34.3919,35.0228,-0.6308999999999969,-1.8014,25955.2,94369.184
000869.SZ,20170621,33.417,35.0228,33.3405,35.0228,33.3309,1.6918999999999969,5.0761,35985.49,129369.311
000869.SZ,20170620,33.7802,34.0192,33.2162,33.3309,33.7324,-0.40149999999999864,-1.1903,14497.52,50711.92
000869.SZ,20170619,33.3596,33.8471,33.264,33.7324,33.3596,0.372799999999998,1.1175,12836.2,45165.373
000869.SZ,20170616,34.239,34.2772,33.3023,33.3596,34.239,-0.8793999999999969,-2.5684,19991.13,70360.314
000869.SZ,20170615,34.1625,34.4015,34.0287,34.239,34.239,0.0,0.0,10217.54,36557.204
000869.SZ,20170614,34.6405,34.6405,33.9427,34.239,34.65,-0.41100000000000136,-1.1861,13680.67,49023.961
000869.SZ,20170613,34.3824,34.65,34.0478,34.65,34.3633,0.2866999999999962,0.8343,15457.67,55576.786
000869.SZ,20170612,34.5831,35.6919,34.2677,34.3633,34.5927,-0.22939999999999827,-0.6631,35589.81,130215.922
000869.SZ,20170609,33.6464,34.5927,33.5508,34.5927,33.6368,0.9558999999999997,2.8418,38178.96,137150.184
000869.SZ,20170608,33.0442,33.7993,32.8721,33.6368,33.0537,0.5831000000000017,1.7641,21892.34,76671.196
000869.SZ,20170607,32.7765,33.1684,32.6236,33.0537,32.5758,0.4778999999999982,1.467,20717.75,71549.413
000869.SZ,20170606,32.8339,32.9773,32.4611,32.5758,32.8339,-0.2580999999999989,-0.7861,10776.57,36842.129
000869.SZ,20170605,32.5185,33.2354,32.3177,32.8339,32.4898,0.3440999999999974,1.0591,17542.07,60268.113
000869.SZ,20170602,32.2126,32.5758,32.1648,32.4898,32.2126,0.27720000000000056,0.8605,14096.52,47725.151
000869.SZ,20170601,32.0405,32.7383,32.0023,32.2126,32.1457,0.06690000000000396,0.2081,15041.69,51029.969
000869.SZ,20170531,32.6045,32.7861,32.1266,32.1457,32.3655,-0.21979999999999933,-0.6791,15091.67,51090.095
000869.SZ,20170526,31.7633,33.2258,31.7538,32.3655,31.6295,0.7359999999999971,2.3269,24858.5,84664.787
000869.SZ,20170525,31.2089,31.8111,30.9795,31.6295,31.1325,0.4969999999999999,1.5964,14600.39,47938.964
000869.SZ,20170524,30.9222,31.2567,30.7788,31.1325,31.0655,0.06700000000000017,0.2157,11289.72,36634.605
000869.SZ,20170523,30.9126,31.5626,30.9126,31.0655,31.0751,-0.009599999999998943,-0.0309,12427.21,40609.25
000869.SZ,20170522,31.3523,31.5435,30.9031,31.0751,31.3523,-0.27720000000000056,-0.8841,9039.09,29500.84
000869.SZ,20170519,31.4479,31.6773,31.295,31.3523,31.5722,-0.2198999999999991,-0.6965,6856.19,22538.667
000869.SZ,20170518,31.5722,31.7347,31.3619,31.5722,31.5913,-0.01910000000000167,-0.0605,6855.02,22667.717
000869.SZ,20170517,31.792,31.878,31.5722,31.5913,31.792,-0.2007000000000012,-0.6313,12369.61,41012.527
000869.SZ,20170516,31.0655,31.8111,30.8744,31.792,31.056,0.7360000000000007,2.3699,12769.26,41940.071
000869.SZ,20170515,30.8744,31.3236,30.8744,31.056,30.8648,0.19120000000000203,0.6195,8643.51,28126.574
000869.SZ,20170512,30.6832,31.0369,30.6736,30.8648,30.8935,-0.028700000000000614,-0.0929,5978.76,19303.287
000869.SZ,20170511,31.2854,31.4479,30.1097,30.8935,31.2758,-0.38230000000000075,-1.2224,18851.39,60557.645
000869.SZ,20170510,31.6869,31.9067,31.2376,31.2758,31.6104,-0.33459999999999823,-1.0585,7878.9,26087.047
000869.SZ,20170509,31.4192,31.7251,31.3714,31.6104,31.4192,0.19119999999999848,0.6085,6299.69,20786.424
000869.SZ,20170508,31.5052,31.7824,31.3332,31.4192,31.6391,-0.2198999999999991,-0.695,8497.78,28045.852
000869.SZ,20170505,32.2126,32.2126,31.5435,31.6391,32.0788,-0.439700000000002,-1.3707,14013.1,46495.487
000869.SZ,20170504,32.3655,32.4515,32.0501,32.0788,32.4038,-0.32499999999999574,-1.003,8446.75,28511.123
000869.SZ,20170503,32.4038,32.6045,32.3082,32.4038,32.4993,-0.09550000000000125,-0.2939,9107.33,30909.97
000869.SZ,20170502,32.2508,32.6714,32.0788,32.4993,32.1839,0.3153999999999968,0.98,15631.81,53084.166
000869.SZ,20170428,32.1074,32.2221,31.8589,32.1839,32.2795,-0.09559999999999746,-0.2962,14026.03,47069.092
000869.SZ,20170427,32.5949,32.5949,31.4383,32.2795,32.4993,-0.21979999999999933,-0.6763,25180.18,84218.957
000869.SZ,20170426,33.8471,34.0383,32.3942,32.4993,33.8758,-1.3765,-4.0634,46485.51,161015.133
000869.SZ,20170425,34.1243,34.239,33.8662,33.8758,33.9905,-0.11469999999999914,-0.3374,17428.45,62102.345
000869.SZ,20170424,35.8066,35.8066,33.8089,33.9905,35.95,-1.9595000000000056,-5.4506,36025.67,129511.918
000869.SZ,20170421,36.2368,36.275,35.7302,35.95,36.3037,-0.35369999999999635,-0.9743,22683.07,85333.164
000869.SZ,20170420,34.889,36.5904,34.8316,36.3037,35.0037,1.2999999999999972,3.7139,43298.35,163121.095
000869.SZ,20170419,35.1949,35.3383,34.6309,35.0037,35.2713,-0.2675999999999945,-0.7587,15801.69,57687.104
000869.SZ,20170418,34.9177,35.6537,34.889,35.2713,34.9846,0.2866999999999962,0.8195,20070.76,74292.751
000869.SZ,20170417,34.6978,35.0706,34.5544,34.9846,34.6978,0.2867999999999995,0.8266,12435.25,45402.891
000869.SZ,20170414,35.0228,35.1184,34.6118,34.6978,35.0419,-0.3440999999999974,-0.982,12336.36,44981.836
000869.SZ,20170413,34.7456,35.1758,34.5831,35.0419,34.8794,0.16250000000000142,0.4659,10635.7,38898.674
000869.SZ,20170412,34.8794,35.0133,34.5067,34.8794,34.8794,0.0,0.0,12936.15,47058.597
000869.SZ,20170411,34.6787,34.9655,34.564,34.8794,34.6883,0.19109999999999872,0.5509,15357.34,55826.914
000869.SZ,20170410,35.4721,35.5103,34.65,34.6883,35.4625,-0.7742000000000004,-2.1832,22988.91,83954.135
000869.SZ,20170407,35.7493,35.7493,35.3287,35.4625,35.7588,-0.29630000000000223,-0.8286,13320.45,49436.807
000869.SZ,20170406,35.9404,35.9404,35.5868,35.7588,35.9309,-0.17210000000000036,-0.479,14027.75,52387.642
000869.SZ,20170405,35.3191,36.1029,35.2618,35.9309,35.2522,0.6786999999999992,1.9253,17197.29,64315.963
000869.SZ,20170331,35.3478,35.4625,34.9941,35.2522,35.3096,-0.05740000000000123,-0.1626,22159.11,81548.686
000869.SZ,20170330,35.8831,36.0265,35.2713,35.3096,35.8927,-0.5830999999999946,-1.6246,23246.55,86175.765
000869.SZ,20170329,35.95,36.1985,35.7971,35.8927,35.8544,0.03829999999999956,0.1068,16655.29,62697.745
000869.SZ,20170328,36.4184,36.8007,35.7875,35.8544,36.4662,-0.6118000000000023,-1.6777,21978.08,82830.196
000869.SZ,20170327,36.9537,36.9537,36.2846,36.4662,36.9441,-0.4778999999999982,-1.2936,23341.58,89360.94
000869.SZ,20170324,36.5713,37.2691,36.4184,36.9441,36.4566,0.48749999999999716,1.3372,34138.33,131505.37
000869.SZ,20170323,36.9154,36.9154,36.0934,36.4566,36.9345,-0.4778999999999982,-1.2939,28143.31,107371.432
000869.SZ,20170322,36.2463,37.011,35.9404,36.9345,36.5044,0.43010000000000304,1.1782,48707.01,186480.682
000869.SZ,20170321,35.539,36.9441,35.539,36.5044,35.6346,0.8697999999999979,2.4409,55189.71,210664.476
000869.SZ,20170320,35.2331,35.6919,35.1949,35.6346,35.2331,0.40149999999999864,1.1396,13974.28,51799.342
000869.SZ,20170317,35.3669,35.6919,35.214,35.2331,35.3669,-0.1338000000000008,-0.3783,20837.85,77319.234
000869.SZ,20170316,35.0802,35.453,35.0802,35.3669,34.9464,0.4205000000000041,1.2033,21245.53,78478.043
000869.SZ,20170315,35.0515,35.2618,34.8508,34.9464,35.0802,-0.1338000000000008,-0.3814,14701.79,53918.453
000869.SZ,20170314,35.3669,35.4625,34.9464,35.0802,35.4338,-0.35360000000000014,-0.9979,17450.45,64066.271
000869.SZ,20170313,35.128,35.453,34.7934,35.4338,35.0897,0.3440999999999974,0.9806,21788.39,80252.139
000869.SZ,20170310,35.5485,35.711,35.0037,35.0897,35.5199,-0.43019999999999925,-1.2112,21223.19,78363.751
000869.SZ,20170309,35.1758,37.5654,35.0993,35.5199,35.2522,0.26769999999999783,0.7594,35440.73,132358.887
000869.SZ,20170308,34.9368,35.3287,34.65,35.2522,34.8986,0.35360000000000014,1.0132,15913.05,58134.23
000869.SZ,20170307,34.7552,35.2522,34.6309,34.8986,34.7169,0.1816999999999993,0.5234,21566.06,78975.578
000869.SZ,20170306,34.325,34.7456,34.2964,34.7169,34.3728,0.3441000000000045,1.0011,11873.82,42996.132
000869.SZ,20170303,34.153,34.4589,34.1052,34.3728,34.1625,0.2102999999999966,0.6156,11769.9,42219.987
000869.SZ,20170302,34.8412,34.8412,34.1339,34.1625,34.6596,-0.4970999999999961,-1.4342,15363.18,55231.335
000869.SZ,20170301,34.564,34.8412,34.4875,34.6596,34.6118,0.04779999999999518,0.1381,13688.41,49678.506
000869.SZ,20170228,34.4206,34.65,34.3728,34.6118,34.4206,0.19120000000000203,0.5555,10208.18,36839.911
000869.SZ,20170227,34.9272,34.9846,34.2199,34.4206,34.9272,-0.5065999999999988,-1.4504,17393.98,62895.099
000869.SZ,20170224,34.9177,35.0706,34.6214,34.9272,35.0228,-0.09559999999999746,-0.273,16282.85,59349.404
000869.SZ,20170223,35.1375,35.5103,34.7934,35.0228,35.1853,-0.16250000000000142,-0.4618,27833.69,102166.136
000869.SZ,20170222,34.6022,35.2044,34.5353,35.1853,34.5927,0.5925999999999974,1.7131,46773.38,171139.907
000869.SZ,20170221,34.6978,34.6978,34.325,34.5927,34.6214,-0.028700000000000614,-0.0829,27809.16,100327.071
000869.SZ,20170220,33.8853,34.8412,33.7898,34.6214,33.8949,0.7265000000000015,2.1434,38730.49,139263.661
000869.SZ,20170217,34.0478,34.2772,33.7706,33.8949,34.0383,-0.14339999999999975,-0.4213,19246.94,68447.481
000869.SZ,20170216,34.153,34.153,33.8375,34.0383,34.0765,-0.03820000000000334,-0.1121,13723.85,48726.779
000869.SZ,20170215,34.3155,34.4875,34.0287,34.0765,34.2677,-0.19119999999999493,-0.558,13713.41,49055.645
000869.SZ,20170214,34.6596,34.6596,34.1434,34.2677,34.65,-0.38230000000000075,-1.1033,16739.48,60056.904
000869.SZ,20170213,34.239,35.0611,34.1721,34.65,34.239,0.41100000000000136,1.2004,24082.6,87392.28
000869.SZ,20170210,34.3155,34.4684,34.1625,34.239,34.3155,-0.0765000000000029,-0.2229,9124.52,32775.241
000869.SZ,20170209,34.0192,34.4493,33.9427,34.3155,34.067,0.24849999999999994,0.7294,10863.67,38952.487
000869.SZ,20170208,33.8184,34.1147,33.5795,34.067,33.828,0.23899999999999721,0.7065,7041.22,24970.094
000869.SZ,20170207,33.7802,33.8662,33.6464,33.828,33.7802,0.047800000000002285,0.1415,5869.86,20724.76
000869.SZ,20170206,33.5699,33.8184,33.5699,33.7802,33.5699,0.2103000000000037,0.6265,5549.85,19570.293
000869.SZ,20170203,33.8758,33.9331,33.5412,33.5699,33.8567,-0.2867999999999995,-0.8471,4969.63,17504.822
000869.SZ,20170126,33.7898,33.8853,33.7324,33.8567,33.7133,0.14339999999999975,0.4254,4116.36,14567.587
000869.SZ,20170125,33.4552,33.7898,33.4552,33.7133,33.5986,0.11469999999999914,0.3414,5111.73,18034.315
000869.SZ,20170124,33.8471,33.9714,33.5126,33.5986,33.8471,-0.24849999999999994,-0.7342,7554.03,26610.213
000869.SZ,20170123,33.7324,34.1243,33.7133,33.8471,33.7324,0.11469999999999914,0.34,7098.53,25170.898
000869.SZ,20170120,33.5508,33.914,33.5412,33.7324,33.5508,0.181599999999996,0.5413,7899.75,27901.126
000869.SZ,20170119,33.4361,33.5795,33.264,33.5508,33.3405,0.2103000000000037,0.6308,6132.47,21470.898
000869.SZ,20170118,33.5412,33.6942,33.3405,33.3405,33.4648,-0.12429999999999808,-0.3714,8232.24,28853.212
000869.SZ,20170117,32.9773,33.5508,32.9773,33.4648,33.0442,0.4206000000000003,1.2728,8766.65,30504.98
000869.SZ,20170116,33.8471,33.8758,32.4515,33.0442,33.8184,-0.7742000000000004,-2.2893,16299.71,56472.681
000869.SZ,20170113,34.2199,34.3059,33.8184,33.8184,34.1243,-0.30590000000000117,-0.8964,7799.3,27747.867
000869.SZ,20170112,34.0478,34.3442,34.0478,34.1243,34.0383,0.08599999999999852,0.2527,8152.31,29186.98
000869.SZ,20170111,34.6787,34.6787,34.0287,34.0383,34.6787,-0.6403999999999996,-1.8467,12122.37,43444.994
000869.SZ,20170110,34.975,34.975,34.6309,34.6787,34.9272,-0.24849999999999994,-0.7115,9852.83,35829.764
000869.SZ,20170109,34.7552,34.9272,34.6787,34.9272,34.7552,0.17199999999999704,0.4949,8292.56,30211.595
000869.SZ,20170106,34.8316,35.0419,34.7456,34.7552,34.8316,-0.07639999999999958,-0.2193,8236.86,30035.519
000869.SZ,20170105,35.0802,35.1566,34.7647,34.8316,35.0324,-0.20080000000000098,-0.5732,9215.04,33702.328
000869.SZ,20170104,34.6405,35.1566,34.6405,35.0324,34.7265,0.30590000000000117,0.8809,13508.54,49392.329
000869.SZ,20170103,34.4684,35.2522,34.4206,34.7265,34.4111,0.3154000000000039,0.9166,12215.54,44447.751
000869.SZ,20161230,33.9714,34.4875,33.9427,34.4111,33.9523,0.45879999999999654,1.3513,16418.85,58729.975
000869.SZ,20161229,34.153,34.153,33.8853,33.9523,34.1721,-0.21979999999999933,-0.6432,13782.8,49018.317
000869.SZ,20161228,34.7361,34.7361,34.0192,34.1721,34.7169,-0.5448000000000022,-1.5693,15621.5,56052.022
000869.SZ,20161227,34.7743,34.8125,34.5162,34.7169,34.7743,-0.05739999999999412,-0.1651,10600.87,38451.007
000869.SZ,20161226,35.0993,35.1662,34.1243,34.7743,35.2618,-0.48750000000000426,-1.3825,12730.16,45998.937
000869.SZ,20161223,35.3765,35.4816,35.0802,35.2618,35.4912,-0.22939999999999827,-0.6464,7170.1,26426.321
000869.SZ,20161222,35.3669,35.5581,35.1184,35.4912,35.386,0.10519999999999641,0.2973,7414.43,27401.543
000869.SZ,20161221,34.9846,35.5294,34.9846,35.386,34.9846,0.4014000000000024,1.1474,11700.76,43225.143
000869.SZ,20161220,34.9177,34.9846,34.6978,34.9846,34.8699,0.11469999999999914,0.3289,8714.74,31748.737
000869.SZ,20161219,34.8412,35.1758,34.6978,34.8699,34.9846,-0.11469999999999914,-0.3279,10270.35,37456.945
000869.SZ,20161216,34.8412,35.0802,34.7934,34.9846,34.8316,0.1529999999999987,0.4393,8958.66,32787.87
000869.SZ,20161215,34.8603,35.1471,34.6022,34.8316,34.9368,-0.10519999999999641,-0.3011,14353.23,52356.6
000869.SZ,20161214,35.6155,35.7493,34.8603,34.9368,35.7588,-0.8220000000000027,-2.2987,21451.17,78946.837
000869.SZ,20161213,35.5581,36.0265,35.2713,35.7588,35.6059,0.15290000000000248,0.4294,13420.7,50029.079
000869.SZ,20161212,37.1926,37.4507,35.5581,35.6059,37.0588,-1.4528999999999996,-3.9205,27681.05,105146.925
000869.SZ,20161209,36.9823,37.4507,36.9441,37.0588,37.1831,-0.12430000000000518,-0.3343,14089.98,54788.291
000869.SZ,20161208,36.8103,37.7088,36.6765,37.1831,36.8103,0.3728000000000051,1.0128,22210.83,86563.954
000869.SZ,20161207,36.7529,36.9059,36.514,36.8103,36.6573,0.1529999999999987,0.4174,13708.46,52611.866
000869.SZ,20161206,36.7816,36.8772,36.6096,36.6573,36.7816,-0.12429999999999808,-0.3379,11646.61,44754.754
000869.SZ,20161205,36.8103,37.7566,36.4948,36.7816,37.164,-0.38240000000000407,-1.029,26588.0,102626.118
000869.SZ,20161202,37.7088,38.1389,37.1257,37.164,37.7948,-0.6308000000000007,-1.669,18788.27,73666.912
000869.SZ,20161201,37.3742,37.8522,37.2882,37.7948,37.2978,0.4969999999999999,1.3325,22375.9,87975.209
000869.SZ,20161130,37.9191,37.9191,37.1735,37.2978,37.9764,-0.6785999999999959,-1.7869,23273.7,91132.943
000869.SZ,20161129,37.8426,39.0757,37.6897,37.9764,37.8426,0.1338000000000008,0.3536,37451.28,150419.741
000869.SZ,20161128,38.2823,38.3301,37.7661,37.8426,38.483,-0.6403999999999996,-1.6641,29172.22,115894.248
000869.SZ,20161125,36.8485,38.5786,36.6191,38.483,36.9059,1.5770999999999944,4.2733,46490.81,182698.574
000869.SZ,20161124,36.8581,37.1162,36.6573,36.9059,36.8868,0.01910000000000167,0.0518,16610.31,64116.727
000869.SZ,20161123,36.6382,37.164,36.3706,36.8868,36.6096,0.27720000000000056,0.7572,22614.39,86871.691
000869.SZ,20161122,36.1125,36.6096,36.036,36.6096,36.1029,0.5067000000000021,1.4035,16363.74,62308.962
000869.SZ,20161121,36.036,36.3419,35.9978,36.1029,36.036,0.06689999999999685,0.1856,9184.51,34756.065
000869.SZ,20161118,36.3993,36.3993,35.9787,36.036,36.2559,-0.21989999999999554,-0.6065,8051.47,30469.195
000869.SZ,20161117,36.2941,36.4184,36.1412,36.2559,36.3801,-0.12420000000000186,-0.3414,8632.84,32718.731
000869.SZ,20161116,36.4279,36.6,36.3419,36.3801,36.4566,-0.0765000000000029,-0.2098,12535.89,47823.107
000869.SZ,20161115,36.3228,36.5713,36.1316,36.4566,36.3037,0.15290000000000248,0.4212,12897.98,49019.589
000869.SZ,20161114,36.3993,36.686,36.1794,36.3037,36.4088,-0.1051000000000002,-0.2887,15376.93,58675.47
000869.SZ,20161111,36.2081,36.4184,36.0265,36.4088,36.0838,0.32500000000000284,0.9007,13126.75,49754.809
000869.SZ,20161110,35.9118,36.2272,35.864,36.0838,35.6919,0.3918999999999997,1.098,14416.18,54408.792
000869.SZ,20161109,36.2368,36.2654,35.3765,35.6919,36.1125,-0.4206000000000003,-1.1647,12028.57,45034.337
000869.SZ,20161108,35.95,36.2176,35.8735,36.1125,35.8831,0.22939999999999827,0.6393,9984.34,37688.656
000869.SZ,20161107,35.8162,35.9596,35.7302,35.8831,35.8162,0.06689999999999685,0.1868,6699.31,25131.448
000869.SZ,20161104,36.0074,36.1221,35.7684,35.8162,36.0169,-0.20069999999999766,-0.5572,9350.15,35120.46
000869.SZ,20161103,35.9978,36.2176,35.7206,36.0169,35.9882,0.028700000000000614,0.0797,11352.13,42750.154
000869.SZ,20161102,36.1794,36.2654,35.9022,35.9882,36.2846,-0.29639999999999844,-0.8169,10132.91,38228.658
000869.SZ,20161101,36.0265,36.3037,36.0265,36.2846,35.9882,0.29639999999999844,0.8236,9571.72,36224.932
000869.SZ,20161031,35.8353,36.0838,35.711,35.9882,35.8544,0.1338000000000008,0.3732,9327.0,35061.677
000869.SZ,20161028,36.2463,36.3897,35.7684,35.8544,36.2176,-0.3631999999999991,-1.0028,16437.21,61888.3746
000869.SZ,20161027,36.6,36.6,36.1316,36.2176,36.6478,-0.43019999999999925,-1.1739,14221.31,53951.9334
000869.SZ,20161026,36.2846,37.2595,36.2272,36.6478,36.3515,0.2962999999999951,0.8151,29707.98,114561.9481
000869.SZ,20161025,36.2559,36.3993,36.0552,36.3515,36.2654,0.08610000000000184,0.2374,13479.75,51122.859
000869.SZ,20161024,35.6919,36.275,35.6728,36.2654,35.7971,0.4682999999999993,1.3082,15241.14,57548.7252
000869.SZ,20161021,35.9404,35.9978,35.5103,35.7971,35.9022,-0.1051000000000002,-0.2927,9066.79,33909.8384
000869.SZ,20161020,36.0169,36.1794,35.7971,35.9022,36.0074,-0.10519999999999641,-0.2922,8164.68,30677.4795
000869.SZ,20161019,36.1316,36.3515,35.9022,36.0074,36.1794,-0.17200000000000415,-0.4754,10505.8,39627.9107
000869.SZ,20161018,35.6728,36.2081,35.6728,36.1794,35.6919,0.48750000000000426,1.3659,12051.49,45358.7863
000869.SZ,20161017,35.8449,36.1316,35.6155,35.6919,35.8831,-0.19120000000000203,-0.5328,12113.95,45517.6354
000869.SZ,20161014,35.7397,36.1316,35.5963,35.8831,35.6919,0.19120000000000203,0.5357,9258.6,34717.1345
000869.SZ,20161013,35.9022,35.9404,35.6537,35.6919,35.8544,-0.16250000000000142,-0.4532,8993.74,33634.4725
000869.SZ,20161012,35.7206,35.9309,35.5581,35.8544,35.7302,0.12419999999999476,0.3476,9109.21,34065.02
000869.SZ,20161011,35.6346,35.8066,35.5772,35.7302,35.6537,0.0765000000000029,0.2146,10140.05,37879.526
000869.SZ,20161010,35.386,35.7206,35.2044,35.6537,35.0993,0.5544000000000011,1.5795,14923.29,55368.9111
000869.SZ,20160930,35.0228,35.3287,34.889,35.0993,35.0324,0.06689999999999685,0.191,9756.15,35853.7276
000869.SZ,20160929,35.0037,35.2044,34.889,35.0324,34.8986,0.1338000000000008,0.3834,9623.83,35316.5483
000869.SZ,20160928,35.4434,35.4434,34.8794,34.8986,35.2809,-0.38230000000000075,-1.0836,9689.26,35521.2496
000869.SZ,20160927,35.0802,35.3956,34.9368,35.2809,35.4243,-0.14339999999999975,-0.4048,8110.86,29821.0798
000869.SZ,20160926,35.5772,35.5772,35.2331,35.4243,35.5868,-0.16249999999999432,-0.4566,10949.72,40588.9181
000869.SZ,20160923,35.6824,35.7493,35.5008,35.5868,35.6346,-0.047800000000002285,-0.1341,6126.3,22810.0593
000869.SZ,20160922,35.5581,35.9309,35.4816,35.6346,35.4147,0.21989999999999554,0.6209,10982.98,41011.5698
000869.SZ,20160921,35.4052,35.5008,35.3383,35.4147,35.4434,-0.02869999999999351,-0.081,5301.37,19653.3893
000869.SZ,20160920,35.3096,35.5677,35.3096,35.4434,35.4147,0.02869999999999351,0.081,6210.97,23000.6901
000869.SZ,20160919,35.3478,35.6441,35.2522,35.4147,35.2427,0.17200000000000415,0.488,8505.32,31524.7013
000869.SZ,20160914,35.0324,35.3096,34.7934,35.2427,35.2427,0.0,0.0,11065.2,40612.9674
000869.SZ,20160913,35.1949,35.2713,34.803,35.2427,35.0324,0.2102999999999966,0.6003,14607.57,53594.4331
000869.SZ,20160912,36.3228,36.3228,34.7934,35.0324,36.6096,-1.5771999999999977,-4.3082,30291.22,112323.9292
000869.SZ,20160909,37.0875,37.1353,36.6096,36.6096,36.9919,-0.38230000000000075,-1.0335,14605.94,56247.5254
000869.SZ,20160908,36.9919,37.2787,36.9441,36.9919,37.1831,-0.19120000000000203,-0.5142,13534.6,52455.9558
000869.SZ,20160907,36.9919,37.3647,36.9728,37.1831,37.097,0.08610000000000184,0.2321,17480.15,67990.3761
000869.SZ,20160906,37.0206,37.1257,36.1316,37.097,36.8868,0.2102000000000004,0.5699,19371.5,74255.7905
000869.SZ,20160905,37.0875,37.164,36.8103,36.8868,36.7912,0.09559999999999746,0.2598,14696.17,56890.1744
000869.SZ,20160902,36.7051,36.9919,36.6191,36.7912,36.772,0.01920000000000499,0.0522,8830.15,33992.7154
000869.SZ,20160901,37.097,37.097,36.7243,36.772,37.097,-0.32500000000000284,-0.8761,16212.79,62649.2995
000869.SZ,20160831,36.8963,37.1257,36.7243,37.097,36.925,0.17200000000000415,0.4658,19320.85,74710.6815
000869.SZ,20160830,37.3838,37.5272,36.6287,36.925,37.2882,-0.3632000000000062,-0.974,40027.67,154677.9442
000869.SZ,20160829,38.2345,38.5977,37.2309,37.2882,38.8845,-1.5962999999999994,-4.1052,38386.16,151556.2742
000869.SZ,20160826,39.0661,39.4102,38.7029,38.8845,39.2669,-0.38239999999999696,-0.9738,12157.01,49721.4843
000869.SZ,20160825,39.3433,39.6396,38.722,39.2669,39.6779,-0.41100000000000136,-1.0358,13944.77,57094.6469
000869.SZ,20160824,39.9455,40.1367,39.4963,39.6779,39.8882,-0.2102999999999966,-0.5272,9221.31,38369.3553
000869.SZ,20160823,39.6683,40.2418,39.5727,39.8882,39.8021,0.08609999999999474,0.2163,15321.1,63957.6961
000869.SZ,20160822,39.783,39.9933,39.6683,39.8021,39.8595,-0.05739999999999412,-0.144,10808.0,45032.8228
000869.SZ,20160819,39.7161,40.1367,39.7065,39.8595,39.8595,0.0,0.0,13028.98,54438.449
000869.SZ,20160818,39.8117,40.0507,39.6014,39.8595,39.8595,0.0,0.0,18120.46,75504.8191
000869.SZ,20160817,40.0698,40.3279,39.6205,39.8595,39.8595,0.0,0.0,14731.14,61580.7424
000869.SZ,20160816,40.4617,40.6242,39.8117,39.8595,40.3757,-0.5162000000000049,-1.2785,28013.98,117348.0408
000869.SZ,20160815,40.0124,40.9014,39.7735,40.3757,39.9742,0.40149999999999864,1.0044,32912.49,138980.8051
000869.SZ,20160812,39.1999,40.0315,38.9323,39.9742,39.2286,0.7456000000000031,1.9007,16957.91,70188.6058
000869.SZ,20160811,38.9323,39.936,38.808,39.2286,39.0661,0.16250000000000142,0.416,21976.67,90780.5495
000869.SZ,20160810,38.9323,39.4293,38.9323,39.0661,39.3146,-0.24849999999999994,-0.6321,8980.16,36739.322
000869.SZ,20160809,38.8845,39.4771,38.6647,39.3146,38.8654,0.4491999999999976,1.1558,17422.73,71336.9209
000869.SZ,20160808,38.1676,38.9514,38.0433,38.8654,38.1198,0.7456000000000031,1.9559,14426.55,58193.8391
000869.SZ,20160805,38.6933,38.8176,38.1198,38.1198,38.7602,-0.6403999999999996,-1.6522,12199.17,49003.816
000869.SZ,20160804,38.5404,38.808,38.1581,38.7602,38.5117,0.24849999999999994,0.6453,10641.32,42950.6002
000869.SZ,20160803,38.3205,38.7316,38.1389,38.5117,38.5213,-0.009599999999998943,-0.0249,11293.13,45447.6878
000869.SZ,20160802,38.0911,38.5786,37.8044,38.5213,38.225,0.2962999999999951,0.7751,14195.53,56683.7553
000869.SZ,20160801,39.6396,39.8499,37.2787,38.225,39.6396,-1.4146,-3.5687,32462.52,130262.5433
000869.SZ,20160729,39.2382,40.433,38.9992,39.6396,39.2382,0.4014000000000024,1.023,35044.34,146306.7635
000869.SZ,20160728,38.2345,39.3624,38.2345,39.2382,38.4735,0.7646999999999977,1.9876,27043.48,110192.6728
000869.SZ,20160727,39.5918,39.8117,37.7566,38.4735,39.5632,-1.0897000000000006,-2.7543,30989.48,125437.9567
000869.SZ,20160726,38.8463,39.5823,38.7507,39.5632,38.8272,0.7360000000000042,1.8956,17569.12,72141.1555
000869.SZ,20160725,38.7125,39.3624,38.4735,38.8272,38.8941,-0.06690000000000396,-0.172,21343.67,87068.0219
000869.SZ,20160722,39.3146,39.6301,38.6264,38.8941,39.4389,-0.5447999999999951,-1.3814,20103.14,82059.9244
000869.SZ,20160721,39.6683,40.0698,39.1904,39.4389,39.6683,-0.22940000000000538,-0.5783,21099.41,87837.6495
000869.SZ,20160720,39.6205,40.0793,39.2669,39.6683,39.5632,0.1051000000000002,0.2657,12567.41,52212.8532
000869.SZ,20160719,40.3374,40.3374,39.1617,39.5632,40.347,-0.7837999999999994,-1.9426,28902.16,119416.0194
000869.SZ,20160718,41.1881,41.9433,40.1176,40.347,41.2742,-0.9271999999999991,-2.2464,30818.19,132602.9919
000869.SZ,20160715,40.3374,41.2933,40.1176,41.2742,40.194,1.0801999999999978,2.6875,31025.54,132499.9114
000869.SZ,20160714,40.9109,41.1403,40.0985,40.194,40.9014,-0.7073999999999998,-1.7295,21103.4,89655.6956
000869.SZ,20160713,41.408,42.0389,40.6337,40.9014,41.322,-0.4206000000000003,-1.0179,33859.86,145417.5586
000869.SZ,20160712,40.6624,42.5933,40.4426,41.322,40.7198,0.6022000000000034,1.4789,60154.86,262260.1604
000869.SZ,20160711,39.5918,41.9528,39.5823,40.7198,39.7543,0.9654999999999987,2.4287,61816.42,266825.9471
000869.SZ,20160708,39.4771,40.1367,39.1521,39.7543,39.7065,0.047800000000002285,0.1204,28928.98,119719.6112
000869.SZ,20160707,40.0029,40.4808,39.372,39.7065,40.022,-0.3155000000000001,-0.7883,52591.59,218879.7642
000869.SZ,20160706,38.2967,40.0915,37.7393,40.0254,38.2589,1.7665000000000006,4.6172,63792.12,264440.9774
000869.SZ,20160705,38.2306,38.5423,38.0133,38.2589,38.24,0.018899999999995032,0.0494,22604.2,91567.1474
000869.SZ,20160704,37.5976,38.2683,37.5598,38.24,37.881,0.35900000000000176,0.9477,21781.3,87741.409
000869.SZ,20160701,38.0983,38.0983,37.5032,37.881,37.9566,-0.07560000000000144,-0.1992,19112.91,76460.078
000869.SZ,20160630,37.1631,38.2589,36.9458,37.9566,37.0403,0.9162999999999997,2.4738,35144.22,140597.8061
000869.SZ,20160629,37.7299,37.7393,36.9269,37.0403,37.5598,-0.5195000000000007,-1.3831,21492.45,84586.1227
000869.SZ,20160628,37.267,37.626,37.1158,37.5598,37.3331,0.226700000000001,0.6072,16572.81,65550.3464
000869.SZ,20160627,36.1712,37.5787,36.0011,37.3331,36.4829,0.850200000000001,2.3304,17683.98,69406.3444
000869.SZ,20160624,36.9458,37.3142,35.8972,36.4829,36.8986,-0.41570000000000107,-1.1266,18308.9,70949.9681
000869.SZ,20160623,37.3142,37.6449,36.7569,36.8986,37.4087,-0.5101000000000013,-1.3636,12706.54,49977.5999
000869.SZ,20160622,36.7474,37.4087,36.7474,37.4087,37.0403,0.36840000000000117,0.9946,13155.36,51720.4422
000869.SZ,20160621,37.9944,38.1455,36.7285,37.0403,37.8338,-0.7934999999999945,-2.0973,20437.39,81196.9685
000869.SZ,20160620,37.3709,38.2589,36.8608,37.8338,37.3331,0.5006999999999948,1.3412,26942.72,107701.2869
000869.SZ,20160617,37.5976,38.41,37.1631,37.3331,37.1442,0.18890000000000384,0.5086,34412.65,137744.2624
000869.SZ,20160616,36.4262,37.2953,35.9161,37.1442,36.4262,0.7179999999999964,1.9711,27095.7,105338.5939
000869.SZ,20160615,35.321,36.6624,35.0376,36.4262,35.4249,1.0013000000000005,2.8265,21056.44,80517.5511
000869.SZ,20160614,35.3777,35.8028,34.8675,35.4249,35.3588,0.06609999999999872,0.1869,16316.42,61080.9216
000869.SZ,20160613,35.8972,36.3223,35.3588,35.3588,36.4168,-1.0579999999999998,-2.9053,18934.88,71909.4643
000869.SZ,20160608,37.2103,37.2103,36.3507,36.4168,37.1536,-0.7367999999999952,-1.9831,20390.94,78844.2888
000869.SZ,20160607,37.6826,37.6826,36.8608,37.1536,37.2575,-0.10390000000000299,-0.2789,21267.69,83794.5817
000869.SZ,20160606,36.8608,37.6638,36.8608,37.2575,37.0403,0.21719999999999828,0.5864,25626.82,101402.0985
000869.SZ,20160603,36.0578,37.7204,35.9067,37.0403,36.0767,0.9635999999999996,2.671,39081.69,153516.7452
000869.SZ,20160602,35.8878,36.1334,35.8217,36.0767,35.7366,0.3400999999999996,0.9517,14377.45,54776.7272
000869.SZ,20160601,36.1334,36.3034,35.6989,35.7366,36.0673,-0.3307000000000002,-0.9169,19697.91,74920.5945
000869.SZ,20160531,35.1037,36.1806,35.0565,36.0673,35.0848,0.9825000000000017,2.8004,28707.05,108818.9562
000869.SZ,20160530,35.1509,35.3399,34.6881,35.0848,35.4155,-0.3307000000000002,-0.9338,8087.07,29990.7458
000869.SZ,20160527,35.3304,35.6138,35.1415,35.4155,35.3777,0.037800000000004275,0.1068,8031.6,30114.935
000869.SZ,20160526,35.6138,35.765,34.6503,35.3777,35.5099,-0.13220000000000454,-0.3723,11448.44,42531.9015
000869.SZ,20160525,35.8783,35.9634,35.2643,35.5099,35.6516,-0.14170000000000016,-0.3975,7210.25,27220.008
000869.SZ,20160524,35.7744,35.8972,35.3966,35.6516,35.9161,-0.2644999999999982,-0.7364,8165.6,30797.9098
000869.SZ,20160523,35.9067,36.1712,35.7272,35.9161,35.9161,0.0,0.0,15733.63,59798.4055
000869.SZ,20160520,35.6989,36.1712,35.236,35.9161,35.8406,0.07549999999999812,0.2107,11706.85,44357.7877
000869.SZ,20160519,35.7839,36.1806,35.4816,35.8406,35.7177,0.12290000000000134,0.3441,21235.34,80704.5827
000869.SZ,20160518,36.6719,37.1064,35.2454,35.7177,37.0308,-1.3130999999999986,-3.546,29807.12,113525.4366
000869.SZ,20160517,37.881,38.2589,36.8608,37.0308,38.2778,-1.2469999999999999,-3.2578,24729.81,97527.5633
000869.SZ,20160516,37.5976,38.3345,36.7947,38.2778,37.8055,0.47229999999999706,1.2493,17273.75,68685.0874
000869.SZ,20160513,37.4181,38.5801,37.2953,37.8055,37.7866,0.018900000000002137,0.05,23596.7,94979.1649
000869.SZ,20160512,36.4546,37.7866,35.6422,37.7866,37.0308,0.7558000000000007,2.041,26453.49,102517.4489
000869.SZ,20160511,36.9836,38.9202,36.3696,37.0308,36.908,0.12279999999999802,0.3327,58738.27,235801.5422
000869.SZ,20160510,35.6138,37.0119,35.4249,36.908,35.7177,1.1903000000000006,3.3325,26679.85,102942.5988
000869.SZ,20160509,35.236,36.0295,34.8392,35.7177,35.6233,0.09440000000000026,0.265,25011.27,93681.7764
000869.SZ,20160506,36.6813,37.3898,35.5477,35.6233,36.8325,-1.2092000000000027,-3.283,27928.2,108051.9676
000869.SZ,20160505,36.8041,37.1442,36.5113,36.8325,36.7002,0.13230000000000075,0.3605,12241.03,47696.8769
000869.SZ,20160504,37.2859,37.4843,36.6813,36.7002,37.2103,-0.5100999999999942,-1.3709,26016.94,101836.8417
000869.SZ,20160503,35.6894,37.8338,35.0565,37.2103,35.3115,1.8987999999999943,5.3773,51207.89,200715.6229
000869.SZ,20160429,34.0079,35.85,33.5356,35.3115,34.5275,0.7839999999999989,2.2707,45007.21,168297.2128
000869.SZ,20160428,34.9715,35.236,33.7151,34.5275,35.1226,-0.5950999999999951,-1.6944,21202.78,77018.6956
000869.SZ,20160427,34.9715,35.4155,34.962,35.1226,34.9526,0.1700000000000017,0.4864,15032.42,55973.7413
000869.SZ,20160426,34.7164,34.9526,34.3952,34.9526,34.5558,0.39679999999999893,1.1483,9017.22,33065.7126
000869.SZ,20160425,34.9526,34.9526,34.1496,34.5558,34.9431,-0.3873000000000033,-1.1084,9991.57,36426.7672
000869.SZ,20160422,33.7245,35.0187,33.6962,34.9431,33.9134,1.0296999999999983,3.0363,16758.87,61068.1661
000869.SZ,20160421,33.1672,34.433,33.0727,33.9134,33.1766,0.7368000000000023,2.2208,22413.46,80485.3363
000869.SZ,20160420,34.5558,35.1226,32.7893,33.1766,34.348,-1.1713999999999984,-3.4104,28077.27,101014.6063
000869.SZ,20160419,34.6692,34.9148,34.2724,34.348,34.518,-0.1700000000000017,-0.4925,14254.97,52144.9644
000869.SZ,20160418,35.236,35.236,34.348,34.518,35.3966,-0.8785999999999987,-2.4822,12538.82,46103.6552
000869.SZ,20160415,35.047,35.6516,35.047,35.3966,35.1321,0.2644999999999982,0.7529,14732.44,55084.8244
000869.SZ,20160414,35.1604,35.4721,34.8392,35.1321,34.9526,0.17950000000000443,0.5136,15071.02,56009.0844
000869.SZ,20160413,35.0187,35.8878,34.9526,34.9526,35.0092,-0.05660000000000309,-0.1617,18526.48,69627.3476
000869.SZ,20160412,35.5194,35.7839,34.6881,35.0092,35.4249,-0.41570000000000107,-1.1735,9805.09,36326.5251
000869.SZ,20160411,34.8675,35.9445,34.8014,35.4249,34.7353,0.6895999999999987,1.9853,23355.14,88194.8954
000869.SZ,20160408,34.8581,34.9337,34.4141,34.7353,34.9998,-0.2644999999999982,-0.7557,21297.75,78130.773
000869.SZ,20160407,35.7933,35.9917,34.9998,34.9998,35.7839,-0.7841000000000022,-2.1912,17097.04,64497.3965
000869.SZ,20160406,35.5194,35.8406,35.1509,35.7839,35.7177,0.06620000000000203,0.1853,21414.37,80546.264
000869.SZ,20160405,35.1982,35.8783,34.348,35.7177,35.1698,0.5478999999999985,1.5579,37030.82,137736.5809
000869.SZ,20160401,34.792,35.4343,34.5369,35.1698,34.8959,0.2739000000000047,0.7849,24628.88,91506.4372
000869.SZ,20160331,34.9526,35.576,34.8392,34.8959,34.8392,0.056699999999999307,0.1627,18397.16,68619.6154
000869.SZ,20160330,34.2724,34.9242,34.2724,34.8392,33.9323,0.9069000000000003,2.6727,19159.87,70249.6818
000869.SZ,20160329,34.3858,34.9242,33.6678,33.9323,34.4425,-0.5102000000000046,-1.4813,17184.21,62291.6719
000869.SZ,20160328,33.7151,35.8594,33.6206,34.4425,33.5639,0.8786000000000058,2.6177,51987.94,191101.5327
000869.SZ,20160325,33.2049,34.0079,33.2049,33.5639,33.6584,-0.09450000000000358,-0.2808,18548.66,66201.9816
000869.SZ,20160324,33.3277,34.4708,33.0443,33.6584,33.6773,-0.018900000000002137,-0.0561,20707.13,73716.5299
000869.SZ,20160323,33.6773,33.9323,33.2805,33.6773,33.7245,-0.04719999999999658,-0.14,21237.25,75151.0012
000869.SZ,20160322,33.5923,34.0079,33.375,33.7245,33.7717,-0.04720000000000368,-0.1398,23613.81,84443.4329
000869.SZ,20160321,33.3561,33.9418,33.2049,33.7717,33.1577,0.6140000000000043,1.8518,31717.53,112671.1639
000869.SZ,20160318,32.8649,33.2333,32.6476,33.1577,32.487,0.6706999999999965,2.0645,43822.79,153117.4688
000869.SZ,20160317,32.043,32.7609,31.9391,32.487,31.8352,0.6518000000000015,2.0474,23036.14,79239.8901
000869.SZ,20160316,32.1753,32.4492,31.6557,31.8352,32.0808,-0.24560000000000315,-0.7656,14289.48,48393.3095
000869.SZ,20160315,32.0241,32.2886,31.6935,32.0808,32.0336,0.04720000000000368,0.1473,15761.93,53394.6136
000869.SZ,20160314,31.4573,32.3925,31.4195,32.0336,31.1361,0.8975000000000009,2.8825,18627.48,63385.4981
000869.SZ,20160311,31.0983,31.514,30.7394,31.1361,31.1928,-0.056699999999999307,-0.1818,11496.99,37834.3774
000869.SZ,20160310,31.4857,32.0713,31.1928,31.1928,31.5045,-0.31170000000000186,-0.9894,14827.86,49769.0654
000869.SZ,20160309,32.0147,32.0147,31.2684,31.5045,32.2225,-0.7179999999999964,-2.2283,9921.6,33141.6809
000869.SZ,20160308,32.2508,32.7798,31.2873,32.2225,32.7798,-0.557300000000005,-1.7001,14694.42,49655.0312
000869.SZ,20160307,32.3547,33.2238,32.3547,32.7798,32.4303,0.34949999999999903,1.0777,24100.94,83885.3203
000869.SZ,20160304,31.6462,32.7609,31.24,32.4303,31.8257,0.6046000000000014,1.8997,34683.07,117369.017
000869.SZ,20160303,32.1186,32.4775,31.6935,31.8257,31.7596,0.06610000000000227,0.2081,19407.42,65818.3489
000869.SZ,20160302,30.6449,31.873,30.6449,31.7596,30.626,1.1335999999999977,3.7014,17034.93,56540.5309
000869.SZ,20160301,29.9458,30.7772,29.927,30.626,30.1442,0.4817999999999998,1.5983,22557.78,72714.7286
000869.SZ,20160229,32.0241,32.0241,29.3129,30.1442,32.0713,-1.9270999999999994,-6.0088,26532.58,85127.3984
000869.SZ,20160226,31.9769,32.3642,31.5707,32.0713,31.9863,0.08500000000000085,0.2657,22734.28,77000.0504
000869.SZ,20160225,33.6962,33.8662,31.1739,31.9863,33.9134,-1.927100000000003,-5.6824,30944.79,107284.9905
000869.SZ,20160224,33.2522,33.989,32.9499,33.9134,33.2994,0.6140000000000043,1.8439,25353.02,89456.236
000869.SZ,20160223,33.9134,33.989,33.2049,33.2994,33.9134,-0.6140000000000043,-1.8105,33821.03,120194.4702
000869.SZ,20160222,32.1658,34.0268,32.1658,33.9134,31.9391,1.974300000000003,6.1815,36130.87,126811.697
000869.SZ,20160219,31.9863,32.402,31.7407,31.9391,32.1186,-0.17950000000000088,-0.5589,19298.88,65473.9876
000869.SZ,20160218,32.5909,32.7515,32.0902,32.1186,32.2319,-0.1133000000000024,-0.3515,21883.02,75020.2122
000869.SZ,20160217,31.9391,32.402,31.6557,32.2319,32.1186,0.1133000000000024,0.3528,24543.88,83370.5586
000869.SZ,20160216,31.1739,32.2603,31.155,32.1186,31.0511,1.067499999999999,3.4379,25251.12,84894.2706
000869.SZ,20160215,30.985,31.2684,30.3709,31.0511,31.7407,-0.6895999999999987,-2.1726,23833.18,77819.74
000869.SZ,20160205,32.2225,32.3736,31.6651,31.7407,32.043,-0.3022999999999989,-0.9434,18183.38,61556.5488
000869.SZ,20160204,31.9296,32.487,31.873,32.043,31.7691,0.2738999999999976,0.8622,21065.43,71673.4929
000869.SZ,20160203,31.6935,31.9013,31.3062,31.7691,32.1186,-0.34949999999999903,-1.0882,15659.92,52367.4257
000869.SZ,20160202,31.5612,32.3264,31.4857,32.1186,31.4195,0.6991000000000014,2.2251,16159.97,54748.2623
000869.SZ,20160201,31.4479,31.7407,30.985,31.4195,31.5896,-0.17010000000000147,-0.5385,16473.45,54681.404
000869.SZ,20160129,30.711,31.8352,30.711,31.5896,30.7677,0.8218999999999994,2.6713,28436.71,94274.0061
000869.SZ,20160128,31.1456,31.599,30.5126,30.7677,31.3723,-0.6045999999999978,-1.9272,14239.82,46837.7856
000869.SZ,20160127,32.1564,32.213,30.3237,31.3723,32.1186,-0.7463000000000015,-2.3236,29864.8,98775.5823
000869.SZ,20160126,33.4411,33.6773,32.0241,32.1186,33.7056,-1.5869999999999962,-4.7084,25370.05,88320.4759
000869.SZ,20160125,33.6773,34.4802,33.63,33.7056,33.5356,0.1699999999999946,0.5069,20583.2,74253.2075
000869.SZ,20160122,34.0079,34.4708,33.0632,33.5356,33.2994,0.23620000000000374,0.7093,21134.2,74865.6799
000869.SZ,20160121,34.6786,35.1604,33.0821,33.2994,35.1509,-1.8515000000000015,-5.2673,28107.06,102503.7289
000869.SZ,20160120,36.7285,36.8419,34.8109,35.1509,36.908,-1.7571000000000012,-4.7608,40807.19,153437.4769
000869.SZ,20160119,36.0578,37.097,35.8783,36.908,36.0578,0.850200000000001,2.3579,22594.45,87301.5199
000869.SZ,20160118,35.68,36.5868,34.7636,36.0578,35.9917,0.06609999999999872,0.1837,17247.48,65722.2354
000869.SZ,20160115,36.464,37.0497,35.7272,35.9917,36.7663,-0.7745999999999995,-2.1068,21183.67,81335.8029
000869.SZ,20160114,34.9526,36.8136,34.5558,36.7663,35.3304,1.4359000000000037,4.0642,23256.41,88222.7906
000869.SZ,20160113,35.6611,36.379,35.3115,35.3304,35.3871,-0.056699999999999307,-0.1602,27346.57,103865.6264
000869.SZ,20160112,35.8028,35.8972,34.7636,35.3871,35.4249,-0.037800000000004275,-0.1067,26190.46,98215.255
000869.SZ,20160111,37.5787,37.8905,35.3966,35.4249,37.9472,-2.5223000000000013,-6.6469,26553.52,103686.9879
000869.SZ,20160108,38.3439,38.5234,36.6624,37.9472,37.352,0.5952000000000055,1.5935,33094.37,132610.8197
000869.SZ,20160107,39.487,39.5814,37.1914,37.352,40.1482,-2.796200000000006,-6.9647,11501.0,46611.5652
000869.SZ,20160106,40.2427,40.6867,39.0996,40.1482,39.8837,0.2645000000000053,0.6632,25652.88,108355.6472
000869.SZ,20160105,38.07,41.0362,38.0605,39.8837,39.9876,-0.10390000000000299,-0.2598,30454.81,128054.8971
000869.SZ,20160104,42.5099,43.0294,39.827,39.9876,43.2467,-3.2590999999999966,-7.5361,21513.99,93893.9909
000869.SZ,20151231,41.9998,43.4545,41.9998,43.2467,41.8486,1.3980999999999995,3.3409,45464.45,205931.101
000869.SZ,20151230,42.3398,42.5004,41.5652,41.8486,42.2454,-0.39679999999999893,-0.9393,21272.29,94289.6746
000869.SZ,20151229,42.0281,42.491,41.6597,42.2454,42.3209,-0.07550000000000523,-0.1784,21429.57,95350.1138
000869.SZ,20151228,44.3047,44.3047,42.047,42.3209,44.1725,-1.8515999999999977,-4.1917,28262.16,129232.8484
000869.SZ,20151225,44.7582,44.7676,43.4545,44.1725,44.7771,-0.6045999999999978,-1.3502,29820.83,139129.6175
000869.SZ,20151224,44.5031,45.3439,44.0213,44.7771,44.1914,0.5856999999999957,1.3254,26696.55,126365.0469
000869.SZ,20151223,44.1347,45.4289,43.9363,44.1914,44.437,-0.24559999999999604,-0.5527,36724.15,173489.5835
000869.SZ,20151222,44.7771,45.24,43.9269,44.437,44.8715,-0.4344999999999999,-0.9683,34025.67,160027.707
000869.SZ,20151221,42.3209,45.9768,42.132,44.8715,41.9431,2.9283999999999963,6.9818,69640.48,327271.3453
000869.SZ,20151218,43.4545,43.4545,41.9431,41.9431,43.4545,-1.5114000000000019,-3.4781,31956.79,143657.4944
000869.SZ,20151217,43.0956,43.8796,43.0956,43.4545,43.4451,0.009400000000006514,0.0216,28933.99,132973.2897
000869.SZ,20151216,42.6988,43.6907,42.3209,43.4451,42.576,0.869099999999996,2.0413,29960.53,135834.1209
000869.SZ,20151215,41.6408,43.464,41.6125,42.576,41.8486,0.7274000000000029,1.7382,33096.49,149668.7363
000869.SZ,20151214,40.8284,42.132,40.8284,41.8486,40.9323,0.9162999999999997,2.2386,23425.56,102991.106
000869.SZ,20151211,41.3007,41.4708,40.4316,40.9323,41.5652,-0.6328999999999994,-1.5227,26942.1,116516.4482
000869.SZ,20151210,42.0942,42.7933,41.5274,41.5652,42.132,-0.5668000000000006,-1.3453,25537.02,114023.766
000869.SZ,20151209,42.0375,42.6894,41.6597,42.132,42.2643,-0.13230000000000075,-0.313,27399.51,122044.3519
000869.SZ,20151208,44.3047,44.3047,41.6125,42.2643,44.2197,-1.9554000000000045,-4.422,49265.21,222585.3348
000869.SZ,20151207,42.5099,45.2305,42.5099,44.2197,42.3871,1.8326000000000064,4.3235,49823.67,231885.7375
000869.SZ,20151204,41.4708,44.0591,41.1401,42.3871,41.8392,0.5478999999999985,1.3095,62719.66,285104.0671
000869.SZ,20151203,41.3763,42.3304,41.0929,41.8392,41.773,0.06619999999999493,0.1585,50760.21,223692.1982
000869.SZ,20151202,39.6759,42.5099,38.8351,41.773,40.6961,1.076900000000002,2.6462,108493.31,470229.5285
000869.SZ,20151201,37.0308,40.6961,37.0308,40.6961,36.993,3.703099999999999,10.0103,95611.42,395646.543
000869.SZ,20151130,36.9269,37.2387,36.2184,36.993,37.1158,-0.12279999999999802,-0.3309,29657.83,115436.6598
000869.SZ,20151127,38.0605,38.4478,36.0956,37.1158,38.0322,-0.916400000000003,-2.4095,50105.51,199247.2163
000869.SZ,20151126,37.1631,38.5612,37.1631,38.0322,36.9364,1.095800000000004,2.9667,60153.25,242089.6692
000869.SZ,20151125,36.8041,36.9836,36.5585,36.9364,36.6719,0.2644999999999982,0.7213,23899.71,92980.5201
000869.SZ,20151124,36.7191,36.7474,36.1806,36.6719,36.7474,-0.07549999999999812,-0.2055,9573.85,36950.8904
000869.SZ,20151123,37.1253,37.1347,36.3412,36.7474,37.1442,-0.39679999999999893,-1.0683,19599.43,76201.86
000869.SZ,20151120,37.1158,37.3048,36.7191,37.1442,37.2575,-0.1133000000000024,-0.3041,27262.02,106625.2299
000869.SZ,20151119,37.0875,37.3426,36.8608,37.2575,37.0875,0.1700000000000017,0.4584,28934.03,113835.9883
000869.SZ,20151118,36.7474,37.1631,35.9917,37.0875,36.6057,0.4817999999999998,1.3162,41850.66,162903.7975
000869.SZ,20151117,35.9917,36.738,35.9728,36.6057,35.8972,0.7085000000000008,1.9737,41512.18,160442.4659
000869.SZ,20151116,35.047,35.8972,35.047,35.8972,35.8972,0.0,0.0,13264.42,50021.6059
000869.SZ,20151113,36.0862,36.3223,35.6138,35.8972,36.1145,-0.2173000000000016,-0.6017,27715.7,105374.3024
000869.SZ,20151112,36.4829,36.6435,36.0011,36.1145,36.5585,-0.4440000000000026,-1.2145,25582.36,98168.8811
000869.SZ,20151111,36.3885,36.9269,36.1806,36.5585,36.5585,0.0,0.0,31647.79,122286.0163
000869.SZ,20151110,36.5585,36.8891,36.0862,36.5585,36.8419,-0.2834000000000003,-0.7692,36562.55,140994.9474
000869.SZ,20151109,36.0484,37.0497,35.7839,36.8419,36.0484,0.7935000000000016,2.2012,61889.82,239580.9926
000869.SZ,20151106,35.4249,36.0673,35.2643,36.0484,35.6138,0.4346000000000032,1.2203,41028.69,155339.8314
000869.SZ,20151105,35.4343,36.0862,35.1226,35.6138,35.4816,0.13219999999999743,0.3726,46361.46,174520.5453
000869.SZ,20151104,34.3669,35.5005,34.1213,35.4816,34.3858,1.095799999999997,3.1868,39044.44,144604.8518
000869.SZ,20151103,33.9796,34.5086,33.7717,34.3858,33.9323,0.45350000000000534,1.3365,22916.62,82762.5107
000869.SZ,20151102,34.1024,34.6408,33.7056,33.9323,34.5747,-0.6424000000000021,-1.858,40648.41,147045.4358
000869.SZ,20151030,35.1037,35.1037,34.0079,34.5747,34.962,-0.3873000000000033,-1.1078,40334.37,147090.2354
000869.SZ,20151029,35.3115,35.5288,34.6786,34.962,35.3115,-0.34949999999999903,-0.9898,34617.71,128273.7788
000869.SZ,20151028,36.1428,36.3601,35.2171,35.3115,36.8797,-1.5681999999999974,-4.2522,57700.75,218519.5499
000869.SZ,20151027,36.993,37.0025,35.8028,36.8797,37.0308,-0.15109999999999957,-0.408,29727.54,114233.8475
000869.SZ,20151026,36.9269,37.097,36.4262,37.0308,36.8702,0.1606000000000023,0.4356,23090.16,89844.1115
000869.SZ,20151023,35.8972,37.1158,35.7839,36.8702,35.7839,1.0862999999999943,3.0357,35394.24,137545.0628
000869.SZ,20151022,35.321,35.8972,35.236,35.7839,35.3682,0.41570000000000107,1.1753,19054.89,71849.6753
000869.SZ,20151021,36.8325,36.8325,34.7447,35.3682,36.8797,-1.511499999999998,-4.0985,32171.48,122570.3185
000869.SZ,20151020,37.267,37.267,36.4829,36.8797,37.267,-0.3873000000000033,-1.0393,20329.61,79065.1806
000869.SZ,20151019,36.7096,37.3615,35.8878,37.267,36.5585,0.7085000000000008,1.938,39172.66,152360.2325
000869.SZ,20151016,36.2562,36.6057,35.8311,36.5585,36.0862,0.47230000000000416,1.3088,24427.36,93745.1296
000869.SZ,20151015,35.406,36.3979,35.3021,36.0862,35.4249,0.6612999999999971,1.8668,24042.38,91675.5163
000869.SZ,20151014,35.6989,35.9728,35.4249,35.4249,35.6044,-0.17949999999999733,-0.5042,17326.16,65488.631
000869.SZ,20151013,35.7555,35.9728,35.3777,35.6044,36.02,-0.41560000000000485,-1.1538,28187.05,106451.3929
000869.SZ,20151012,34.962,36.1617,34.9053,36.02,34.8392,1.180800000000005,3.3893,34085.46,128754.9639
000869.SZ,20151009,34.7258,35.0943,34.4897,34.8392,34.8109,0.028300000000001546,0.0813,10614.42,39125.9374
000869.SZ,20151008,35.0092,35.6989,34.8014,34.8109,33.9323,0.8785999999999987,2.5893,14368.63,53435.6337
000869.SZ,20150930,34.1213,34.2819,33.7623,33.9323,34.0457,-0.11339999999999861,-0.3331,6749.72,24259.493
000869.SZ,20150929,33.6678,34.5086,33.4411,34.0457,34.1402,-0.09450000000000358,-0.2768,14298.48,51494.0158
000869.SZ,20150928,33.29,34.4802,32.8743,34.1402,33.4411,0.6991000000000014,2.0905,14052.97,49810.676
000869.SZ,20150925,34.0079,34.0079,33.1105,33.4411,33.819,-0.3779000000000039,-1.1174,9225.42,32740.905
000869.SZ,20150924,33.9323,34.0835,33.4411,33.819,33.9512,-0.13219999999999743,-0.3894,12983.65,46438.4756
000869.SZ,20150923,33.1672,34.1874,33.1577,33.9512,33.6584,0.2927999999999997,0.8699,23219.58,83404.4781
000869.SZ,20150922,33.2049,33.9701,32.9215,33.6584,33.2049,0.45349999999999824,1.3658,25470.59,90283.0334
000869.SZ,20150921,32.1942,33.3277,31.6935,33.2049,32.1658,1.0391000000000048,3.2304,17679.36,61345.229
000869.SZ,20150918,32.1375,32.4775,31.429,32.1658,32.0241,0.14170000000000016,0.4425,18546.63,62633.8931
000869.SZ,20150917,32.5437,33.0538,31.8919,32.0241,33.0632,-1.0391000000000048,-3.1428,32022.39,110119.1367
000869.SZ,20150916,30.7016,33.3844,30.1348,33.0632,30.3615,2.7017000000000024,8.8984,31230.69,104136.2163
000869.SZ,20150915,31.6462,33.0632,30.2292,30.3615,31.9958,-1.6342999999999996,-5.1079,31112.89,102652.602
000869.SZ,20150914,34.074,34.2252,31.0511,31.9958,34.0079,-2.0121,-5.9166,28356.77,97678.9701
000869.SZ,20150911,34.4802,34.7731,33.6678,34.0079,34.5842,-0.5763000000000034,-1.6664,14090.66,50961.5926
000869.SZ,20150910,34.9526,35.765,34.2535,34.5842,35.3682,-0.7839999999999989,-2.2167,28795.0,106103.2068
000869.SZ,20150909,34.6692,35.5005,34.4802,35.3682,34.3196,1.0486000000000004,3.0554,34680.93,128902.3156
000869.SZ,20150908,33.2522,34.4613,32.9688,34.3196,33.6584,0.6612000000000009,1.9644,32258.36,114142.8803
000869.SZ,20150907,35.236,35.9917,33.0632,33.6584,35.3871,-1.7286999999999964,-4.8851,51365.85,186660.2295
000869.SZ,20150902,32.5909,35.3871,32.5909,35.3871,34.0079,1.3791999999999973,4.0555,34316.26,126105.365
000869.SZ,20150901,34.5653,34.792,32.8743,34.0079,34.7825,-0.7745999999999995,-2.227,23333.63,83772.0273
000869.SZ,20150831,33.8568,35.5666,33.3561,34.7825,33.8473,0.9352000000000018,2.763,29035.63,105911.4735
000869.SZ,20150828,33.6206,34.5747,33.3466,33.8473,32.1091,1.738199999999999,5.4134,42669.84,153086.5284
000869.SZ,20150827,30.7016,32.213,30.6638,32.1091,30.1159,1.993199999999998,6.6184,31061.33,102615.4227
000869.SZ,20150826,30.4182,31.4857,29.6813,30.1159,29.5963,0.5196000000000005,1.7556,27894.04,90098.6836
000869.SZ,20150825,30.9377,32.2603,29.2846,29.5963,31.9485,-2.3522,-7.3625,49770.56,161252.6674
000869.SZ,20150824,34.0174,34.2913,31.9485,31.9485,35.5005,-3.552000000000003,-10.0055,58405.68,199133.7652
000869.SZ,20150821,36.7852,37.0308,34.9526,35.5005,37.3142,-1.8136999999999972,-4.8606,30354.31,115499.9829
000869.SZ,20150820,37.8149,38.0511,37.0686,37.3142,38.325,-1.0108000000000033,-2.6374,19094.33,75921.2682
000869.SZ,20150819,36.4357,38.3817,36.0295,38.325,37.0781,1.2469000000000037,3.3629,28164.35,110327.8872
000869.SZ,20150818,38.7596,39.2602,36.4168,37.0781,38.8446,-1.7665000000000006,-4.5476,41694.55,167684.3364
000869.SZ,20150817,39.2886,39.3736,38.3628,38.8446,39.2319,-0.3873000000000033,-0.9872,29051.43,119088.083
000869.SZ,20150814,39.3925,40.0538,39.043,39.2319,39.2225,0.009400000000006514,0.024,22342.61,93696.545
000869.SZ,20150813,38.4006,39.3547,38.3628,39.2225,38.7501,0.47239999999999327,1.2191,20819.88,85733.9755
000869.SZ,20150812,39.3453,39.6192,38.7407,38.7501,39.6759,-0.9257999999999953,-2.3334,23688.26,98123.1267
000869.SZ,20150811,40.0538,40.1482,39.5058,39.6759,40.2427,-0.5668000000000006,-1.4085,27596.87,116311.2696
000869.SZ,20150810,39.2508,40.4316,38.7312,40.2427,38.8257,1.4170000000000016,3.6496,35535.83,148960.8614
000869.SZ,20150807,38.4006,39.298,38.3061,38.8257,38.2589,0.5668000000000006,1.4815,29016.48,119593.0712
000869.SZ,20150806,37.4937,38.7029,37.2103,38.2589,37.881,0.3778999999999968,0.9976,18460.56,74528.2569
000869.SZ,20150805,38.4478,39.2036,37.5976,37.881,38.6084,-0.7274000000000029,-1.884,24785.55,100862.878
000869.SZ,20150804,37.0308,38.8257,36.908,38.6084,37.1158,1.492600000000003,4.0215,31867.48,128463.0437
000869.SZ,20150803,35.9728,37.1442,35.9728,37.1158,36.823,0.2927999999999997,0.7952,33477.7,129135.0191
000869.SZ,20150731,35.8311,37.0308,35.8311,36.823,36.5679,0.25509999999999877,0.6976,32573.82,125830.1862
000869.SZ,20150730,37.7866,38.2494,36.5585,36.5679,38.1644,-1.596499999999999,-4.1832,34936.9,138783.3666
000869.SZ,20150729,37.2198,38.24,36.1806,38.1644,36.9175,1.2469000000000037,3.3775,30978.2,120952.0395
000869.SZ,20150728,35.3021,37.3709,33.7151,36.9175,36.0295,0.8879999999999981,2.4646,64939.08,245175.6644
000869.SZ,20150727,39.1091,39.2036,36.0295,36.0295,40.0349,-4.005400000000002,-10.0048,62457.35,249646.5614
000869.SZ,20150724,41.0929,41.3291,39.6759,40.0349,40.8851,-0.850200000000001,-2.0795,50189.16,217177.6256
000869.SZ,20150723,40.1104,40.989,39.5058,40.8851,40.0538,0.8312999999999988,2.0755,50793.63,216958.8048
000869.SZ,20150722,39.3925,40.9323,39.3642,40.0538,39.6287,0.4251000000000005,1.0727,37148.13,157689.6208
000869.SZ,20150721,39.6287,40.356,38.7312,39.6287,39.9593,-0.3305999999999969,-0.8273,39673.73,166823.0725
000869.SZ,20150720,41.159,41.3574,39.5909,39.9593,41.1496,-1.1903000000000006,-2.8926,50743.2,216868.6962
000869.SZ,20150717,40.5261,41.518,40.5261,41.1496,40.3938,0.7558000000000007,1.8711,70813.8,308712.2727
000869.SZ,20150716,37.9283,41.7258,36.7474,40.3938,37.9283,2.4654999999999987,6.5004,53706.5,226037.9827
000869.SZ,20150715,39.8176,40.8095,37.5504,37.9283,41.1307,-3.2023999999999972,-7.7859,49295.1,204080.7917
000869.SZ,20150714,42.4154,43.3506,40.5922,41.1307,43.5018,-2.3711000000000055,-5.4506,72675.38,322764.078
000869.SZ,20150713,41.4708,44.2858,40.6206,43.5018,40.6394,2.862400000000001,7.0434,90550.91,405646.9983
000869.SZ,20150710,38.3351,40.6352,37.3814,40.6352,36.9419,3.6933000000000007,9.9976,71314.19,304488.322
000869.SZ,20150709,33.5853,36.9419,33.5853,36.9419,33.5853,3.3566000000000003,9.9943,50114.5,192488.0449
000869.SZ,20150708,31.6685,35.1467,31.6685,33.5853,35.1841,-1.5988000000000042,-4.5441,165397.53,583413.0395
000869.SZ,20150707,38.1387,39.4197,35.1841,35.1841,39.0924,-3.908299999999997,-9.9976,67810.88,264548.2681
000869.SZ,20150706,41.3925,41.3925,35.5301,39.0924,37.6338,1.458599999999997,3.8758,77811.77,320942.0453
000869.SZ,20150703,40.7193,42.2434,36.97,37.6338,41.0746,-3.440799999999996,-8.377,80182.35,336384.1788
000869.SZ,20150702,43.8049,44.8147,40.2986,41.0746,44.0106,-2.936,-6.6711,56246.47,256292.8884
000869.SZ,20150701,44.8801,47.4794,43.3841,44.0106,45.6188,-1.6082000000000036,-3.5253,60022.37,294453.544
000869.SZ,20150630,41.1401,45.6188,40.0181,45.6188,41.4673,4.151499999999999,10.0115,86660.19,393539.2388
000869.SZ,20150629,43.3841,44.1228,38.3444,41.4673,42.1686,-0.7012999999999963,-1.6631,77269.82,346939.6231
000869.SZ,20150626,45.0578,46.6192,41.9816,42.1686,46.6379,-4.469300000000004,-9.583,82548.52,388506.1464
000869.SZ,20150625,48.9941,48.9941,46.133,46.6379,49.0876,-2.4497,-4.9905,41634.0,212468.815
000869.SZ,20150624,48.1059,49.1531,47.5449,49.0876,48.0591,1.028500000000001,2.1401,56123.41,291639.2802
000869.SZ,20150623,46.3761,48.1059,44.1415,48.0591,46.3761,1.6829999999999998,3.629,48043.1,237279.899
000869.SZ,20150619,47.4981,48.1526,46.2359,46.3761,48.4331,-2.057000000000002,-4.2471,50568.27,255014.2486
000869.SZ,20150618,49.3401,50.6958,48.2555,48.4331,49.6393,-1.2061999999999955,-2.4299,48832.02,257683.9943
000869.SZ,20150617,49.0876,49.9104,47.1148,49.6393,49.4616,0.17770000000000152,0.3593,55489.89,287325.99
000869.SZ,20150616,52.4443,52.4443,49.1624,49.4616,53.2764,-3.8148000000000053,-7.1604,74716.88,404139.0681
000869.SZ,20150615,53.2858,55.1651,52.463,53.2764,53.3886,-0.1121999999999943,-0.2102,69792.05,403879.4824
000869.SZ,20150612,52.8557,55.3989,52.837,53.3886,52.7154,0.6731999999999942,1.277,77541.28,448839.4322
000869.SZ,20150611,52.4349,52.8276,51.0979,52.7154,52.4536,0.2618000000000009,0.4991,62693.2,348437.2428
000869.SZ,20150610,50.4247,53.5195,49.6019,52.4536,50.3031,2.150500000000001,4.2751,79967.33,444636.7003
000869.SZ,20150609,51.6682,52.6406,50.1629,50.3031,51.6682,-1.3650999999999982,-2.6421,66706.51,364189.6828
000869.SZ,20150608,49.5551,51.7991,49.1063,51.6682,49.5551,2.1130999999999958,4.2641,77986.79,420450.0624
000869.SZ,20150605,49.3681,50.4995,47.6851,49.5551,48.6295,0.9256000000000029,1.9034,62887.58,332408.6266
000869.SZ,20150604,49.3027,50.3686,45.0765,48.6295,49.6299,-1.000399999999999,-2.0157,49940.4,257441.7655
000869.SZ,20150603,50.8548,50.8828,48.5079,49.6299,50.8174,-1.1875,-2.3368,45867.51,243427.3005
000869.SZ,20150602,49.2746,50.9576,48.6669,50.8174,49.2372,1.5801999999999978,3.2094,49112.07,261893.1433
000869.SZ,20150601,46.9839,49.3681,45.0671,49.2372,46.9839,2.253300000000003,4.7959,47453.36,244589.3453
000869.SZ,20150529,48.1526,48.8071,45.7871,46.9839,47.8721,-0.8882000000000048,-1.8554,51299.65,260555.2171
000869.SZ,20150528,50.3312,52.6406,47.7038,47.8721,50.4714,-2.5992999999999995,-5.15,63617.77,342011.2574
000869.SZ,20150527,51.0137,51.1353,49.9385,50.4714,51.0605,-0.5890999999999948,-1.1537,46281.64,250311.9689
000869.SZ,20150526,51.2381,52.8276,50.5836,51.0605,50.8641,0.19639999999999702,0.3861,62049.66,342230.7667
000869.SZ,20150525,48.8352,51.0231,48.4986,50.8641,49.0689,1.7952000000000012,3.6585,61801.36,329977.262
000869.SZ,20150522,48.3583,49.2746,47.7693,49.0689,47.7506,1.3183000000000007,2.7608,56567.92,293585.8685
000869.SZ,20150521,46.8436,48.1059,46.6566,47.7506,47.1241,0.6265000000000001,1.3295,41584.96,211315.9216
000869.SZ,20150520,47.2176,48.9941,46.7221,47.1241,47.2176,-0.0934999999999988,-0.198,64941.24,330525.6344
000869.SZ,20150519,45.3476,47.3579,45.17,47.2176,45.5814,1.6361999999999952,3.5896,44699.39,222164.1113
000869.SZ,20150518,46.7688,47.1241,45.5346,45.5814,47.4981,-1.9166999999999987,-4.0353,69445.13,341886.1395
000869.SZ,20150515,47.1054,48.4799,46.9652,47.4981,47.4046,0.0934999999999988,0.1972,48584.31,247485.139
000869.SZ,20150514,49.3214,49.3214,47.2176,47.4046,49.3401,-1.9354999999999976,-3.9228,66304.82,339278.6232
000869.SZ,20150513,48.7697,51.3223,48.0965,49.3401,48.7697,0.5703999999999994,1.1696,82834.13,444910.5328
000869.SZ,20150512,48.6201,48.8071,47.4327,48.7697,48.9006,-0.1308999999999969,-0.2677,72084.83,370112.7847
000869.SZ,20150511,49.0409,49.8169,47.7132,48.9006,48.7791,0.1214999999999975,0.2491,87351.82,453786.841
000869.SZ,20150508,45.8151,48.7884,45.2541,48.7791,45.8993,2.879800000000003,6.2742,91622.8,457788.1732
000869.SZ,20150507,43.9638,46.4696,43.7768,45.8993,43.9638,1.9354999999999976,4.4025,96935.47,469918.0088
000869.SZ,20150506,43.113,45.3383,43.0195,43.9638,43.0008,0.963000000000001,2.2395,75446.81,355962.7613
000869.SZ,20150505,43.9451,44.422,42.3649,43.0008,44.0667,-1.0658999999999992,-2.4188,50293.27,232943.9461
000869.SZ,20150504,42.4491,44.2163,41.8039,44.0667,42.5052,1.5614999999999952,3.6737,68045.41,315924.0766
000869.SZ,20150430,42.8979,44.4033,42.4958,42.5052,41.7198,0.7854000000000028,1.8826,61623.67,285786.8541
000869.SZ,20150429,41.299,42.3462,41.0933,41.7198,41.3738,0.34599999999999653,0.8363,36225.33,162381.4021
000869.SZ,20150428,42.8231,42.8231,41.0466,41.3738,43.0101,-1.6362999999999985,-3.8045,61174.37,272373.9046
000869.SZ,20150427,42.7857,43.9264,42.5519,43.0101,42.6548,0.3552999999999997,0.833,39480.69,182285.3919
000869.SZ,20150424,43.0569,43.4215,42.0938,42.6548,43.5618,-0.9069999999999965,-2.0821,46396.7,211919.4522
000869.SZ,20150423,43.1691,44.2163,42.5426,43.5618,43.1691,0.39269999999999783,0.9097,67769.15,313670.8682
000869.SZ,20150422,42.7483,43.8516,42.739,43.1691,42.6829,0.48620000000000374,1.1391,50956.6,235137.4083
000869.SZ,20150421,41.1401,43.1036,41.0466,42.6829,40.9905,1.6923999999999992,4.1288,58807.82,264055.4901
000869.SZ,20150420,42.2153,42.3182,40.6258,40.9905,42.2621,-1.2715999999999994,-3.0088,59319.59,263764.7621
000869.SZ,20150417,43.3654,43.6553,42.1031,42.2621,43.3654,-1.1033000000000044,-2.5442,65888.05,300865.1681
000869.SZ,20150416,40.6258,44.1041,40.2051,43.3654,40.7848,2.580600000000004,6.3274,86793.46,397341.6801
000869.SZ,20150415,42.7951,42.8418,40.6445,40.7848,43.0475,-2.2627000000000024,-5.2563,60750.17,268854.4416
000869.SZ,20150414,44.1134,44.4781,42.9634,43.0475,44.1321,-1.0846000000000018,-2.4576,61491.32,287282.8675
000869.SZ,20150413,42.8231,44.7679,42.0751,44.1321,42.8325,1.299599999999998,3.0341,78201.8,359193.4443
000869.SZ,20150410,41.5982,42.9073,41.0466,42.8325,41.6263,1.2062000000000026,2.8977,70493.15,319148.2815
000869.SZ,20150409,41.7011,42.8886,40.0274,41.6263,42.0751,-0.44879999999999853,-1.0667,91007.27,403614.3315
000869.SZ,20150408,40.3921,42.9914,40.3921,42.0751,39.4571,2.618000000000002,6.6351,135506.65,608074.4191
000869.SZ,20150407,37.4001,39.6254,37.3627,39.4571,37.3159,2.1411999999999978,5.738,86664.79,359236.0498
000869.SZ,20150403,37.1663,37.6993,36.9513,37.3159,37.3159,0.0,0.0,50467.17,201346.5083
000869.SZ,20150402,37.3066,37.6338,36.9326,37.3159,37.0635,0.2524000000000015,0.681,52901.15,210554.8202
000869.SZ,20150401,37.2131,37.4188,36.8484,37.0635,36.8952,0.168299999999995,0.4562,57867.79,229754.9744
000869.SZ,20150331,38.2416,38.8493,36.7736,36.8952,37.0354,-0.1402000000000001,-0.3786,85729.12,346472.1533
000869.SZ,20150330,36.6521,38.3351,35.9134,37.0354,36.0911,0.9443000000000055,2.6164,55888.85,218672.6979
000869.SZ,20150327,36.5866,37.6245,36.0256,36.0911,36.5866,-0.49549999999999983,-1.3543,76199.09,300034.705
000869.SZ,20150326,35.1561,36.9232,35.0158,36.5866,35.3618,1.2247999999999948,3.4636,93519.62,363076.1379
000869.SZ,20150325,34.3894,35.7638,34.1369,35.3618,34.3707,0.991100000000003,2.8836,86730.23,325676.4895
000869.SZ,20150324,34.2772,34.5857,33.6133,34.3707,34.2304,0.14029999999999632,0.4099,63326.66,231382.9935
000869.SZ,20150323,33.9406,34.2585,33.819,34.2304,33.8003,0.43010000000000304,1.2725,60587.51,220659.8815
000869.SZ,20150320,33.8097,34.0808,33.5666,33.8003,33.8284,-0.028100000000002012,-0.0831,50187.61,181249.7499
000869.SZ,20150319,34.1743,34.5951,33.632,33.8284,34.2304,-0.402000000000001,-1.1744,49234.19,179201.6869
000869.SZ,20150318,33.8658,34.3707,33.791,34.2304,33.8377,0.39270000000000493,1.1605,41666.32,152171.9409
000869.SZ,20150317,33.4731,34.4081,33.2767,33.8377,33.4544,0.3832999999999984,1.1457,47705.26,173266.1292
000869.SZ,20150316,32.9495,33.4731,32.9495,33.4544,32.7905,0.6638999999999982,2.0247,42947.92,152767.3073
000869.SZ,20150313,32.6596,32.884,32.5381,32.7905,32.669,0.1215000000000046,0.3719,21575.01,75508.4181
000869.SZ,20150312,32.7812,32.9962,32.2576,32.669,32.8186,-0.14960000000000662,-0.4558,32824.54,114235.5153
000869.SZ,20150311,32.9121,33.4637,32.7064,32.8186,32.9027,-0.0840999999999994,-0.2556,28205.87,99776.3455
000869.SZ,20150310,33.2393,33.3328,32.8373,32.9027,33.1084,-0.20570000000000022,-0.6213,27033.97,95609.0211
000869.SZ,20150309,32.3511,33.1645,32.2669,33.1084,32.5381,0.5703000000000031,1.7527,37077.51,129952.9736
000869.SZ,20150306,32.8186,33.3515,32.2576,32.5381,32.7251,-0.1869999999999976,-0.5714,34533.7,121048.8572
000869.SZ,20150305,32.2669,32.8092,32.0706,32.7251,32.2669,0.45819999999999794,1.42,43108.97,150299.632
000869.SZ,20150304,31.6592,32.2763,31.5283,32.2669,31.6498,0.6171000000000006,1.9498,32925.04,112776.3815
000869.SZ,20150303,32.0706,32.108,31.5002,31.6498,32.1921,-0.5423000000000044,-1.6846,30897.9,104762.9556
000869.SZ,20150302,32.3698,32.5848,31.7994,32.1921,32.3511,-0.15899999999999892,-0.4915,31272.72,107313.9161
000869.SZ,20150227,32.0799,32.6409,32.0706,32.3511,32.0706,0.2805000000000035,0.8746,23045.79,79765.3693
000869.SZ,20150226,31.4161,32.0706,31.3413,32.0706,31.4254,0.6451999999999991,2.0531,15417.17,52515.569
000869.SZ,20150225,32.0799,32.2669,31.2104,31.4254,32.0799,-0.6545000000000023,-2.0402,21165.67,71840.9581
000869.SZ,20150217,32.3324,32.5942,32.0238,32.0799,32.2576,-0.17769999999999442,-0.5509,17269.98,59606.8024
000869.SZ,20150216,31.6592,32.2576,31.6592,32.2576,31.7807,0.476899999999997,1.5006,18414.54,63338.9583
000869.SZ,20150213,31.4067,32.0986,31.4067,31.7807,31.3413,0.4393999999999991,1.402,19791.74,67517.7687
000869.SZ,20150212,31.1356,31.5844,31.1169,31.3413,31.2665,0.07479999999999976,0.2392,11592.59,38935.8394
000869.SZ,20150211,31.1075,31.2758,31.0047,31.2665,31.1449,0.12160000000000082,0.3904,11744.13,39161.3898
000869.SZ,20150210,30.4811,31.2758,30.4811,31.1449,30.4156,0.7292999999999985,2.3978,22727.96,75095.1758
000869.SZ,20150209,30.2006,30.7616,29.9668,30.4156,30.2286,0.18700000000000117,0.6186,18102.58,59001.4938
000869.SZ,20150206,31.2478,31.3787,29.9855,30.2286,31.2571,-1.028500000000001,-3.2905,30001.63,98424.0992
000869.SZ,20150205,32.0238,32.0893,31.2384,31.2571,31.762,-0.5048999999999992,-1.5896,19895.33,67574.9519
000869.SZ,20150204,31.9677,32.2389,31.6592,31.762,31.8368,-0.07479999999999976,-0.2349,18874.68,64470.93
000869.SZ,20150203,31.5937,31.9771,31.5937,31.8368,31.4348,0.402000000000001,1.2788,14483.54,49220.9579
000869.SZ,20150202,31.2758,31.7901,31.1636,31.4348,31.5844,-0.1495999999999995,-0.4737,16425.85,55313.8608
000869.SZ,20150130,31.6498,32.0799,31.4535,31.5844,31.6031,-0.018700000000002603,-0.0592,21811.25,74157.9896
000869.SZ,20150129,31.6498,31.8649,31.4067,31.6031,31.6592,-0.05609999999999715,-0.1772,13904.3,47089.663
000869.SZ,20150128,32.0799,32.1641,31.6498,31.6592,32.3885,-0.7293000000000021,-2.2517,24212.87,82512.747
000869.SZ,20150127,32.5848,32.9027,32.0051,32.3885,32.5848,-0.1963000000000008,-0.6024,27318.42,94908.3375
000869.SZ,20150126,32.1734,32.6316,32.0612,32.5848,32.1734,0.41140000000000043,1.2787,24844.24,85788.319
000869.SZ,20150123,32.4446,32.7157,31.9958,32.1734,32.5848,-0.41140000000000043,-1.2626,28749.85,99279.7389
000869.SZ,20150122,32.3885,33.043,32.3043,32.5848,32.5848,0.0,0.0,23809.07,83034.0797
000869.SZ,20150121,32.0051,32.6877,31.8368,32.5848,31.9584,0.6264000000000003,1.96,44000.64,151740.2656
000869.SZ,20150120,31.1823,31.9958,31.1823,31.9584,31.1169,0.8414999999999999,2.7043,34640.67,117333.2357
000869.SZ,20150119,31.7901,33.1832,30.3876,31.1169,32.7344,-1.6174999999999997,-4.9413,43220.32,147567.0303
000869.SZ,20150116,32.1641,32.9401,32.0238,32.7344,31.9771,0.7573000000000008,2.3683,29847.97,104123.1011
000869.SZ,20150115,31.7901,32.0051,31.1636,31.9771,31.6405,0.3366000000000007,1.0638,31187.55,105677.3802
000869.SZ,20150114,32.9588,33.1832,31.4254,31.6405,32.9588,-1.3182999999999971,-3.9998,46588.12,160073.6439
000869.SZ,20150113,32.7251,33.4731,32.7251,32.9588,32.8934,0.0653999999999968,0.1988,22116.71,78331.4792
000869.SZ,20150112,34.0808,34.0902,32.6129,32.8934,34.1276,-1.2342000000000013,-3.6164,39430.88,140064.172
000869.SZ,20150109,34.1276,35.0439,33.9967,34.1276,34.352,-0.22439999999999571,-0.6532,51780.91,191721.1338
000869.SZ,20150108,34.2024,34.9784,33.6601,34.352,34.3333,0.018699999999995498,0.0545,38003.53,138839.9997
000869.SZ,20150107,34.2398,35.2589,33.7536,34.3333,34.3146,0.018700000000002603,0.0545,38647.3,142143.4505
000869.SZ,20150106,34.6886,35.0345,33.6601,34.3146,35.1561,-0.8415000000000035,-2.3936,61727.55,226194.5017
000869.SZ,20150105,32.5942,35.3057,32.5007,35.1561,32.5942,2.5619000000000014,7.86,82929.18,302417.292
000869.SZ,20141231,32.4633,32.8373,32.0799,32.5942,32.4633,0.130900000000004,0.4032,26071.16,90391.3161
000869.SZ,20141230,33.3796,33.3796,32.3885,32.4633,33.4731,-1.0098000000000056,-3.0168,36682.35,128066.8562
000869.SZ,20141229,33.7068,34.006,33.0149,33.4731,33.5198,-0.04669999999999419,-0.1393,46649.9,166457.1744
000869.SZ,20141226,33.0056,33.632,32.8653,33.5198,32.9588,0.5609999999999999,1.7021,41525.23,147913.0561
000869.SZ,20141225,32.7531,33.3515,32.4913,32.9588,32.856,0.1027999999999949,0.3129,33662.56,118376.3531
000869.SZ,20141224,32.8186,33.6414,32.2576,32.856,33.0991,-0.24309999999999832,-0.7345,70416.28,248300.4848
000869.SZ,20141223,32.0799,33.819,31.6218,33.0991,32.0706,1.028500000000001,3.207,95982.16,338453.2157
000869.SZ,20141222,31.1356,32.2576,30.5746,32.0706,31.2758,0.7947999999999986,2.5413,63883.34,214698.5815
000869.SZ,20141219,30.6774,31.7901,30.3876,31.2758,30.8551,0.4207000000000001,1.3635,45990.83,152632.5009
000869.SZ,20141218,30.7709,31.1917,30.6681,30.8551,30.7522,0.10290000000000177,0.3346,32656.61,107968.2084
000869.SZ,20141217,31.6872,31.6872,30.6681,30.7522,31.6966,-0.9444000000000017,-2.9795,45939.12,152238.142
000869.SZ,20141216,32.2108,32.2108,31.3226,31.6966,32.2108,-0.5141999999999989,-1.5964,36173.44,122484.8584
000869.SZ,20141215,31.8836,32.7064,31.3226,32.2108,31.9677,0.24309999999999832,0.7605,40859.47,139953.7505
000869.SZ,20141212,32.0706,32.2576,31.6779,31.9677,32.0706,-0.10289999999999822,-0.3209,37218.67,127047.5067
000869.SZ,20141211,31.8929,33.1739,31.3226,32.0706,31.8555,0.21509999999999962,0.6752,71266.21,245632.4422
000869.SZ,20141210,30.3876,32.1454,30.3876,31.8555,30.0977,1.7577999999999996,5.8403,89336.81,299926.7731
000869.SZ,20141209,29.8079,32.5287,29.1721,30.0977,29.7798,0.3178999999999981,1.0675,120862.93,398344.3196
000869.SZ,20141208,29.5461,30.3782,29.0786,29.7798,29.9107,-0.1308999999999969,-0.4376,64881.06,205899.7712
000869.SZ,20141205,30.8551,31.3226,28.7981,29.9107,30.3128,-0.4021000000000008,-1.3265,80354.21,258410.02
000869.SZ,20141204,29.4526,30.3876,29.3591,30.3128,29.4619,0.8508999999999993,2.8881,69827.9,222794.9687
000869.SZ,20141203,28.7981,29.892,28.77,29.4619,28.77,0.6919000000000004,2.4049,78801.02,247525.3732
000869.SZ,20141202,28.4241,28.9383,28.2184,28.77,28.5456,0.22439999999999927,0.7861,57013.2,174420.0741
000869.SZ,20141201,27.5826,28.9851,27.2179,28.5456,27.62,0.9255999999999993,3.3512,81548.92,246920.3454
000869.SZ,20141128,27.9098,27.9285,27.3021,27.62,28.0033,-0.3832999999999984,-1.3688,44661.08,131771.4222
000869.SZ,20141127,28.1529,28.1716,27.7228,28.0033,28.1529,-0.1495999999999995,-0.5314,36461.57,108857.7999
000869.SZ,20141126,27.9192,28.2277,27.7228,28.1529,27.9098,0.24309999999999832,0.871,34888.41,104409.3724
000869.SZ,20141125,27.5358,27.9753,27.4143,27.9098,27.5358,0.37400000000000233,1.3582,29278.9,87107.2947
000869.SZ,20141124,27.4143,27.7135,27.087,27.5358,27.1525,0.3832999999999984,1.4117,40578.85,118914.9361
000869.SZ,20141121,27.1151,27.1992,26.9374,27.1525,27.059,0.0934999999999988,0.3455,21538.82,62343.2245
000869.SZ,20141120,26.9374,27.059,26.7878,27.059,26.9935,0.06550000000000011,0.2427,19022.08,54776.98
000869.SZ,20141119,27.3956,27.4517,26.9187,26.9935,27.3956,-0.4021000000000008,-1.4678,27582.52,79922.9161
000869.SZ,20141118,27.6948,27.7322,27.3301,27.3956,27.6854,-0.2897999999999996,-1.0468,18694.1,54948.0913
000869.SZ,20141117,28.0501,28.2184,27.4049,27.6854,27.7509,-0.06550000000000011,-0.236,30832.1,91449.4193
000869.SZ,20141114,27.1525,27.9846,27.1244,27.7509,27.2553,0.49560000000000315,1.8184,27927.71,82661.4654
000869.SZ,20141113,27.6761,27.6761,27.1618,27.2553,27.7041,-0.4488000000000021,-1.62,22370.55,65402.9626
000869.SZ,20141112,27.5358,27.8257,27.1151,27.7041,27.62,0.0840999999999994,0.3045,29022.16,85055.3175
000869.SZ,20141111,28.5176,28.5176,27.461,27.62,28.5082,-0.8881999999999977,-3.1156,35806.79,106984.8852
000869.SZ,20141110,27.461,28.5456,27.461,28.5082,27.4797,1.0284999999999975,3.7428,37512.55,112924.2752
000869.SZ,20141107,28.9383,28.9383,27.059,27.4797,28.9477,-1.468,-5.0712,53398.1,160390.5491
000869.SZ,20141106,28.7794,28.9664,28.5456,28.9477,28.5924,0.3552999999999997,1.2426,19793.88,61034.6251
000869.SZ,20141105,28.9009,29.116,28.5269,28.5924,28.7607,-0.16829999999999856,-0.5852,22039.5,67894.6768
000869.SZ,20141104,29.4526,29.5461,28.6298,28.7607,29.4526,-0.6919000000000004,-2.3492,26124.84,80961.7044
000869.SZ,20141103,29.1814,29.6863,29.0131,29.4526,29.2843,0.16829999999999856,0.5747,26404.71,83096.8482
000869.SZ,20141031,29.6022,29.7331,28.9757,29.2843,29.6115,-0.3271999999999977,-1.105,26860.39,84090.7006
000869.SZ,20141030,28.3119,30.3502,28.2558,29.6115,27.8911,1.720399999999998,6.1683,74203.57,234959.1527
000869.SZ,20141029,27.5732,27.9659,27.5732,27.8911,27.4704,0.4207000000000001,1.5315,13547.81,40270.4353
000869.SZ,20141028,26.9468,27.4984,26.9468,27.4704,26.9281,0.5423000000000009,2.0139,16629.15,48681.6325
000869.SZ,20141027,26.713,27.0683,26.3671,26.9281,26.7785,0.1495999999999995,0.5587,8343.57,23839.6022
000869.SZ,20141024,27.1618,27.3021,26.6569,26.7785,27.087,-0.30849999999999866,-1.1389,12833.05,37062.1946
000869.SZ,20141023,27.6293,27.8444,27.0309,27.087,27.6293,-0.5423000000000009,-1.9628,14397.46,42171.5325
000869.SZ,20141022,27.7789,28.1716,27.5826,27.6293,27.7883,-0.15899999999999892,-0.5722,12077.98,36036.735
000869.SZ,20141021,28.022,28.2184,27.7883,27.7883,28.0875,-0.299199999999999,-1.0652,9028.17,27030.7093
000869.SZ,20141020,27.5826,28.1529,27.5358,28.0875,27.6387,0.44879999999999853,1.6238,21422.0,63986.4889
000869.SZ,20141017,27.6667,27.8631,26.8065,27.6387,27.6948,-0.056100000000000705,-0.2026,30072.06,87970.1794
000869.SZ,20141016,27.8631,28.2371,27.6948,27.6948,27.9659,-0.27110000000000056,-0.9694,16686.19,49889.9911
000869.SZ,20141015,27.5919,28.0314,27.5078,27.9659,27.6574,0.3085000000000022,1.1154,16119.27,47995.2196
000869.SZ,20141014,27.5826,27.7415,27.4236,27.6574,27.62,0.0373999999999981,0.1354,14556.74,42927.3417
000869.SZ,20141013,28.2371,28.3306,27.5078,27.62,28.4054,-0.7853999999999992,-2.765,24599.99,72967.2968
000869.SZ,20141010,28.2371,28.4802,27.9846,28.4054,28.3306,0.07479999999999976,0.264,29805.35,90076.266
000869.SZ,20141009,28.5924,28.7794,28.2932,28.3306,28.583,-0.25239999999999796,-0.883,20615.65,62811.7837
000869.SZ,20141008,28.9757,28.9851,28.2464,28.583,28.8542,-0.27120000000000033,-0.9399,20682.15,62927.033
000869.SZ,20140930,28.6859,28.9851,28.6578,28.8542,28.6859,0.16829999999999856,0.5867,15525.49,47887.4483
000869.SZ,20140929,28.6765,28.9383,28.6204,28.6859,28.6859,0.0,0.0,14757.98,45360.8553
000869.SZ,20140926,29.0038,29.0318,28.5737,28.6859,29.0692,-0.3832999999999984,-1.3186,14505.39,44552.4309
000869.SZ,20140925,29.3965,29.6209,28.9009,29.0692,29.2375,-0.16830000000000211,-0.5756,20323.85,63610.2791
000869.SZ,20140924,28.5176,29.3965,28.3493,29.2375,28.5269,0.7105999999999995,2.491,22104.77,68560.3402
000869.SZ,20140923,28.5176,28.7981,28.4334,28.5269,28.2184,0.3085000000000022,1.0933,17530.61,53631.2842
000869.SZ,20140922,29.0786,29.1066,28.0688,28.2184,29.2095,-0.9910999999999994,-3.3931,17750.07,54045.423
000869.SZ,20140919,28.7513,29.2375,28.583,29.2095,28.742,0.4674999999999976,1.6265,21325.55,66205.084
000869.SZ,20140918,28.2371,28.9383,28.0781,28.742,28.2277,0.5143000000000022,1.822,18485.24,56661.5423
000869.SZ,20140917,28.4147,28.6952,28.0594,28.2277,28.3773,-0.14960000000000306,-0.5272,23231.33,70517.8604
000869.SZ,20140916,29.2656,29.3497,28.2745,28.3773,29.2375,-0.860199999999999,-2.9421,22238.22,68549.8546
000869.SZ,20140915,29.5741,29.5741,28.7046,29.2375,29.4993,-0.2618000000000009,-0.8875,31716.84,98619.649
000869.SZ,20140912,29.3591,29.6115,29.1721,29.4993,29.3684,0.13090000000000046,0.4457,14389.59,45282.9283
000869.SZ,20140911,29.8453,29.8827,29.1721,29.3684,29.8453,-0.47690000000000055,-1.5979,25408.64,80228.8837
000869.SZ,20140910,29.1814,30.0136,29.0599,29.8453,29.3123,0.5330000000000013,1.8183,22408.59,71207.6467
000869.SZ,20140909,29.6676,30.2193,29.116,29.3123,29.8453,-0.5330000000000013,-1.7859,35952.58,113190.7671
000869.SZ,20140905,30.1258,30.3876,29.4526,29.8453,30.1258,-0.28049999999999997,-0.9311,34076.39,108722.4997
000869.SZ,20140904,30.5278,30.5465,29.7331,30.1258,30.4624,-0.3365999999999971,-1.105,29289.91,94052.1315
000869.SZ,20140903,29.2656,30.7148,29.2001,30.4624,29.4058,1.0565999999999995,3.5932,49148.12,158678.6331
000869.SZ,20140902,28.5643,29.5461,28.4334,29.4058,28.4428,0.963000000000001,3.3857,40199.3,125519.9757
000869.SZ,20140901,28.0594,29.0131,28.0594,28.4428,27.9472,0.4955999999999996,1.7733,42317.41,129361.5651
000869.SZ,20140829,26.9187,27.9566,26.9,27.9472,26.9374,1.0097999999999985,3.7487,30035.03,88719.8943
000869.SZ,20140828,27.8163,27.8163,26.9281,26.9374,27.835,-0.8976000000000006,-3.2247,26659.9,78060.3203
000869.SZ,20140827,26.7972,27.8631,26.7878,27.835,26.7878,1.0472000000000001,3.9092,39974.49,117665.5793
000869.SZ,20140826,26.8907,27.5732,26.6102,26.7878,26.8346,-0.04679999999999751,-0.1744,30219.32,87807.3525
000869.SZ,20140825,26.6943,27.1338,26.5541,26.8346,26.7224,0.11219999999999786,0.4199,24675.53,70928.1527
000869.SZ,20140822,26.9748,27.0309,26.4606,26.7224,26.9187,-0.1963000000000008,-0.7292,25831.26,73913.3139
000869.SZ,20140821,27.3956,27.4984,26.6102,26.9187,27.5078,-0.5890999999999984,-2.1416,38077.67,109629.4247
000869.SZ,20140820,27.3021,28.0501,27.1244,27.5078,27.4517,0.056100000000000705,0.2044,24599.11,72848.8353
000869.SZ,20140819,27.6854,27.6948,27.0216,27.4517,27.7228,-0.27110000000000056,-0.9779,31310.16,91420.257
000869.SZ,20140818,26.6569,27.8631,26.6569,27.7228,26.6663,1.0564999999999998,3.9619,37497.16,110052.6921
000869.SZ,20140815,26.4606,26.9281,26.339,26.6663,26.526,0.14029999999999987,0.5289,25820.6,73541.2938
000869.SZ,20140814,26.6943,26.9094,26.2549,26.526,26.9094,-0.38340000000000174,-1.4248,26489.64,75252.8937
000869.SZ,20140813,26.2549,26.9094,26.2549,26.9094,26.3764,0.5330000000000013,2.0207,34437.2,98444.9595
000869.SZ,20140812,26.9281,26.9561,26.2736,26.3764,27.1057,-0.7292999999999985,-2.6906,34394.6,97362.6601
000869.SZ,20140811,27.1338,27.3021,26.7504,27.1057,27.0122,0.0934999999999988,0.3461,23121.8,66773.6446
000869.SZ,20140808,26.5541,27.3208,26.4419,27.0122,26.4138,0.5984000000000016,2.2655,46921.75,135231.1297
000869.SZ,20140807,26.3858,27.3395,26.2736,26.4138,26.4325,-0.018700000000002603,-0.0707,48154.92,138008.4236
000869.SZ,20140806,26.3203,26.8159,26.0211,26.4325,26.4419,-0.009399999999999409,-0.0355,36053.41,102082.2345
000869.SZ,20140805,25.8154,26.5915,25.8154,26.4419,26.1614,0.28049999999999997,1.0722,53831.38,151366.3479
000869.SZ,20140804,24.9926,26.3203,24.8711,26.1614,24.9926,1.168800000000001,4.6766,65214.21,181120.8855
000869.SZ,20140801,25.2451,26.1707,24.7869,24.9926,25.3292,-0.3366000000000007,-1.3289,48476.39,132668.0132
000869.SZ,20140731,24.7308,25.3479,24.6841,25.3292,24.7402,0.5889999999999986,2.3807,31649.75,85149.9638
000869.SZ,20140730,24.9552,25.03,24.5532,24.7402,25.0487,-0.30849999999999866,-1.2316,28659.45,75879.5157
000869.SZ,20140729,25.1142,25.2638,24.7682,25.0487,25.0674,-0.01869999999999905,-0.0746,47008.26,125811.9456
000869.SZ,20140728,23.7397,25.1048,23.7117,25.0674,23.7584,1.3089999999999975,5.5096,80488.45,211617.8144
000869.SZ,20140725,23.4873,23.8052,23.4312,23.7584,23.4873,0.27110000000000056,1.1542,39731.81,100334.0525
000869.SZ,20140724,23.2722,23.6649,22.9917,23.4873,23.0478,0.43950000000000244,1.9069,37605.93,94212.4203
000869.SZ,20140723,23.0385,23.2816,22.9169,23.0478,23.0291,0.01869999999999905,0.0812,20423.12,50350.1999
000869.SZ,20140722,22.8889,23.1787,22.8234,23.0291,22.945,0.0840999999999994,0.3665,17339.04,42669.481
000869.SZ,20140721,23.2722,23.2909,22.8702,22.945,23.1974,-0.25239999999999796,-1.0881,18895.75,46633.8001
000869.SZ,20140718,22.7767,23.4966,22.7206,23.1974,22.7393,0.4580999999999982,2.0146,38900.46,96710.2506
000869.SZ,20140717,22.8795,22.945,22.6177,22.7393,22.8141,-0.07479999999999976,-0.3279,14481.64,35216.2541
000869.SZ,20140716,23.0572,23.132,22.7206,22.8141,23.1881,-0.3739999999999988,-1.6129,25341.41,62061.6433
000869.SZ,20140715,22.5523,23.5621,22.5429,23.1881,22.7206,0.4674999999999976,2.0576,65067.91,161313.2252
000869.SZ,20140714,22.1035,22.7673,21.9726,22.7206,22.1035,0.6171000000000006,2.7919,32104.24,76922.5525
000869.SZ,20140711,21.9726,22.197,21.9539,22.1035,21.8978,0.20570000000000022,0.9394,13238.05,31263.9099
000869.SZ,20140710,21.9252,22.0534,21.8612,21.8978,21.9436,-0.04579999999999984,-0.2087,10651.51,25536.9097
000869.SZ,20140709,22.2457,22.2823,21.9344,21.9436,22.2457,-0.30209999999999937,-1.358,15880.41,38252.4139
000869.SZ,20140708,22.1083,22.2914,22.0351,22.2457,22.1083,0.13739999999999952,0.6215,9483.87,22973.4135
000869.SZ,20140707,22.1633,22.2457,22.0534,22.1083,22.1633,-0.054999999999999716,-0.2482,12957.51,31296.544
000869.SZ,20140704,22.4287,22.502,22.1175,22.1633,22.4471,-0.2837999999999994,-1.2643,16123.39,39163.0604
000869.SZ,20140703,22.4654,22.6027,22.328,22.4471,22.6301,-0.18299999999999983,-0.8087,17541.04,42965.7837
000869.SZ,20140702,22.0443,22.6759,22.0443,22.6301,22.0168,0.6132999999999988,2.7856,29241.01,71430.2976
000869.SZ,20140701,22.0717,22.1083,21.9527,22.0168,22.0717,-0.05489999999999995,-0.2487,11359.87,27300.1913
000869.SZ,20140630,21.971,22.145,21.9527,22.0717,21.9802,0.09149999999999991,0.4163,15827.72,38067.404
000869.SZ,20140627,21.9802,22.0626,21.8245,21.9802,21.9985,-0.018299999999999983,-0.0832,11919.55,28571.4083
000869.SZ,20140626,22.0168,22.1175,21.9344,21.9985,21.9252,0.0732999999999997,0.3343,9550.95,22962.8336
000869.SZ,20140625,22.0992,22.0992,21.7879,21.9252,22.1083,-0.1830999999999996,-0.8282,8499.96,20335.596
000869.SZ,20140624,21.8612,22.328,21.852,22.1083,21.8245,0.2837999999999994,1.3004,13445.96,32472.8247
000869.SZ,20140623,21.7879,22.0443,21.7788,21.8245,21.7696,0.05489999999999995,0.2522,10386.0,24836.0744
000869.SZ,20140620,21.7513,21.7788,21.4767,21.7696,21.6964,0.07319999999999993,0.3374,11603.18,27442.2897
000869.SZ,20140619,22.4562,22.4562,21.5499,21.6964,22.4013,-0.7048999999999985,-3.1467,26275.29,63067.2388
000869.SZ,20140618,22.4104,22.5478,22.3464,22.4013,22.4379,-0.036599999999999966,-0.1631,11188.08,27399.8636
000869.SZ,20140617,23.1153,23.1428,22.4287,22.4379,23.1611,-0.7232000000000021,-3.1225,27848.89,68939.728
000869.SZ,20140616,22.9872,23.2069,22.978,23.1611,23.0238,0.13729999999999976,0.5963,13174.11,33252.5481
000869.SZ,20140613,22.8499,23.1428,22.7492,23.0238,22.9139,0.10989999999999966,0.4796,14032.71,35200.0704
000869.SZ,20140612,23.0329,23.0329,22.8315,22.9139,23.0329,-0.11899999999999977,-0.5167,9261.19,23157.4773
000869.SZ,20140611,23.0604,23.0604,22.7949,23.0329,23.0329,0.0,0.0,5306.29,13318.4952
000869.SZ,20140610,22.859,23.1336,22.74,23.0329,22.7308,0.3021000000000029,1.329,6930.75,17378.4655
000869.SZ,20140609,22.6942,23.0879,22.6942,22.7308,22.8224,-0.09159999999999968,-0.4014,7319.48,18292.2308
000869.SZ,20140606,23.1611,23.2618,22.7034,22.8224,23.1611,-0.3387000000000029,-1.4624,7081.37,17753.0096
000869.SZ,20140605,22.7858,23.1977,22.7125,23.1611,22.7949,0.36620000000000275,1.6065,7082.68,17779.0387
000869.SZ,20140604,23.0787,23.1062,22.7766,22.7949,23.0879,-0.2930000000000028,-1.2691,7123.71,17787.1305
000869.SZ,20140603,23.1245,23.271,22.9414,23.0879,23.0787,0.009199999999999875,0.0399,6237.59,15716.0856
000869.SZ,20140530,23.1245,23.3808,22.9597,23.0787,23.216,-0.13729999999999976,-0.5914,9192.41,23238.0648
000869.SZ,20140529,23.8202,23.866,23.1611,23.216,23.7745,-0.5584999999999987,-2.3492,10615.0,27187.2434
000869.SZ,20140528,23.628,23.8294,23.5364,23.7745,23.6188,0.1556999999999995,0.6592,11836.49,30619.678
000869.SZ,20140527,23.6097,23.8935,23.4449,23.6188,23.6188,0.0,0.0,9697.64,25148.7844
000869.SZ,20140526,23.4357,23.7562,23.2801,23.6188,23.1611,0.4576999999999991,1.9762,12004.49,30895.1725
000869.SZ,20140523,22.9414,23.3259,22.9414,23.1611,23.0696,0.09149999999999991,0.3966,5893.22,14905.2319
000869.SZ,20140522,23.1611,23.5181,23.0604,23.0696,23.1703,-0.10069999999999979,-0.4346,8774.37,22305.2145
000869.SZ,20140521,22.7034,23.216,22.4196,23.1703,22.8499,0.32039999999999935,1.4022,7719.55,19348.3914
000869.SZ,20140520,22.9414,23.1428,22.7766,22.8499,22.8682,-0.018299999999999983,-0.08,7292.36,18284.508
000869.SZ,20140519,23.4266,23.4724,22.6485,22.8682,23.4632,-0.5949999999999989,-2.5359,13463.8,33651.1447
000869.SZ,20140516,22.9872,23.509,22.9597,23.4632,22.978,0.48519999999999897,2.1116,9783.58,24795.7891
000869.SZ,20140515,23.2527,23.4815,22.978,22.978,23.2893,-0.31129999999999924,-1.3367,8871.73,22554.7009
000869.SZ,20140514,23.4174,23.6097,23.1794,23.2893,23.4174,-0.12809999999999988,-0.547,11317.73,28941.3137
000869.SZ,20140513,23.3259,23.8752,23.2435,23.4174,23.2252,0.1921999999999997,0.8275,22477.11,57828.8675
000869.SZ,20140512,22.6576,23.6188,22.6301,23.2252,22.5569,0.6683000000000021,2.9627,20587.52,52243.4418
000869.SZ,20140509,22.2182,22.978,22.2182,22.5569,22.2182,0.33869999999999933,1.5244,12090.68,29885.9721
000869.SZ,20140508,22.1999,22.7034,22.1083,22.2182,22.3006,-0.0823999999999998,-0.3695,9365.53,22985.2648
000869.SZ,20140507,22.6027,22.6393,22.2365,22.3006,22.6851,-0.3844999999999992,-1.6949,12988.37,31782.7693
000869.SZ,20140506,22.4104,22.7858,22.3372,22.6851,22.4104,0.2746999999999993,1.2258,8714.63,21548.6363
000869.SZ,20140505,22.7766,22.8224,22.1541,22.4104,22.7766,-0.3661999999999992,-1.6078,14680.64,35830.0293
000869.SZ,20140430,22.74,22.859,22.6118,22.7766,22.8224,-0.04579999999999984,-0.2007,7166.41,17780.207
000869.SZ,20140429,22.5752,22.8865,22.5752,22.8224,22.6759,0.14649999999999963,0.6461,9680.67,24030.2299
000869.SZ,20140428,22.5203,22.8407,22.4745,22.6759,22.9322,-0.2563000000000031,-1.1176,14104.21,34935.409
000869.SZ,20140425,23.6097,23.9942,22.9139,22.9322,23.7104,-0.7781999999999982,-3.2821,15840.05,40260.0897
000869.SZ,20140424,24.0308,24.3146,23.628,23.7104,24.159,-0.448599999999999,-1.8569,11124.47,29111.2279
000869.SZ,20140423,23.7379,24.2414,23.6005,24.159,23.7653,0.39369999999999905,1.6566,14586.99,38371.4694
000869.SZ,20140422,23.5548,23.7928,23.4357,23.7653,23.6738,0.09149999999999991,0.3865,9701.39,25024.1919
000869.SZ,20140421,24.1864,24.3878,23.5364,23.6738,24.3878,-0.7139999999999986,-2.9277,18125.25,47561.0391
000869.SZ,20140418,24.2597,24.5526,24.0125,24.3878,24.2963,0.09149999999999991,0.3766,8993.19,23917.6938
000869.SZ,20140417,24.4794,24.5801,24.278,24.2963,24.4702,-0.17389999999999972,-0.7107,9766.95,26076.7377
000869.SZ,20140416,24.1864,24.5892,24.0583,24.4702,24.1864,0.2837999999999994,1.1734,12253.77,32613.8888
000869.SZ,20140415,24.6716,24.6716,24.1407,24.1864,24.6808,-0.4944000000000024,-2.0032,14309.61,38074.0327
000869.SZ,20140414,24.7357,24.8639,24.5435,24.6808,24.9463,-0.2654999999999994,-1.0643,14600.66,39330.5807
000869.SZ,20140411,24.4244,25.1477,24.2597,24.9463,24.4336,0.5127000000000024,2.0983,34477.69,93738.4023
000869.SZ,20140410,24.3787,24.4794,24.1773,24.4336,24.3787,0.05489999999999995,0.2252,21758.78,57814.0276
000869.SZ,20140409,24.4702,24.8089,24.1681,24.3787,24.4336,-0.05489999999999995,-0.2247,18527.32,49439.3092
000869.SZ,20140408,23.9484,24.6075,23.9484,24.4336,24.1773,0.25629999999999953,1.0601,22533.61,60159.1376
000869.SZ,20140404,23.5822,24.1864,23.5273,24.1773,23.747,0.430299999999999,1.812,12875.98,33807.659
000869.SZ,20140403,23.8935,24.2047,23.6738,23.747,23.9759,-0.22889999999999944,-0.9547,15285.69,40045.1928
000869.SZ,20140402,23.4357,24.1681,23.4357,23.9759,23.3808,0.5950999999999986,2.5453,24821.79,64858.3087
000869.SZ,20140401,23.0513,23.4357,22.978,23.3808,23.0146,0.3661999999999992,1.5912,9425.11,23998.0841
000869.SZ,20140331,23.1428,23.3167,22.9322,23.0146,23.1245,-0.10989999999999966,-0.4753,8419.69,21281.254
000869.SZ,20140328,23.4174,23.509,22.9597,23.1245,23.4266,-0.30209999999999937,-1.2896,14521.47,36734.7959
000869.SZ,20140327,23.7012,23.9759,23.3991,23.4266,23.866,-0.4393999999999991,-1.8411,12342.0,31877.6417
000869.SZ,20140326,24.0674,24.2047,23.8019,23.866,23.9942,-0.12819999999999965,-0.5343,8589.14,22453.0571
000869.SZ,20140325,24.2505,24.2505,23.6738,23.9942,24.2505,-0.25629999999999953,-1.0569,17446.25,45690.8637
000869.SZ,20140324,23.8294,24.4244,23.8294,24.2505,23.8294,0.42109999999999914,1.7671,20470.49,53995.6754
000869.SZ,20140321,22.9689,23.985,22.74,23.8294,23.1794,0.6499999999999986,2.8042,19164.71,48931.7806
000869.SZ,20140320,24.0766,24.1864,23.1794,23.1794,24.1132,-0.933799999999998,-3.8726,20005.44,51826.5609
000869.SZ,20140319,24.3512,24.3512,23.6738,24.1132,24.4519,-0.33869999999999933,-1.3852,20934.71,54821.1449
000869.SZ,20140318,24.3512,25.1202,24.1681,24.4519,24.3146,0.13729999999999976,0.5647,36734.89,99477.4395
000869.SZ,20140317,24.223,24.4061,23.9667,24.3146,24.1407,0.17389999999999972,0.7204,20406.66,53864.0866
000869.SZ,20140314,24.1681,24.4061,23.8019,24.1407,24.4611,-0.32039999999999935,-1.3098,21801.85,57304.5695
000869.SZ,20140313,22.7034,24.992,22.6118,24.4611,22.7583,1.7027999999999999,7.4821,46250.04,121604.3022
000869.SZ,20140312,22.4287,23.2252,22.4287,22.7583,22.6851,0.07319999999999993,0.3227,17155.29,42913.0618
000869.SZ,20140311,22.3738,22.8499,22.2273,22.6851,22.3738,0.31129999999999924,1.3914,16196.23,39984.3666
000869.SZ,20140310,23.3442,23.3808,22.3555,22.3738,23.5273,-1.153500000000001,-4.9028,18070.25,44697.694
000869.SZ,20140307,23.4449,23.7562,23.2527,23.5273,23.5731,-0.04579999999999984,-0.1943,13715.85,35205.5952
000869.SZ,20140306,23.9118,23.9118,23.271,23.5731,23.9301,-0.3569999999999993,-1.4918,14407.55,37020.1196
000869.SZ,20140305,23.509,24.2963,23.2527,23.9301,23.5364,0.39369999999999905,1.6727,18757.46,48808.9905
000869.SZ,20140304,24.0125,24.0216,23.152,23.5364,24.159,-0.6225999999999985,-2.5771,21293.6,54875.5599
000869.SZ,20140303,24.278,24.4702,23.866,24.159,24.4977,-0.33869999999999933,-1.3826,21002.84,55221.0017
000869.SZ,20140228,23.7104,24.6899,23.6005,24.4977,23.866,0.6316999999999986,2.6469,22543.19,60041.3711
000869.SZ,20140227,23.4266,23.9667,23.2893,23.866,23.4174,0.448599999999999,1.9157,22217.5,57315.21
000869.SZ,20140226,23.2984,23.4174,22.9048,23.4174,23.2893,0.12809999999999988,0.55,15836.07,40093.043
000869.SZ,20140225,24.1223,24.3695,23.2343,23.2893,24.1223,-0.8329999999999984,-3.4532,18378.64,47683.6065
000869.SZ,20140224,24.0949,24.2871,23.6188,24.1223,24.2871,-0.1647999999999996,-0.6785,18700.65,48929.4246
000869.SZ,20140221,24.7632,25.1293,24.0766,24.2871,25.0195,-0.7324000000000019,-2.9273,29714.44,79286.1027
000869.SZ,20140220,25.6329,26.1638,24.5251,25.0195,25.6237,-0.6041999999999987,-2.358,37964.0,104750.5965
000869.SZ,20140219,24.3512,25.935,24.3329,25.6237,24.3512,1.2725000000000009,5.2256,56383.94,156307.6429
000869.SZ,20140218,24.8089,24.8547,24.1681,24.3512,24.9279,-0.5767000000000024,-2.3135,32839.71,87603.6847
000869.SZ,20140217,23.8019,25.0653,23.7104,24.9279,23.8019,1.1260000000000012,4.7307,55280.76,148516.7501
000869.SZ,20140214,22.8865,23.9576,22.7949,23.8019,22.8865,0.9153999999999982,3.9997,43719.26,112102.4849
000869.SZ,20140213,22.6576,23.1611,22.5752,22.8865,22.6485,0.2380000000000031,1.0508,30857.73,77431.3184
000869.SZ,20140212,22.7034,22.7125,22.4287,22.6485,22.7217,-0.07319999999999993,-0.3222,13949.86,34383.571
000869.SZ,20140211,22.3006,22.7492,22.0809,22.7217,22.3738,0.3478999999999992,1.5549,25374.41,62307.3782
000869.SZ,20140210,21.9527,22.4287,21.9527,22.3738,21.9527,0.42109999999999914,1.9182,21364.24,51904.6792
000869.SZ,20140207,22.1266,22.1266,21.7879,21.9527,22.1358,-0.1830999999999996,-0.8272,15790.28,37751.6505
000869.SZ,20140130,22.383,22.5844,22.0717,22.1358,22.4745,-0.33869999999999933,-1.507,11929.86,29064.3672
000869.SZ,20140129,22.7308,22.7766,22.3464,22.4745,22.7125,-0.23799999999999955,-1.0479,12913.3,31705.1276
000869.SZ,20140128,22.9414,23.1977,22.4928,22.7125,22.9506,-0.23810000000000286,-1.0374,15260.0,37837.6153
000869.SZ,20140127,23.1703,23.4174,22.9139,22.9506,23.2069,-0.25629999999999953,-1.1044,15706.28,39611.8802
000869.SZ,20140124,23.0329,23.4632,22.9597,23.2069,23.0787,0.12819999999999965,0.5555,13286.65,33790.9053
000869.SZ,20140123,22.9597,23.1886,22.8956,23.0787,23.0238,0.05489999999999995,0.2384,18333.65,46184.5943
000869.SZ,20140122,22.2457,23.0238,22.2182,23.0238,22.3189,0.7049000000000021,3.1583,19235.55,47917.6319
000869.SZ,20140121,22.3097,22.4745,22.1541,22.3189,22.3006,0.018299999999999983,0.0821,10545.57,25737.6431
000869.SZ,20140120,22.1633,22.4745,22.0626,22.3006,22.1999,0.10069999999999979,0.4536,12662.19,30861.4199
000869.SZ,20140117,22.5386,22.6485,21.971,22.1999,22.5661,-0.3661999999999992,-1.6228,16563.18,40150.3128
000869.SZ,20140116,22.4287,22.8682,22.3464,22.5661,22.4379,0.12819999999999965,0.5714,13013.52,32135.0224
000869.SZ,20140115,23.1062,23.1336,22.3555,22.4379,23.0879,-0.6500000000000021,-2.8153,22996.14,56660.6202
000869.SZ,20140114,22.9872,23.2252,22.8956,23.0879,22.9231,0.1647999999999996,0.7189,12793.44,32222.6375
000869.SZ,20140113,22.6668,23.0146,22.6668,22.9231,22.6576,0.26550000000000296,1.1718,11453.89,28617.3443
000869.SZ,20140110,23.0787,23.097,22.6576,22.6576,22.8865,-0.228900000000003,-1.0002,13072.77,32706.086
000869.SZ,20140109,22.9414,23.5548,22.8224,22.8865,23.0238,-0.13729999999999976,-0.5963,17559.18,44430.6277
000869.SZ,20140108,23.4632,23.6463,22.9689,23.0238,23.4632,-0.4393999999999991,-1.8727,18250.82,46280.806
000869.SZ,20140107,23.3442,23.6097,23.2252,23.4632,23.39,0.07319999999999993,0.313,8698.41,22283.2795
000869.SZ,20140106,24.1956,24.223,23.2527,23.39,24.1223,-0.7322999999999986,-3.0358,19243.56,49580.2249
000869.SZ,20140103,24.4611,24.4611,24.0766,24.1223,24.4611,-0.3387999999999991,-1.3851,13648.97,36048.106
000869.SZ,20140102,24.6258,24.6991,24.3146,24.4611,24.7174,-0.2563000000000031,-1.0369,13668.6,36536.502
000869.SZ,20131231,24.04,25.166,24.04,24.7174,24.1956,0.5218000000000025,2.1566,35997.41,97500.1216
000869.SZ,20131230,24.5068,24.6258,24.1223,24.1956,24.4244,-0.22879999999999967,-0.9368,11002.6,29244.2857
000869.SZ,20131227,24.0583,24.6625,24.0216,24.4244,24.0491,0.3752999999999993,1.5606,10005.26,26601.6538
000869.SZ,20131226,24.8364,24.8364,23.985,24.0491,24.7174,-0.6683000000000021,-2.7038,14407.44,38290.3383
000869.SZ,20131225,24.6167,24.8181,24.5343,24.7174,24.5984,0.11899999999999977,0.4838,7018.67,18952.8869
000869.SZ,20131224,24.7174,24.8364,24.5251,24.5984,24.5343,0.06409999999999982,0.2613,7389.52,19932.9822
000869.SZ,20131223,24.6899,24.7632,24.3512,24.5343,24.6899,-0.15559999999999974,-0.6302,9534.5,25600.3244
000869.SZ,20131220,25.2392,25.3857,24.6625,24.6899,25.2392,-0.5492999999999988,-2.1764,16414.16,44616.2641
000869.SZ,20131219,25.88,25.88,25.2209,25.2392,25.6695,-0.430299999999999,-1.6763,18110.3,50276.6593
000869.SZ,20131218,25.7244,25.8983,25.6329,25.6695,25.6878,-0.018299999999999983,-0.0712,8191.72,23031.5484
000869.SZ,20131217,25.8251,25.9899,25.642,25.6878,25.8159,-0.12809999999999988,-0.4962,9627.69,27160.0776
000869.SZ,20131216,26.411,26.5941,25.8068,25.8159,26.4568,-0.640900000000002,-2.4224,13947.73,39743.6698
000869.SZ,20131213,26.1547,26.6765,26.1455,26.4568,26.411,0.04579999999999984,0.1734,9559.72,27626.5229
000869.SZ,20131212,26.4385,26.5849,26.3194,26.411,26.4568,-0.04579999999999984,-0.1731,10477.28,30330.8502
000869.SZ,20131211,26.2004,26.7314,26.1272,26.4568,26.3835,0.0732999999999997,0.2778,16564.89,47861.3245
000869.SZ,20131210,26.7131,26.7589,26.3652,26.3835,26.7039,-0.32039999999999935,-1.1998,14594.33,42166.9982
000869.SZ,20131209,26.6215,26.8413,26.2737,26.7039,26.6399,0.06400000000000006,0.2402,19710.95,57323.2447
000869.SZ,20131206,26.3652,26.6673,26.3194,26.6399,26.4385,0.20139999999999958,0.7618,19166.1,55622.9613
000869.SZ,20131205,26.0906,26.4842,26.0265,26.4385,26.1821,0.25640000000000285,0.9793,15589.18,44772.389
000869.SZ,20131204,25.9258,26.3835,25.8343,26.1821,25.9899,0.1921999999999997,0.7395,21215.34,60782.1965
000869.SZ,20131203,25.7702,26.0723,25.5871,25.9899,25.7885,0.20139999999999958,0.781,21209.93,59808.9357
000869.SZ,20131202,26.0906,26.411,25.6329,25.7885,26.4934,-0.7049000000000021,-2.6607,29680.24,84520.9846
000869.SZ,20131129,26.7131,26.7589,26.3469,26.4934,26.7131,-0.21969999999999956,-0.8224,17780.49,51476.8717
000869.SZ,20131128,26.3652,26.8687,26.2737,26.7131,26.2554,0.4576999999999991,1.7433,22694.44,66077.8059
000869.SZ,20131127,26.1821,26.3378,25.999,26.2554,26.2004,0.05500000000000327,0.2099,13625.58,38950.1605
000869.SZ,20131126,26.4201,26.4934,26.0448,26.2004,26.3744,-0.17400000000000304,-0.6597,10945.3,31322.4461
000869.SZ,20131125,26.1547,26.6215,26.054,26.3744,26.1547,0.21970000000000312,0.84,12477.8,36000.7492
000869.SZ,20131122,26.3561,26.4385,26.1547,26.1547,26.2737,-0.11900000000000333,-0.4529,13864.01,39815.7454
000869.SZ,20131121,26.7222,26.7222,26.1272,26.2737,26.8596,-0.5858999999999988,-2.1813,20325.43,58491.5827
000869.SZ,20131120,27.0976,27.1525,26.6673,26.8596,26.8229,0.03669999999999973,0.1368,14223.89,41666.9767
000869.SZ,20131119,26.9877,27.3173,26.7131,26.8229,26.9969,-0.1739999999999995,-0.6445,18065.6,53148.8655
000869.SZ,20131118,26.5483,27.0335,26.4385,26.9969,26.5941,0.40279999999999916,1.5146,21410.11,62512.8964
000869.SZ,20131115,26.4751,27.006,26.2462,26.5941,26.4659,0.12819999999999965,0.4844,17102.68,49846.2733
000869.SZ,20131114,26.3927,26.5392,26.0357,26.4659,26.411,0.05489999999999995,0.2079,12662.21,36368.7658
000869.SZ,20131113,27.006,27.2532,26.3194,26.411,27.1067,-0.6956999999999987,-2.5665,24945.82,72890.2565
000869.SZ,20131112,26.3378,27.6835,26.1272,27.1067,26.2828,0.8238999999999983,3.1347,32533.94,96140.1272
000869.SZ,20131111,25.7519,26.3561,25.4589,26.2828,25.8343,0.4485000000000028,1.7361,14973.63,42595.3203
000869.SZ,20131108,26.3744,26.5117,25.7336,25.8343,26.2279,-0.39360000000000284,-1.5007,12786.5,36358.2295
000869.SZ,20131107,26.3927,26.6948,26.173,26.2279,26.6032,-0.3752999999999993,-1.4107,11243.38,32405.2923
000869.SZ,20131106,26.3561,26.8687,26.0448,26.6032,26.3561,0.24709999999999965,0.9375,19980.0,57868.574
000869.SZ,20131105,26.3469,26.3561,25.8617,26.3561,26.3194,0.03669999999999973,0.1394,9164.74,26085.3982
000869.SZ,20131104,26.3194,26.4842,26.2462,26.3194,26.2554,0.06400000000000006,0.2438,8894.01,25620.1539
000869.SZ,20131101,26.1821,26.5941,25.8709,26.2554,26.4568,-0.20139999999999958,-0.7612,13894.98,39730.5234
000869.SZ,20131031,25.8251,26.7863,25.5413,26.4568,25.8251,0.6317000000000021,2.4461,26760.86,76954.0595
000869.SZ,20131030,25.6329,25.8617,25.5413,25.8251,25.6237,0.20139999999999958,0.786,11942.17,33555.7672
000869.SZ,20131029,25.9533,26.1455,25.3582,25.6237,25.9533,-0.3295999999999992,-1.27,20138.47,56560.2552
000869.SZ,20131028,26.887,26.8962,25.7976,25.9533,26.8779,-0.9246000000000016,-3.44,22899.11,65663.1397
000869.SZ,20131025,27.7201,27.7201,26.8229,26.8779,27.7384,-0.8604999999999983,-3.1022,26597.66,79220.219
000869.SZ,20131024,28.068,28.068,27.5095,27.7384,28.068,-0.3296000000000028,-1.1743,23010.22,69531.4909
000869.SZ,20131023,28.663,28.7179,27.9215,28.068,28.6172,-0.549199999999999,-1.9191,24493.15,75744.8366
000869.SZ,20131022,28.5715,28.9926,28.4067,28.6172,29.4045,-0.7872999999999983,-2.6775,35845.49,112130.1345
000869.SZ,20131021,29.0567,29.4045,28.6539,29.4045,29.1665,0.23799999999999955,0.816,17461.35,55352.3855
000869.SZ,20131018,29.6517,29.6517,28.9285,29.1665,29.5144,-0.3478999999999992,-1.1787,17818.14,56792.7701
000869.SZ,20131017,29.6609,30.1918,29.432,29.5144,29.4778,0.036599999999999966,0.1242,23951.81,78097.9364
000869.SZ,20131016,29.9355,30.201,29.3862,29.4778,29.844,-0.36620000000000275,-1.227,23934.94,77687.3185
000869.SZ,20131015,29.844,29.844,29.3221,29.844,29.6609,0.1830999999999996,0.6173,21553.67,69675.3871
000869.SZ,20131014,28.7271,29.8897,28.6905,29.6609,28.6905,0.9704000000000015,3.3823,37172.27,119623.1744
000869.SZ,20131011,28.6172,28.8919,28.4616,28.6905,28.5806,0.10989999999999966,0.3845,16566.2,51917.7187
000869.SZ,20131010,29.1299,29.1757,28.4616,28.5806,29.0384,-0.4577999999999989,-1.5765,18583.36,58301.2964
000869.SZ,20131009,28.837,29.2855,28.782,29.0384,28.9834,0.054999999999999716,0.1898,12522.33,39600.0173
000869.SZ,20131008,29.0567,29.1391,28.6539,28.9834,29.02,-0.036599999999999966,-0.1261,14583.12,46017.0113
000869.SZ,20130930,28.7363,29.6151,28.7271,29.02,28.7271,0.2928999999999995,1.0196,22167.72,70632.0341
000869.SZ,20130927,28.6356,28.8278,28.4799,28.7271,28.6356,0.09149999999999991,0.3195,10880.11,34071.0244
000869.SZ,20130926,28.4708,29.0017,28.4708,28.6356,28.5623,0.0732999999999997,0.2566,13193.83,41422.8456
000869.SZ,20130925,28.782,29.2581,28.5532,28.5623,28.837,-0.2746999999999993,-0.9526,14371.02,45292.032
000869.SZ,20130924,29.2581,29.4045,28.4982,28.837,29.194,-0.3569999999999993,-1.2229,16292.17,51372.9168
000869.SZ,20130923,29.2031,29.2398,28.837,29.194,29.1574,0.036599999999999966,0.1255,17418.67,55213.0936
000869.SZ,20130918,29.1207,29.2398,28.837,29.1574,29.2306,-0.07319999999999993,-0.2504,12442.64,39428.1709
000869.SZ,20130917,29.7524,29.7524,29.0567,29.2306,29.7158,-0.4852000000000025,-1.6328,20102.1,64327.7862
000869.SZ,20130916,30.4939,30.5946,29.6334,29.7158,30.5031,-0.7872999999999983,-2.581,22014.7,72212.4645
000869.SZ,20130913,30.1186,30.8052,29.9355,30.5031,30.0728,0.430299999999999,1.4309,33995.41,113199.4232
000869.SZ,20130912,29.844,30.3383,29.8348,30.0728,29.8257,0.24709999999999965,0.8285,38096.41,125328.7424
000869.SZ,20130911,29.1391,29.9264,28.9926,29.8257,29.1391,0.6866000000000021,2.3563,40091.97,129369.6432
000869.SZ,20130910,28.9468,29.2398,28.8461,29.1391,28.9377,0.20139999999999958,0.696,23973.69,75974.8198
000869.SZ,20130909,28.6996,29.0567,28.6081,28.9377,28.6539,0.2837999999999994,0.9904,28059.49,88473.7056
000869.SZ,20130906,28.5349,28.837,28.4067,28.6539,28.544,0.10989999999999966,0.385,12379.39,38617.4829
000869.SZ,20130905,28.7454,28.8003,28.4799,28.544,28.8461,-0.30209999999999937,-1.0473,12531.26,39155.0695
000869.SZ,20130904,28.544,28.901,28.4067,28.8461,28.5898,0.25629999999999953,0.8965,15055.93,47267.0881
000869.SZ,20130903,28.1046,28.7637,28.1046,28.5898,28.1778,0.41199999999999903,1.4621,19085.46,59290.8346
000869.SZ,20130902,28.6996,28.8278,27.7476,28.1778,28.6447,-0.466899999999999,-1.63,31229.69,95881.0076
000869.SZ,20130830,28.5074,28.901,28.4708,28.6447,28.6996,-0.05489999999999995,-0.1913,17337.44,54292.2416
000869.SZ,20130829,29.2581,29.2855,28.6539,28.6996,29.3679,-0.6682999999999986,-2.2756,34457.72,108646.5456
000869.SZ,20130828,29.7524,29.7616,29.2489,29.3679,30.1094,-0.741500000000002,-2.4627,24020.5,77247.4575
000869.SZ,20130827,29.7707,30.201,29.6609,30.1094,29.8073,0.30209999999999937,1.0135,17072.26,55877.4309
000869.SZ,20130826,29.4045,29.8073,29.2306,29.8073,29.4045,0.4028000000000027,1.3699,14695.9,47434.3454
000869.SZ,20130823,29.9904,30.1186,29.2123,29.4045,29.9264,-0.5219000000000023,-1.7439,17587.98,56917.9648
000869.SZ,20130822,30.0545,30.201,29.8531,29.9264,30.082,-0.15559999999999974,-0.5173,14485.73,47481.4086
000869.SZ,20130821,29.8897,30.1461,29.7616,30.082,29.8806,0.20139999999999958,0.674,10412.62,34110.8535
000869.SZ,20130820,30.3475,30.3566,29.844,29.8806,30.32,-0.4393999999999991,-1.4492,16401.42,53896.7431
000869.SZ,20130819,30.1918,30.3658,29.8897,30.32,30.3017,0.018299999999999983,0.0604,13280.77,43725.459
000869.SZ,20130816,30.439,30.9883,30.0271,30.3017,30.4848,-0.1830999999999996,-0.6006,25842.17,85799.4708
000869.SZ,20130815,30.2651,30.7594,30.2651,30.4848,30.3383,0.14649999999999963,0.4829,21744.55,72543.7445
000869.SZ,20130814,30.5763,30.8876,30.2376,30.3383,30.5397,-0.20139999999999958,-0.6595,21058.16,70244.8236
000869.SZ,20130813,30.7136,30.732,30.3475,30.5397,30.6862,-0.14649999999999963,-0.4774,18135.97,60451.5333
000869.SZ,20130812,29.6609,30.7136,29.5693,30.6862,29.4778,1.208400000000001,4.0994,40020.28,132705.0678
000869.SZ,20130809,29.5876,29.8257,29.2031,29.4778,29.5968,-0.11900000000000333,-0.4021,15028.75,48367.1786
000869.SZ,20130808,30.0179,30.0454,29.5602,29.5968,30.0271,-0.430299999999999,-1.433,14746.0,47948.735
000869.SZ,20130807,29.5693,30.3749,29.5144,30.0271,29.725,0.30209999999999937,1.0163,32830.6,107692.152
000869.SZ,20130806,29.5419,29.8257,29.2306,29.725,29.5419,0.18310000000000315,0.6198,22762.39,73373.3919
000869.SZ,20130805,29.4686,29.6426,29.1391,29.5419,29.4686,0.0732999999999997,0.2487,19333.46,62090.377
000869.SZ,20130802,29.5236,29.725,29.2855,29.4686,29.3038,0.1647999999999996,0.5624,20451.31,65842.202
000869.SZ,20130801,29.1116,29.3038,28.8461,29.3038,29.1116,0.1921999999999997,0.6602,20150.32,64142.4928
000869.SZ,20130731,28.5806,29.2672,28.5806,29.1116,28.5806,0.5309999999999988,1.8579,18560.95,58459.5273
000869.SZ,20130730,28.425,29.1299,28.3884,28.5806,28.4891,0.09149999999999991,0.3212,17347.41,54393.6415
000869.SZ,20130729,29.02,29.1757,28.3426,28.4891,29.4503,-0.9611999999999981,-3.2638,23496.78,73721.3782
000869.SZ,20130726,29.7433,29.7433,29.1665,29.4503,29.8623,-0.4120000000000026,-1.3797,14987.81,48080.4844
000869.SZ,20130725,29.6609,30.5214,29.2031,29.8623,29.7433,0.11899999999999977,0.4001,29650.87,96836.419
000869.SZ,20130724,30.2285,30.3658,29.3313,29.7433,30.1369,-0.3935999999999993,-1.306,16461.03,53614.8644
000869.SZ,20130723,29.6517,30.3932,29.5968,30.1369,29.6517,0.48519999999999897,1.6363,20511.57,67477.7334
000869.SZ,20130722,29.4778,29.7433,28.6264,29.6517,29.6151,0.036599999999999966,0.1236,17373.01,55470.1144
000869.SZ,20130719,30.4756,30.677,29.5785,29.6151,30.5031,-0.8879999999999981,-2.9112,25245.37,83102.7442
000869.SZ,20130718,31.1164,31.1164,30.2376,30.5031,31.2629,-0.7597999999999985,-2.4304,22039.7,73774.234
000869.SZ,20130717,31.858,31.8763,31.089,31.2629,31.9678,-0.7049000000000021,-2.205,26465.08,90913.1549
000869.SZ,20130716,31.5376,32.1326,30.9883,31.9678,31.5559,0.41189999999999927,1.3053,35518.76,123052.6271
000869.SZ,20130715,31.2721,31.8122,31.1531,31.5559,31.2629,0.2930000000000028,0.9372,24559.4,84398.8779
000869.SZ,20130712,32.0411,32.2516,31.2263,31.2629,32.0502,-0.7872999999999983,-2.4565,30374.62,105271.2836
000869.SZ,20130711,30.9334,32.3889,30.5763,32.0502,30.7594,1.2907999999999973,4.1964,43694.74,150692.8005
000869.SZ,20130710,30.2287,30.805,29.8387,30.7606,30.2287,0.5319000000000003,1.7596,25671.72,87611.6874
000869.SZ,20130709,30.149,30.5833,30.0337,30.2287,30.6099,-0.38119999999999976,-1.2453,17404.69,59526.5947
000869.SZ,20130708,31.0177,31.3457,29.9717,30.6099,31.4609,-0.8509999999999991,-2.7049,25432.36,87589.4144
000869.SZ,20130705,31.9219,31.9928,31.39,31.4609,32.0017,-0.5408000000000008,-1.6899,20987.21,74971.7788
000869.SZ,20130704,31.913,32.0017,31.2039,32.0017,32.1081,-0.10640000000000072,-0.3314,28889.21,103187.8689
000869.SZ,20130703,31.0266,32.3563,30.6808,32.1081,31.1329,0.975200000000001,3.1324,48601.75,175004.1702
000869.SZ,20130702,31.2039,31.8244,30.6277,31.1329,29.7766,1.356300000000001,4.5549,48097.29,168844.755
000869.SZ,20130701,30.2642,30.4947,29.0497,29.7766,30.2642,-0.4876000000000005,-1.6111,27945.02,93468.726
000869.SZ,20130628,29.9451,30.9822,29.6969,30.2642,30.0249,0.23930000000000007,0.797,19259.4,65942.8849
000869.SZ,20130627,31.0088,31.3368,30.0249,30.0249,30.8936,-0.8687000000000005,-2.8119,23138.24,80423.6608
000869.SZ,20130626,30.5833,30.9822,29.7412,30.8936,30.4947,0.3988999999999976,1.3081,25485.31,87653.0848
000869.SZ,20130625,31.1152,31.3989,28.3671,30.4947,31.2127,-0.718,-2.3003,36391.69,124444.5834
000869.SZ,20130624,32.9768,32.9768,31.1684,31.2127,33.1452,-1.932500000000001,-5.8304,33587.4,120937.5607
000869.SZ,20130621,32.6045,33.6505,32.4272,33.1452,33.358,-0.21279999999999433,-0.6379,21114.51,78975.8193
000869.SZ,20130620,34.4572,34.7232,33.3225,33.358,34.8207,-1.4627000000000052,-4.2007,26536.24,101759.2075
000869.SZ,20130619,34.3065,35.2196,33.2871,34.8207,34.4572,0.36350000000000193,1.0549,41834.34,161020.0002
000869.SZ,20130618,34.147,34.8207,34.0406,34.4572,34.1115,0.3457000000000008,1.0134,25613.89,99426.5893
000869.SZ,20130617,34.7143,34.8384,33.9076,34.1115,34.7498,-0.638300000000001,-1.8368,28928.57,111822.8446
000869.SZ,20130614,34.8473,35.3526,34.0317,34.7498,34.8118,-0.06199999999999761,-0.1781,45967.51,179332.1862
000869.SZ,20130613,36.7886,36.8507,34.6257,34.8118,37.2762,-2.464400000000005,-6.6112,56636.51,225095.416
000869.SZ,20130607,38.9073,39.4392,36.6202,37.2762,39.2619,-1.9856999999999942,-5.0576,88556.25,378179.002
000869.SZ,20130606,40.6714,40.8842,39.0048,39.2619,39.3949,-0.13300000000000267,-0.3376,159438.08,720225.3626
000869.SZ,20130605,36.4341,39.3949,36.3454,39.3949,35.8135,3.581400000000002,10.0001,83582.56,361324.4041
000869.SZ,20130604,36.4784,36.6025,35.6806,35.8135,36.6823,-0.8688000000000002,-2.3684,28585.55,116029.1278
000869.SZ,20130603,37.2762,37.9056,36.6202,36.6823,37.09,-0.4077000000000055,-1.0992,36016.47,151642.0073
000869.SZ,20130531,36.5138,37.4446,36.1504,37.09,36.4429,0.6471000000000018,1.7757,40151.09,167013.8241
000869.SZ,20130530,36.0795,36.4429,35.6983,36.4429,36.1681,0.27479999999999905,0.7598,20426.88,83178.8666
000869.SZ,20130529,36.4341,36.7532,36.1061,36.1681,36.3809,-0.21279999999999433,-0.5849,25352.24,104069.3646
000869.SZ,20130528,37.0546,37.0546,34.9625,36.3809,37.1166,-0.7357000000000014,-1.9821,49215.99,200835.8522
000869.SZ,20130527,37.6042,37.6663,37.028,37.1166,37.817,-0.7004000000000019,-1.8521,26867.44,112618.8954
000869.SZ,20130524,37.7372,38.4907,37.0103,37.817,37.8081,0.008899999999997021,0.0235,36852.27,155835.2953
000869.SZ,20130523,37.6485,39.0403,37.2673,37.8081,37.5067,0.301400000000001,0.8036,43375.78,187010.26
000869.SZ,20130522,36.7,38.2868,36.7,37.5067,37.0635,0.4432000000000045,1.1958,41490.02,176123.8276
000869.SZ,20130521,37.3205,37.4801,36.4784,37.0635,37.5244,-0.4609000000000023,-1.2283,47802.18,199216.2587
000869.SZ,20130520,35.326,38.012,35.0334,37.5244,34.9271,2.597299999999997,7.4363,89120.68,369569.357
000869.SZ,20130517,33.9519,35.0157,33.9519,34.9271,33.8367,1.0904000000000025,3.2225,45451.27,177672.5852
000869.SZ,20130516,32.9059,34.1913,32.5336,33.8367,32.8882,0.9485000000000028,2.884,34341.41,130523.2285
000869.SZ,20130515,32.7995,33.2782,32.7109,32.8882,32.7552,0.13299999999999557,0.406,12331.76,45941.7501
000869.SZ,20130514,33.5885,33.5885,32.5336,32.7552,33.6239,-0.8686999999999969,-2.5836,20577.04,76351.0134
000869.SZ,20130513,33.3137,34.2711,33.2871,33.6239,33.2782,0.3457000000000008,1.0388,29159.76,111155.3657
000869.SZ,20130510,33.2428,33.4023,32.9857,33.2782,33.2339,0.044299999999999784,0.1333,18395.98,68893.3018
000869.SZ,20130509,33.0034,33.686,32.9414,33.2339,33.1807,0.053199999999996805,0.1603,27936.48,105035.5268
000869.SZ,20130508,33.3403,33.553,32.6045,33.1807,33.3225,-0.14179999999999637,-0.4255,27978.8,103960.1998
000869.SZ,20130507,33.0921,33.491,32.7109,33.3225,33.0566,0.2658999999999949,0.8044,28007.79,105020.8154
000869.SZ,20130506,32.3563,33.0566,32.1081,33.0566,32.1258,0.930800000000005,2.8974,23969.89,88408.5086
000869.SZ,20130503,31.6028,32.5868,31.5585,32.1258,31.5585,0.5672999999999995,1.7976,14256.03,51721.7644
000869.SZ,20130502,31.8687,31.913,31.3723,31.5585,31.9042,-0.3457000000000008,-1.0836,16133.37,57476.797
000869.SZ,20130426,32.4981,32.6665,31.8244,31.9042,32.3386,-0.4344000000000001,-1.3433,18255.52,66059.6316
000869.SZ,20130425,33.2693,33.2871,32.2942,32.3386,33.2693,-0.9307000000000016,-2.7975,27675.5,101823.2928
000869.SZ,20130424,32.9857,33.5885,32.7375,33.2693,32.8882,0.38110000000000355,1.1588,17861.11,66705.8129
000869.SZ,20130423,34.0406,34.0406,32.7995,32.8882,34.0494,-1.161200000000001,-3.4103,22868.24,86124.8808
000869.SZ,20130422,34.0849,34.537,33.3314,34.0494,34.475,-0.42560000000000286,-1.2345,36512.62,139600.5619
000869.SZ,20130419,32.2676,34.732,31.9308,34.475,31.9219,2.5531000000000006,7.998,48098.3,182843.6479
000869.SZ,20130418,32.1701,32.4627,31.8067,31.9219,32.2233,-0.301400000000001,-0.9353,11755.17,42499.7929
000869.SZ,20130417,32.2056,32.4361,31.9928,32.2233,32.046,0.17730000000000246,0.5533,11458.4,41575.324
000869.SZ,20130416,31.6028,32.2499,31.2925,32.046,31.8333,0.2126999999999981,0.6682,11704.61,41843.3296
000869.SZ,20130415,33.0921,33.0921,31.8244,31.8333,33.2428,-1.4095000000000013,-4.24,16835.09,61172.1216
000869.SZ,20130412,33.1541,33.553,32.9502,33.2428,33.1984,0.044400000000003104,0.1337,16021.23,60020.4473
000869.SZ,20130411,33.2428,33.3137,32.8261,33.1984,33.2516,-0.05320000000000391,-0.16,14781.19,55197.7727
000869.SZ,20130410,32.5424,33.6594,32.4538,33.2516,32.507,0.7446000000000055,2.2906,29191.01,109412.0922
000869.SZ,20130409,32.7995,32.9236,32.3563,32.507,32.7641,-0.2571000000000012,-0.7847,18467.5,67983.0277
000869.SZ,20130408,31.6116,32.8527,31.2925,32.7641,31.8067,0.9573999999999998,3.0101,28325.76,103002.7612
000869.SZ,20130403,31.7889,32.0549,31.6471,31.8067,31.7446,0.06210000000000093,0.1956,13462.42,48317.9384
000869.SZ,20130402,31.523,31.9042,31.2925,31.7446,31.4875,0.25709999999999766,0.8165,14652.08,52354.1476
000869.SZ,20130401,31.9396,32.2588,31.3989,31.4875,32.0194,-0.5318999999999967,-1.6612,18921.72,67493.6544
000869.SZ,20130329,32.4538,32.6134,31.9308,32.0194,32.4183,-0.3989000000000047,-1.2305,23925.6,86750.3088
000869.SZ,20130328,33.1807,33.1807,31.913,32.4183,33.163,-0.7446999999999946,-2.2456,35286.17,128822.6471
000869.SZ,20130327,34.9182,34.9536,33.0655,33.163,34.9625,-1.7995000000000019,-5.1469,52907.88,201271.1774
000869.SZ,20130326,34.8827,35.2196,34.3952,34.9625,34.8827,0.07979999999999876,0.2288,19646.94,77238.125
000869.SZ,20130325,34.5281,35.1043,34.5281,34.8827,34.475,0.4076999999999984,1.1826,18958.79,74555.8404
000869.SZ,20130322,34.4306,35.3437,34.3952,34.475,34.4218,0.05320000000000391,0.1546,31654.61,124381.2129
000869.SZ,20130321,34.9448,34.9714,34.2445,34.4218,34.9093,-0.48750000000000426,-1.3965,29257.92,114000.2267
000869.SZ,20130320,34.3952,34.9714,34.3952,34.9093,34.2356,0.6737000000000037,1.9678,28880.23,113206.5272
000869.SZ,20130319,34.5281,34.8384,33.358,34.2356,34.4927,-0.2571000000000012,-0.7454,25590.84,98298.1349
000869.SZ,20130318,35.9908,36.2124,34.3508,34.4927,35.9554,-1.4626999999999981,-4.0681,34293.81,134872.0003
000869.SZ,20130315,36.1061,36.8152,35.6806,35.9554,36.2745,-0.31910000000000593,-0.8797,28391.96,115759.1589
000869.SZ,20130314,36.7266,37.1344,36.1681,36.2745,36.9216,-0.6470999999999947,-1.7526,21429.99,88237.6278
000869.SZ,20130313,37.9233,38.1006,36.4341,36.9216,38.012,-1.0904000000000025,-2.8686,34666.05,144882.9263
000869.SZ,20130312,39.6342,39.9711,37.4978,38.012,39.6254,-1.6133999999999986,-4.0716,37500.34,162636.5215
000869.SZ,20130311,40.0863,40.2459,39.4481,39.6254,40.3611,-0.7357000000000014,-1.8228,14378.17,64486.7912
000869.SZ,20130308,41.4072,41.5136,40.3611,40.3611,41.2121,-0.8509999999999991,-2.0649,19019.12,87498.5149
000869.SZ,20130307,41.2033,42.1961,40.5739,41.2121,41.1767,0.03540000000000276,0.086,40805.26,191156.4341
000869.SZ,20130306,40.8044,41.1944,40.1838,41.1767,40.7778,0.3988999999999976,0.9782,33167.82,152099.6125
000869.SZ,20130305,39.2708,41.026,39.2708,40.7778,39.5367,1.2410999999999959,3.1391,29667.83,135692.5006
000869.SZ,20130304,40.1572,41.487,39.3594,39.5367,40.2282,-0.6914999999999978,-1.7189,31047.89,142578.3479
000869.SZ,20130301,39.8824,40.565,39.581,40.2282,39.8204,0.4078000000000017,1.0241,22589.47,102203.8156
000869.SZ,20130228,39.4747,39.9002,38.5616,39.8204,39.4303,0.3900999999999968,0.9893,31457.56,139149.2714
000869.SZ,20130227,39.714,40.4143,39.3151,39.4303,39.7672,-0.3369,-0.8472,24807.78,110996.7551
000869.SZ,20130226,40.9994,41.7352,39.581,39.7672,41.221,-1.453799999999994,-3.5268,41825.67,191895.6065
000869.SZ,20130225,42.7014,42.7014,40.9639,41.221,42.6837,-1.4627000000000052,-3.4268,43677.7,204367.432
000869.SZ,20130222,41.0792,42.8699,41.0792,42.6837,41.0792,1.6045000000000016,3.9059,73617.1,352050.9477
000869.SZ,20130221,40.2016,41.8238,39.8913,41.0792,40.2459,0.8333000000000013,2.0705,67095.67,310679.7052
000869.SZ,20130220,39.1378,40.4321,38.925,40.2459,39.5367,0.7091999999999956,1.7938,56205.58,253225.9125
000869.SZ,20130219,37.7194,39.7406,37.4978,39.5367,37.746,1.790700000000001,4.7441,65718.26,289726.6046
000869.SZ,20130218,38.1272,38.2868,37.6751,37.746,38.1095,-0.3634999999999948,-0.9538,24361.15,104072.5571
000869.SZ,20130208,38.0297,38.8541,37.9411,38.1095,38.0297,0.07979999999999876,0.2098,31982.61,138807.9146
000869.SZ,20130207,38.34,38.3488,37.6751,38.0297,38.2957,-0.26599999999999824,-0.6946,23448.48,100684.629
000869.SZ,20130206,38.2247,38.3666,38.0474,38.2957,38.2513,0.044399999999996,0.1161,22372.74,96421.1725
000869.SZ,20130205,37.2762,38.3045,37.1964,38.2513,37.3826,0.868700000000004,2.3238,33776.7,144277.5746
000869.SZ,20130204,38.2868,38.3666,37.2142,37.3826,38.2868,-0.904200000000003,-2.3616,33805.78,143045.8927
000869.SZ,20130201,38.1272,38.6148,38.1006,38.2868,38.074,0.21280000000000143,0.5589,23685.87,102400.8354
000869.SZ,20130131,38.6768,38.9162,37.9411,38.074,38.6502,-0.5762,-1.4908,23496.44,101147.5479
000869.SZ,20130130,38.3932,38.9073,38.2247,38.6502,38.1804,0.46979999999999933,1.2305,43032.77,186932.107
000869.SZ,20130129,39.0048,39.0846,37.6751,38.1804,39.0048,-0.8244000000000042,-2.1136,64861.93,279321.1933
000869.SZ,20130128,40.0243,40.0243,38.9162,39.0048,40.3345,-1.3296999999999954,-3.2967,53305.59,235963.3932
000869.SZ,20130125,41.3983,41.3983,39.8913,40.3345,41.3983,-1.0638000000000005,-2.5697,19694.62,89745.986
000869.SZ,20130124,41.9479,42.1341,40.8842,41.3983,41.9125,-0.5142000000000024,-1.2268,40497.96,189402.5648
000869.SZ,20130123,39.4392,41.9125,39.1821,41.9125,39.581,2.3314999999999984,5.8905,56690.33,261787.0898
000869.SZ,20130122,39.9356,40.0686,39.0226,39.581,39.909,-0.32799999999999585,-0.8219,33449.19,148710.4756
000869.SZ,20130121,40.6093,40.7335,39.847,39.909,40.4941,-0.5851000000000042,-1.4449,30308.43,137054.2329
000869.SZ,20130118,40.9285,41.0083,40.042,40.4941,40.7512,-0.2570999999999941,-0.6309,27190.05,123924.1933
000869.SZ,20130117,40.4232,41.2831,40.4232,40.7512,40.4941,0.2570999999999941,0.6349,21208.34,97695.6326
000869.SZ,20130116,41.4072,41.4072,40.0597,40.4941,41.4338,-0.9396999999999949,-2.268,40403.79,185037.6077
000869.SZ,20130115,42.2848,42.2848,40.76,41.4338,41.9745,-0.5407000000000011,-1.2882,50576.38,235737.6703
000869.SZ,20130114,40.9196,42.072,40.7778,41.9745,41.1856,0.7888999999999982,1.9155,24971.8,117674.0175
000869.SZ,20130111,43.0294,43.2067,41.088,41.1856,42.9585,-1.7729,-4.127,24488.2,115837.3967
000869.SZ,20130110,42.8167,43.189,42.5596,42.9585,42.9851,-0.026600000000001955,-0.0619,19596.91,94585.3886
000869.SZ,20130109,42.6837,43.8804,42.595,42.9851,42.728,0.2571000000000012,0.6017,30824.67,150327.9506
000869.SZ,20130108,41.9213,43.0649,41.8859,42.728,41.9657,0.7623000000000033,1.8165,25949.45,124927.352
000869.SZ,20130107,41.6554,42.7546,41.3097,41.9657,41.6908,0.27489999999999526,0.6594,24123.31,114480.1224
000869.SZ,20130104,41.7263,42.2671,41.3983,41.6908,41.6643,0.02650000000000574,0.0636,25783.41,121538.8441
000869.SZ,20121231,42.0011,42.7723,41.3097,41.6643,42.1075,-0.4432000000000045,-1.0525,27921.41,132028.7558
000869.SZ,20121228,41.6643,42.1961,41.4426,42.1075,41.8415,0.26599999999999824,0.6357,22052.93,104239.5414
000869.SZ,20121227,41.3008,42.1075,40.503,41.8415,41.2121,0.629400000000004,1.5272,31214.05,145523.607
000869.SZ,20121226,40.3257,41.221,40.1129,41.2121,40.3079,0.904200000000003,2.2432,22178.77,102078.5016
000869.SZ,20121225,39.7051,40.7778,39.3949,40.3079,39.8293,0.47859999999999303,1.2016,25557.15,115792.6644
000869.SZ,20121224,40.503,40.8398,39.4037,39.8293,40.5739,-0.7445999999999984,-1.8352,19932.84,89488.6017
000869.SZ,20121221,40.8842,41.159,40.1661,40.5739,40.8842,-0.310299999999998,-0.759,18029.03,82405.6525
000869.SZ,20121220,41.5401,41.5401,40.3345,40.8842,41.5667,-0.6824999999999974,-1.6419,22214.78,102221.9502
000869.SZ,20121219,40.7512,42.3291,40.565,41.5667,40.8132,0.7534999999999954,1.8462,28580.83,134237.6667
000869.SZ,20121218,40.2282,41.5579,39.5456,40.8132,40.3168,0.4964000000000013,1.2312,30856.01,141695.7418
000869.SZ,20121217,39.8558,40.76,39.2796,40.3168,39.847,0.46979999999999933,1.179,29670.94,134121.4871
000869.SZ,20121214,37.8613,39.8736,37.7904,39.847,37.8879,1.9590999999999994,5.1708,29333.85,130314.2074
000869.SZ,20121213,38.1361,38.5261,37.6751,37.8879,38.1627,-0.27479999999999905,-0.7201,11800.2,50634.3391
000869.SZ,20121212,38.5616,38.9162,37.8347,38.1627,38.7389,-0.5762,-1.4874,16230.17,70022.9847
000869.SZ,20121211,38.012,39.6874,37.6751,38.7389,38.2336,0.5052999999999983,1.3216,36860.8,161851.8529
000869.SZ,20121210,35.6717,38.7389,35.4589,38.2336,35.7426,2.4909999999999997,6.9693,43773.19,184534.5967
000869.SZ,20121207,35.388,35.8756,34.9093,35.7426,35.3969,0.3457000000000008,0.9766,17678.77,70847.1087
000869.SZ,20121206,34.5725,35.9376,33.9342,35.3969,34.6611,0.7358000000000047,2.1228,21166.36,83407.28
000869.SZ,20121205,33.686,35.3703,33.5176,34.6611,34.0317,0.6293999999999969,1.8495,26589.2,104220.3088
000869.SZ,20121204,32.8084,34.2445,32.8084,34.0317,33.5176,0.5140999999999991,1.5338,15087.5,56956.8546
000869.SZ,20121203,36.3631,36.3631,33.42,33.5176,36.4518,-2.934199999999997,-8.0495,24346.52,95328.4951
000869.SZ,20121130,37.3649,37.6042,36.3631,36.4518,37.356,-0.904200000000003,-2.4205,10560.25,43929.285
000869.SZ,20121129,37.4269,37.7194,37.2319,37.356,37.4358,-0.07979999999999876,-0.2132,8522.23,36027.7248
000869.SZ,20121128,37.3649,37.5776,36.0795,37.4358,37.3826,0.05320000000000391,0.1423,14402.24,59759.2846
000869.SZ,20121127,37.3383,38.1006,37.2319,37.3826,37.5865,-0.2039000000000044,-0.5425,13113.93,55718.1047
000869.SZ,20121126,37.8879,37.9854,37.2496,37.5865,38.0208,-0.43430000000000035,-1.1423,9407.7,39955.5914
000869.SZ,20121123,36.3631,38.1184,36.3631,38.0208,36.6025,1.4183000000000021,3.8749,25627.1,109166.656
000869.SZ,20121122,36.5582,36.6557,35.9908,36.6025,36.6734,-0.07090000000000174,-0.1933,7842.13,32172.1418
000869.SZ,20121121,36.6114,36.6823,35.8667,36.6734,36.2745,0.3988999999999976,1.0997,8562.8,35065.7582
000869.SZ,20121120,36.5138,36.5582,36.0706,36.2745,36.0174,0.2571000000000012,0.7138,10449.67,42847.7216
000869.SZ,20121119,35.982,36.1593,35.4146,36.0174,35.982,0.03540000000000276,0.0984,9310.04,37508.2021
000869.SZ,20121116,36.5759,36.8241,35.654,35.982,36.7,-0.7180000000000035,-1.9564,13273.45,53987.5292
000869.SZ,20121115,37.2053,37.2319,36.7,36.7,37.4535,-0.7534999999999954,-2.0118,12506.62,52179.8656
000869.SZ,20121114,37.9145,38.1627,36.8064,37.4535,37.9411,-0.4876000000000005,-1.2851,18592.37,78329.5382
000869.SZ,20121113,38.6236,38.6236,37.9056,37.9411,38.6768,-0.7357000000000014,-1.9022,13689.87,58929.6717
000869.SZ,20121112,39.0137,39.2353,38.3843,38.6768,38.9339,-0.2571000000000012,-0.6603,12784.16,55712.41
000869.SZ,20121109,38.4552,39.4303,38.3666,38.9339,38.4907,0.4432000000000045,1.1514,16248.39,71573.3367
000869.SZ,20121108,38.4641,38.9162,38.1184,38.4907,38.8098,-0.31910000000000593,-0.8222,16328.7,70924.4704
000869.SZ,20121107,39.0048,39.253,38.6325,38.8098,39.0048,-0.19500000000000028,-0.4999,14113.06,61917.7826
000869.SZ,20121106,39.4481,39.5367,38.402,39.0048,39.5367,-0.5319000000000003,-1.3453,17993.36,78823.4149
000869.SZ,20121105,39.8824,40.3168,39.4037,39.5367,39.7849,-0.2481999999999971,-0.6239,20726.95,92866.7026
000869.SZ,20121102,40.3079,40.3345,39.5456,39.7849,40.2991,-0.5142000000000024,-1.276,25542.56,114757.8376
000869.SZ,20121101,38.73,40.3257,38.7212,40.2991,38.73,1.569100000000006,4.0514,35682.81,159252.3592
000869.SZ,20121031,38.5173,38.863,38.3577,38.73,38.402,0.32799999999999585,0.8541,13505.29,58791.3964
000869.SZ,20121030,38.8275,39.2264,38.2779,38.402,39.0048,-0.602800000000002,-1.5455,20036.06,87443.6946
000869.SZ,20121029,38.996,39.1378,38.0297,39.0048,39.3062,-0.3013999999999939,-0.7668,34181.45,147840.1619
000869.SZ,20121026,42.0011,42.0011,39.1555,39.3062,42.4,-3.0938000000000017,-7.2967,57377.39,257951.1344
000869.SZ,20121025,43.3929,43.5524,42.3557,42.4,43.4017,-1.0016999999999996,-2.308,18265.58,88170.2006
000869.SZ,20121024,43.5081,43.9957,43.1269,43.4017,43.6943,-0.2926000000000002,-0.6697,15642.23,76768.9006
000869.SZ,20121023,45.547,45.8129,43.5347,43.6943,45.5559,-1.8616000000000028,-4.0864,25559.53,128624.2406
000869.SZ,20121022,44.8556,45.6179,44.3769,45.5559,44.8733,0.6826000000000008,1.5212,22847.66,116197.7155
000869.SZ,20121019,43.9691,45.0329,43.9691,44.8733,43.8804,0.9928999999999988,2.2627,26103.7,131486.5783
000869.SZ,20121018,43.1801,44.3769,43.1801,43.8804,43.1713,0.7090999999999994,1.6425,29064.37,144167.056
000869.SZ,20121017,43.6588,43.712,42.7989,43.1713,43.7829,-0.6115999999999957,-1.3969,15955.57,77829.5466
000869.SZ,20121016,42.8078,44.1641,42.2848,43.7829,42.6837,1.0991999999999962,2.5752,27703.73,135821.765
000869.SZ,20121015,42.2936,43.2333,42.1873,42.6837,42.2936,0.3901000000000039,0.9224,18722.96,90388.5302
000869.SZ,20121012,42.4178,42.8167,41.8947,42.2936,42.3734,-0.07979999999999876,-0.1883,10318.64,49311.6498
000869.SZ,20121011,42.533,42.9496,42.1252,42.3734,42.533,-0.15960000000000463,-0.3752,14515.21,69704.9666
000869.SZ,20121010,42.595,42.7546,42.01,42.533,42.5685,-0.03549999999999898,-0.0834,13950.35,66714.2787
000869.SZ,20121009,41.6643,42.7457,41.6643,42.5685,41.5313,1.0371999999999986,2.4974,24761.62,118459.3847
000869.SZ,20121008,41.5313,42.0632,41.2653,41.5313,41.4515,0.07979999999999876,0.1925,23381.11,109770.3188
000869.SZ,20120928,40.1572,41.4515,39.98,41.4515,40.3877,1.0638000000000005,2.634,26258.96,120939.5516
000869.SZ,20120927,39.324,40.9551,39.058,40.3877,39.4037,0.9840000000000018,2.4972,24830.06,112131.3274
000869.SZ,20120926,41.221,41.3097,39.0137,39.4037,41.0614,-1.6576999999999984,-4.0371,18982.5,86115.9043
000869.SZ,20120925,39.98,41.5756,39.8913,41.0614,39.8736,1.1877999999999957,2.9789,25826.29,118968.2989
000869.SZ,20120924,39.1201,40.3168,38.9339,39.8736,39.6608,0.21280000000000143,0.5365,20255.25,90998.641
000869.SZ,20120921,39.7229,39.8736,39.0137,39.6608,39.8824,-0.22159999999999513,-0.5556,20688.3,92106.8081
000869.SZ,20120920,41.487,41.487,39.7583,39.8824,41.6111,-1.7287000000000035,-4.1544,33791.68,154693.6256
000869.SZ,20120919,42.7192,42.994,41.2565,41.6111,42.8344,-1.2233000000000018,-2.8559,33264.5,156659.2047
000869.SZ,20120918,44.1464,44.1641,42.7014,42.8344,44.2882,-1.453800000000001,-3.2826,20887.49,102309.5852
000869.SZ,20120917,45.5647,45.6445,44.2439,44.2882,45.5647,-1.2764999999999986,-2.8015,13628.07,69110.3514
000869.SZ,20120914,45.4761,45.9636,45.1392,45.5647,45.2811,0.28359999999999985,0.6263,19100.59,97948.1483
000869.SZ,20120913,45.5913,45.8307,45.2279,45.2811,45.5913,-0.3101999999999947,-0.6804,13127.61,67382.4326
000869.SZ,20120912,45.4406,46.0966,45.086,45.5913,45.4052,0.18609999999999616,0.4099,19769.18,101506.1419
000869.SZ,20120911,46.2739,46.3537,45.2101,45.4052,46.3626,-0.9573999999999998,-2.065,20674.08,106114.0728
000869.SZ,20120910,46.8944,47.2756,46.2385,46.3626,46.8856,-0.5229999999999961,-1.1155,25070.45,131943.1429
000869.SZ,20120907,45.086,47.249,44.7669,46.8856,44.6517,2.2338999999999984,5.0029,28694.87,150072.9295
000869.SZ,20120906,44.3237,44.8467,44.2439,44.6517,44.2439,0.4078000000000017,0.9217,9990.79,50216.3307
000869.SZ,20120905,44.4123,44.5453,43.7918,44.2439,44.4566,-0.21270000000000522,-0.4784,11162.78,55467.6991
000869.SZ,20120904,45.0329,45.4938,44.4035,44.4566,44.9353,-0.47869999999999635,-1.0653,13161.61,66424.5059
000869.SZ,20120903,44.3325,45.1215,44.235,44.9353,44.235,0.7002999999999986,1.5831,24761.98,125138.8908
000869.SZ,20120831,44.2882,44.5453,44.0843,44.235,44.2262,0.008800000000000807,0.0199,9368.23,46787.6145
000869.SZ,20120830,44.9797,45.352,44.2084,44.2262,45.0772,-0.8509999999999991,-1.8879,14853.66,74535.9427
000869.SZ,20120829,46.4512,46.4512,45.0329,45.0772,46.593,-1.5158000000000058,-3.2533,16840.53,86186.4739
000869.SZ,20120828,47.6036,47.7986,46.2739,46.593,47.6479,-1.0548999999999964,-2.2139,12263.8,64756.6972
000869.SZ,20120827,48.6231,48.6231,47.6214,47.6479,48.6053,-0.9573999999999998,-1.9697,10476.47,56601.5793
000869.SZ,20120824,49.155,49.155,48.3926,48.6053,49.1993,-0.5940000000000012,-1.2073,8398.1,46067.4919
000869.SZ,20120823,49.1106,49.6425,48.3837,49.1993,49.1815,0.017800000000001148,0.0362,20686.91,114067.2579
000869.SZ,20120822,49.9085,50.0769,49.022,49.1815,49.8996,-0.7180999999999997,-1.4391,13090.05,72891.2505
000869.SZ,20120821,49.5539,50.6176,49.0308,49.8996,48.7915,1.1081000000000003,2.2711,26535.16,149393.6937
000869.SZ,20120820,49.2702,49.4475,48.2064,48.7915,49.2791,-0.4876000000000005,-0.9895,14571.28,79712.4624
000869.SZ,20120817,49.7046,49.9971,49.022,49.2791,49.678,-0.3988999999999976,-0.803,12086.57,67230.491
000869.SZ,20120816,50.9722,50.99,49.4652,49.678,50.8215,-1.143500000000003,-2.25,25662.09,145035.0226
000869.SZ,20120815,49.6514,51.4686,49.6336,50.8215,49.5184,1.3031000000000006,2.6315,38911.65,222593.557
000869.SZ,20120814,49.8641,49.8819,48.9333,49.5184,49.7489,-0.23049999999999926,-0.4633,24987.22,139196.55
000869.SZ,20120813,49.2702,50.7949,49.2702,49.7489,48.9599,0.7890000000000015,1.6115,56980.01,321113.2489
000869.SZ,20120810,53.8976,53.9685,48.8713,48.9599,54.2965,-5.336600000000004,-9.8286,110960.33,627864.7754
000869.SZ,20120809,54.1635,54.332,52.9225,54.2965,54.1635,0.13300000000000267,0.2456,19000.94,114862.041
000869.SZ,20120808,54.2522,54.4915,53.8976,54.1635,54.2788,-0.11529999999999774,-0.2124,10955.95,67111.2189
000869.SZ,20120807,53.8976,54.4915,53.8976,54.2788,54.1369,0.1418999999999997,0.2621,10409.21,63717.2375
000869.SZ,20120806,52.7629,54.5004,52.0449,54.1369,53.1973,0.9395999999999987,1.7663,10363.37,62447.1033
000869.SZ,20120803,53.5696,53.6405,50.9722,53.1973,53.2061,-0.008800000000000807,-0.0165,17076.18,100766.8305
000869.SZ,20120802,54.199,54.2433,53.1884,53.2061,54.3054,-1.0992999999999995,-2.0243,10182.94,61541.5867
000869.SZ,20120801,54.0749,54.7486,54.0128,54.3054,54.1635,0.1418999999999997,0.262,7176.15,44011.7237
000869.SZ,20120731,54.6068,55.05,54.0749,54.1635,54.6068,-0.4433000000000007,-0.8118,5925.14,36504.2985
000869.SZ,20120730,55.2273,55.6705,54.6068,54.6068,55.1918,-0.5850000000000009,-1.0599,5800.46,36049.2859
000869.SZ,20120727,54.6156,55.4932,54.5181,55.1918,54.4472,0.7445999999999984,1.3676,9551.55,59248.6725
000869.SZ,20120726,54.3586,55.0677,53.9774,54.4472,54.3674,0.07979999999999876,0.1468,8555.67,52726.7519
000869.SZ,20120725,54.4472,55.1298,54.3674,54.3674,54.4472,-0.07979999999999876,-0.1466,6900.01,42601.748
000869.SZ,20120724,53.7469,55.2362,53.6316,54.4472,54.0926,0.3546000000000049,0.6555,10739.98,65978.541
000869.SZ,20120723,55.2273,55.2273,53.6316,54.0926,55.5819,-1.4893,-2.6795,11859.91,72482.3866
000869.SZ,20120720,55.839,56.362,55.4046,55.5819,55.8478,-0.265900000000002,-0.4761,10910.87,68747.6157
000869.SZ,20120719,55.7237,56.096,54.9614,55.8478,55.7326,0.11520000000000152,0.2067,24536.27,153937.6746
000869.SZ,20120718,57.3105,58.1083,55.183,55.7326,57.2662,-1.5335999999999999,-2.678,27393.44,173882.9819
000869.SZ,20120717,59.0214,59.3051,57.0446,57.2662,59.0214,-1.755200000000002,-2.9738,20395.15,132540.9832
000869.SZ,20120716,61.5833,61.7606,58.9505,59.0214,61.5213,-2.4998999999999967,-4.0635,37355.14,250802.3411
000869.SZ,20120713,62.1772,62.2925,60.9007,61.5213,62.6116,-1.0903000000000063,-1.7414,22940.87,159471.752
000869.SZ,20120712,63.3829,64.2516,62.4964,62.6116,63.3829,-0.7712999999999965,-1.2169,32391.02,231516.2261
000869.SZ,20120711,63.0903,63.6045,61.8758,63.3829,63.0903,0.2926000000000002,0.4638,15118.49,107081.5685
000869.SZ,20120710,62.5496,64.0477,62.062,63.0903,62.1329,0.9573999999999998,1.5409,23146.45,165295.0025
000869.SZ,20120709,61.3085,64.4466,61.3085,62.1329,61.1755,0.9573999999999998,1.565,30057.59,213639.7459
000869.SZ,20120706,59.3937,62.4964,59.3228,61.1755,59.1189,2.056600000000003,3.4788,25673.28,176698.6153
000869.SZ,20120705,60.1738,60.1738,58.6668,59.1189,59.9788,-0.8599000000000032,-1.4337,8825.87,58850.4134
000869.SZ,20120704,60.7057,60.9805,59.8813,59.9788,60.4575,-0.47870000000000346,-0.7918,6227.33,42291.2382
000869.SZ,20120703,60.9982,61.1578,60.1915,60.4575,60.9982,-0.540699999999994,-0.8864,12839.42,87847.942
000869.SZ,20120702,59.6863,62.5141,59.5799,60.9982,59.6242,1.3739999999999952,2.3044,19656.38,134909.706
000869.SZ,20120629,61.078,61.078,58.7732,59.6242,60.7146,-1.0903999999999954,-1.7959,16749.03,112935.8984
000869.SZ,20120628,63.3474,63.3563,60.2802,60.7146,62.851,-2.136400000000002,-3.3992,11044.48,76860.996
000869.SZ,20120627,62.585,63.2056,62.3457,62.851,62.5141,0.3369,0.5389,8661.92,61429.6149
000869.SZ,20120626,62.062,62.9396,62.062,62.5141,62.5673,-0.05320000000000391,-0.085,5350.15,37753.939
000869.SZ,20120625,62.7091,62.9396,62.3723,62.5673,62.7623,-0.19500000000000028,-0.3107,5843.16,41276.075
000869.SZ,20120621,63.5601,63.5601,62.4964,62.7623,63.4449,-0.6825999999999937,-1.0759,6657.56,47191.829
000869.SZ,20120620,63.6045,63.7906,63.1435,63.4449,63.5247,-0.07980000000000587,-0.1256,7902.66,56652.2383
000869.SZ,20120619,63.5513,63.9147,63.108,63.5247,63.6045,-0.07979999999999876,-0.1255,10502.34,75267.8263
000869.SZ,20120618,62.7623,63.8261,62.5496,63.6045,63.0637,0.5408000000000044,0.8575,14189.78,101483.162
000869.SZ,20120615,62.8576,63.3607,62.5758,63.0588,63.0588,0.0,0.0,9614.25,90262.6414
000869.SZ,20120614,61.7373,63.3809,61.053,63.0588,61.7172,1.3415999999999997,2.1738,17332.26,161389.8124
000869.SZ,20120613,60.7243,61.744,60.7243,61.7172,60.7042,1.0129999999999981,1.6687,15412.71,141068.3895
000869.SZ,20120612,61.0799,61.3818,60.3285,60.7042,60.7109,-0.006700000000002149,-0.011,7662.99,69449.2562
000869.SZ,20120611,60.3822,61.469,60.3084,60.7109,60.3621,0.3488000000000042,0.5778,14371.74,129865.3738
000869.SZ,20120608,62.388,62.5155,59.7047,60.3621,62.1532,-1.7911000000000001,-2.8818,20750.83,187530.9845
000869.SZ,20120607,63.3943,63.6224,61.9922,62.1532,62.9783,-0.8250999999999991,-1.3101,5901.79,54990.7088
000869.SZ,20120606,62.9851,63.8303,62.9314,62.9783,62.9851,-0.006800000000005468,-0.0108,7417.05,70036.3932
000869.SZ,20120605,62.0593,63.1796,62.0593,62.9851,62.0526,0.9325000000000045,1.5028,7562.88,70628.638
000869.SZ,20120604,62.388,62.9716,62.0325,62.0526,63.1259,-1.0733000000000033,-1.7003,9235.21,85980.3898
000869.SZ,20120601,63.0521,63.9175,62.9247,63.1259,63.0521,0.07379999999999853,0.117,9328.2,88165.8083
000869.SZ,20120531,62.9918,63.4614,62.9314,63.0521,63.193,-0.14089999999999492,-0.223,4392.78,41333.3752
000869.SZ,20120530,63.7297,64.3267,63.0588,63.193,63.9376,-0.7446000000000055,-1.1646,5577.42,52921.5179
000869.SZ,20120529,63.2534,64.0651,62.8911,63.9376,62.9918,0.9458000000000055,1.5015,7382.73,69834.279
000869.SZ,20120528,62.7234,63.1259,62.4752,62.9918,63.3272,-0.3353999999999999,-0.5296,8317.66,77770.8913
000869.SZ,20120525,63.7968,64.1993,62.4618,63.3272,64.2328,-0.9055999999999997,-1.4099,5202.1,49067.3736
000869.SZ,20120524,65.4739,65.7422,63.7498,64.2328,65.4739,-1.241100000000003,-1.8956,8464.54,81577.1085
000869.SZ,20120523,65.4739,65.6147,64.9238,65.4739,65.541,-0.06709999999999638,-0.1024,6629.82,64440.8181
000869.SZ,20120522,64.9909,65.6751,64.9372,65.541,64.8366,0.7043999999999926,1.0864,6012.87,58678.049
000869.SZ,20120521,63.6089,65.2659,63.5351,64.8366,63.5217,1.3149000000000015,2.07,7430.13,71458.0782
000869.SZ,20120518,63.8639,64.3066,63.4681,63.5217,64.0584,-0.5367000000000033,-0.8378,4829.1,45964.2976
000869.SZ,20120517,63.8639,64.6622,63.5821,64.0584,63.8773,0.1811000000000078,0.2835,6752.36,64406.6042
000869.SZ,20120516,65.2055,65.2055,63.8639,63.8773,65.2592,-1.3819000000000088,-2.1176,9113.06,87399.8275
000869.SZ,20120514,65.7556,66.0441,65.0848,65.2592,65.4336,-0.17439999999999145,-0.2665,7220.17,70548.8852
000869.SZ,20120511,65.4068,66.2789,65.4068,65.4336,65.6617,-0.22809999999999775,-0.3474,6088.37,59790.4488
000869.SZ,20120510,66.413,66.6143,65.5946,65.6617,66.3795,-0.7177999999999969,-1.0814,7682.35,75657.2794
000869.SZ,20120509,67.6541,67.6541,65.9636,66.3795,67.4193,-1.0398000000000138,-1.5423,10051.34,100016.8439
000869.SZ,20120508,66.6411,68.2914,65.4672,67.4193,66.6411,0.7782000000000124,1.1677,12577.58,125417.4681
000869.SZ,20120507,64.6689,66.668,64.3066,66.6411,64.6689,1.9722000000000008,3.0497,19228.91,188156.6037
000869.SZ,20120504,63.6626,64.7359,62.9851,64.6689,63.6626,1.006299999999996,1.5807,16929.77,160767.2995
000869.SZ,20120503,63.2333,63.8102,62.8576,63.6626,63.2266,0.43599999999999994,0.6896,12457.7,117944.4584
000869.SZ,20120502,62.4886,63.2333,62.0593,63.2266,62.3746,0.8519999999999968,1.3659,19308.37,180081.6416
000869.SZ,20120427,61.3952,62.7234,61.3952,62.3746,61.3885,0.9861000000000004,1.6063,15973.65,148163.2496
000869.SZ,20120426,61.9855,62.113,61.3147,61.3885,62.066,-0.677500000000002,-1.0916,15147.88,139083.8322
000869.SZ,20120425,61.8782,62.3679,61.3818,62.066,61.8648,0.20120000000000005,0.3252,11186.14,102991.0993
000869.SZ,20120424,63.6358,63.6358,61.7172,61.8648,63.7632,-1.8983999999999952,-2.9773,16211.65,150619.5511
000869.SZ,20120423,64.6689,64.6689,63.6156,63.7632,64.2462,-0.4830000000000041,-0.7518,12003.28,114612.7762
000869.SZ,20120420,63.7297,65.1116,63.7297,64.2462,63.2936,0.9526000000000039,1.505,23173.81,222594.9359
000869.SZ,20120419,63.4479,63.5955,63.193,63.2936,63.4479,-0.15429999999999922,-0.2432,4082.23,38559.4818
000869.SZ,20120418,63.1326,63.9309,63.1326,63.4479,63.2869,0.16099999999999426,0.2544,10152.76,96158.528
000869.SZ,20120417,63.6492,63.9578,62.7905,63.2869,63.6492,-0.3622999999999976,-0.5692,5814.06,54805.2805
000869.SZ,20120416,62.4484,63.8639,62.3612,63.6492,62.4953,1.1539000000000001,1.8464,7822.99,73999.5116
000869.SZ,20120413,62.6027,63.1259,62.3142,62.4953,62.5088,-0.013500000000000512,-0.0216,10674.62,99573.5128
000869.SZ,20120412,62.3209,62.8576,62.0526,62.5088,62.3545,0.15429999999999922,0.2475,10638.22,99061.3053
000869.SZ,20120411,61.7038,62.6027,60.986,62.3545,61.8446,0.5099000000000018,0.8245,7355.35,67865.9688
000869.SZ,20120410,62.3209,62.3209,60.9122,61.8446,62.4417,-0.5970999999999975,-0.9563,10148.37,93035.2047
000869.SZ,20120409,62.7905,62.8241,61.583,62.4417,62.7637,-0.32200000000000273,-0.513,15827.85,146774.0697
000869.SZ,20120406,64.803,64.9909,62.4551,62.7637,64.6756,-1.9119000000000028,-2.9561,12998.54,122788.9974
000869.SZ,20120405,63.0588,65.2391,62.5222,64.6756,63.2064,1.4692000000000007,2.3244,6042.66,57729.2002
000869.SZ,20120330,63.4815,63.7297,62.0526,63.2064,63.6894,-0.482999999999997,-0.7584,2415.21,22638.5559
000869.SZ,20120329,63.7498,64.528,63.3607,63.6894,63.7364,-0.04700000000000415,-0.0737,3487.36,33219.6106
000869.SZ,20120328,65.125,66.3393,63.7297,63.7364,65.5946,-1.8581999999999965,-2.8329,5538.56,53433.6824
000869.SZ,20120327,65.7355,66.3929,65.1787,65.5946,65.6684,-0.07380000000000564,-0.1124,5893.49,57860.1375
000869.SZ,20120326,68.1572,68.3451,65.0579,65.6684,68.4256,-2.7571999999999974,-4.0295,11628.64,115269.2294
000869.SZ,20120323,68.5866,69.7672,67.634,68.4256,68.9958,-0.5701999999999998,-0.8264,4341.41,44508.8927
000869.SZ,20120322,68.1371,69.4318,68.1371,68.9958,68.1371,0.8586999999999989,1.2603,2390.24,24548.0069
000869.SZ,20120321,68.6872,69.2977,68.1371,68.1371,68.7006,-0.5634999999999906,-0.8202,4388.45,44836.4508
000869.SZ,20120320,68.9421,68.9622,67.6876,68.7006,68.9891,-0.2884999999999991,-0.4182,7572.57,77038.1694
000869.SZ,20120319,70.371,70.4515,68.8951,68.9891,70.371,-1.3819000000000017,-1.9637,8996.87,93452.2128
000869.SZ,20120316,69.0025,70.5454,68.761,70.371,67.7816,2.5893999999999977,3.8202,16623.8,173744.7352
000869.SZ,20120315,65.8227,68.0901,65.8227,67.7816,65.8227,1.9588999999999999,2.976,9590.34,96169.8843
000869.SZ,20120314,67.7547,68.4054,65.8093,65.8227,67.6206,-1.7978999999999985,-2.6588,8455.75,85186.9607
000869.SZ,20120313,66.8357,67.8889,66.7954,67.6206,66.829,0.7916000000000025,1.1845,8187.25,82228.0805
000869.SZ,20120312,66.8692,67.6071,66.7216,66.829,66.8558,-0.026800000000008595,-0.0401,7734.23,77448.0522
000869.SZ,20120309,65.3934,66.8692,65.0579,66.8558,65.0714,1.784400000000005,2.7422,10100.47,99325.1047
000869.SZ,20120308,65.4739,65.9367,64.9439,65.0714,65.5745,-0.5031000000000034,-0.7672,8379.84,81677.6498
000869.SZ,20120307,66.138,66.735,65.2995,65.5745,66.0172,-0.4427000000000021,-0.6706,8511.59,83305.7672
000869.SZ,20120306,66.4533,66.9296,65.7489,66.0172,66.4466,-0.4294000000000011,-0.6462,5083.56,50329.8644
000869.SZ,20120305,67.7413,67.7413,66.2789,66.4466,67.4596,-1.012999999999991,-1.5016,11081.59,109981.057
000869.SZ,20120302,67.5535,68.0901,66.7485,67.4596,67.5333,-0.07370000000000232,-0.1091,9102.57,91099.3842
000869.SZ,20120301,68.3451,68.4189,67.3321,67.5333,68.4121,-0.8787999999999982,-1.2846,6366.59,64298.917
000869.SZ,20120229,67.0839,68.8683,66.7619,68.4121,67.0839,1.3281999999999954,1.9799,6731.52,68256.6537
000869.SZ,20120228,67.4193,68.4256,66.9497,67.0839,67.3187,-0.234800000000007,-0.3488,13174.27,133104.9258
000869.SZ,20120227,67.0839,68.0163,66.8893,67.3187,66.8826,0.43610000000001037,0.652,8588.99,86055.4503
000869.SZ,20120224,65.9435,67.0168,65.7422,66.8826,65.9435,0.9390999999999963,1.4241,9697.57,96299.7811
000869.SZ,20120223,66.3258,66.7485,65.5678,65.9435,66.2789,-0.3353999999999928,-0.506,11518.86,113724.5126
000869.SZ,20120222,65.0714,66.7485,64.9909,66.2789,65.1988,1.0800999999999874,1.6566,13385.21,131974.5532
000869.SZ,20120221,64.1322,65.2726,63.8236,65.1988,64.0316,1.1672000000000082,1.8228,11573.48,110925.8529
000869.SZ,20120220,65.2726,65.7087,63.9645,64.0316,65.2055,-1.1739000000000033,-1.8003,13891.37,134024.4798
000869.SZ,20120217,66.2051,66.413,65.0579,65.2055,65.5745,-0.3689999999999998,-0.5627,5353.58,52199.9377
000869.SZ,20120216,66.413,66.8088,65.541,65.5745,66.4801,-0.9055999999999926,-1.3622,6049.95,59648.3487
000869.SZ,20120215,65.4605,67.0168,65.4068,66.4801,65.6483,0.831799999999987,1.2671,5067.91,50237.4378
000869.SZ,20120214,65.172,66.413,65.1519,65.6483,65.5611,0.08720000000000994,0.133,8527.76,83742.4521
000869.SZ,20120213,64.0651,65.8093,64.0249,65.5611,64.5615,0.9996000000000009,1.5483,11859.29,115407.1858
000869.SZ,20120210,64.6487,65.3397,64.1993,64.5615,64.4877,0.07379999999999143,0.1144,6718.37,64660.1028
000869.SZ,20120209,64.9842,65.447,64.0718,64.4877,64.9774,-0.48969999999999914,-0.7536,6414.76,61774.883
000869.SZ,20120208,64.2798,65.0043,63.9309,64.9774,64.3267,0.6507000000000005,1.0116,7688.77,73898.9387
000869.SZ,20120207,63.562,64.5347,62.9783,64.3267,62.9851,1.3415999999999997,2.13,17695.83,167852.1868
000869.SZ,20120206,62.0526,63.5217,62.0526,62.9851,62.0258,0.959300000000006,1.5466,12532.64,117088.3338
000869.SZ,20120203,61.7172,62.388,61.1738,62.0258,61.7507,0.2750999999999948,0.4455,7644.79,70410.6348
000869.SZ,20120202,61.7239,62.2538,60.7176,61.7507,61.5696,0.1811000000000007,0.2941,9024.68,82563.9768
000869.SZ,20120201,61.9117,62.7905,61.1201,61.5696,62.2538,-0.684199999999997,-1.099,15610.67,143679.3242
000869.SZ,20120131,63.8504,63.8504,60.825,62.2538,63.9309,-1.677100000000003,-2.6233,34814.24,320753.1551
000869.SZ,20120130,68.6671,68.6738,63.8639,63.9309,69.0964,-5.1655000000000015,-7.4758,26809.38,259402.0947
000869.SZ,20120120,67.426,70.0154,66.4198,69.0964,67.7547,1.341700000000003,1.9802,6605.81,67214.6659
000869.SZ,20120119,65.1384,68.0834,64.1322,67.7547,65.0781,2.6765999999999934,4.1129,6125.53,60931.0016
000869.SZ,20120118,68.1908,69.0964,64.9909,65.0781,68.6268,-3.5486999999999966,-5.171,5975.2,59383.1787
000869.SZ,20120117,66.8491,71.1089,64.0181,68.6268,67.0839,1.542900000000003,2.3,9732.06,96138.2846
000869.SZ,20120116,69.3178,69.7404,67.0839,67.0839,69.7672,-2.6833000000000027,-3.8461,3365.42,33982.2573
000869.SZ,20120113,69.7337,70.1027,67.6206,69.7672,69.2641,0.5031000000000034,0.7264,6394.3,65891.2736
000869.SZ,20120112,71.4712,71.6456,69.1366,69.2641,71.129,-1.8649000000000058,-2.6219,4476.66,46672.6324
000869.SZ,20120111,71.3571,71.773,70.5588,71.129,71.1022,0.026800000000008595,0.0377,4959.25,52524.5851
000869.SZ,20120110,69.405,71.6791,68.7677,71.1022,69.3983,1.7038999999999902,2.4552,4400.79,46173.6923
000869.SZ,20120109,69.0897,70.0222,67.8553,69.3983,69.2373,0.16100000000000136,0.2325,3694.97,37941.6299
000869.SZ,20120106,67.6809,69.9417,67.0839,69.2373,67.6876,1.5497000000000014,2.2895,6526.84,66533.4756
000869.SZ,20120105,68.4256,69.6733,67.0034,67.6876,69.0159,-1.3282999999999987,-1.9246,9603.09,96991.3356
000869.SZ,20120104,72.303,72.3164,68.9622,69.0159,72.3835,-3.367599999999996,-4.6524,12368.03,128388.3606
000869.SZ,20111230,71.0083,72.4506,70.9747,72.3835,70.7735,1.6099999999999994,2.2749,12520.46,134357.4068
000869.SZ,20111229,69.7672,71.7798,69.197,70.7735,70.5186,0.25489999999999213,0.3615,5654.05,59671.4222
000869.SZ,20111228,70.8875,72.0883,68.8616,70.5186,71.7798,-1.261199999999988,-1.757,10108.66,105330.6917
000869.SZ,20111227,71.7798,72.4305,70.2838,71.7798,72.7726,-0.9928000000000026,-1.3642,10101.79,106744.9688
000869.SZ,20111226,74.5637,74.5704,72.4506,72.7726,75.8048,-3.032200000000003,-4.0,7723.09,84271.9955
000869.SZ,20111223,75.201,76.006,72.786,75.8048,76.1335,-0.32869999999999777,-0.4317,9175.31,101761.1458
000869.SZ,20111222,75.1339,76.1335,73.6581,76.1335,75.939,0.194500000000005,0.2561,4194.98,46877.7573
000869.SZ,20111221,75.4694,75.939,74.4631,75.939,75.939,0.0,0.0,3010.19,33727.0154
000869.SZ,20111220,75.3956,75.939,73.7923,75.939,75.8652,0.07379999999999143,0.0973,6602.04,73457.897
000869.SZ,20111219,75.1608,77.1465,72.833,75.8652,75.1474,0.7177999999999969,0.9552,5351.46,59415.6629
000869.SZ,20111216,74.2484,76.006,73.9935,75.1474,74.4631,0.6843000000000075,0.919,4737.73,52878.4662
000869.SZ,20111215,74.7583,75.0333,71.7798,74.4631,75.1205,-0.6574000000000098,-0.8751,5112.31,55964.4154
000869.SZ,20111214,74.8723,75.4694,74.282,75.1205,74.8723,0.2482000000000113,0.3315,1717.59,19182.7966
000869.SZ,20111213,73.9935,75.3285,73.9868,74.8723,74.718,0.1542999999999921,0.2065,2319.78,25813.7421
000869.SZ,20111212,74.6845,75.1339,73.9868,74.718,74.8656,-0.14759999999999707,-0.1972,3696.89,40931.6921
000869.SZ,20111209,76.4622,76.8043,74.604,74.8656,76.6635,-1.7978999999999985,-2.3452,2446.41,27598.5662
000869.SZ,20111208,76.6433,77.8106,75.8182,76.6635,76.3415,0.32200000000000273,0.4218,2067.59,23642.4103
000869.SZ,20111207,75.9457,76.6433,75.8853,76.3415,76.4756,-0.13410000000000366,-0.1754,2469.48,28113.7266
000869.SZ,20111206,76.4823,77.4819,74.9998,76.4756,77.0727,-0.5970999999999975,-0.7747,3393.86,38557.7107
000869.SZ,20111205,78.4881,78.8236,75.4694,77.0727,78.0521,-0.9793999999999983,-1.2548,4375.77,50155.9249
000869.SZ,20111202,78.1058,79.159,77.4819,78.0521,78.1527,-0.10060000000000002,-0.1287,1805.0,21041.0163
000869.SZ,20111201,78.354,79.595,75.8048,78.1527,77.8844,0.26829999999999643,0.3445,4184.03,48842.427
000869.SZ,20111130,79.3736,79.7493,77.1599,77.8844,79.3736,-1.4891999999999967,-1.8762,3689.43,43020.9808
000869.SZ,20111129,80.8025,81.1715,79.2999,79.3736,80.8025,-1.4288999999999987,-1.7684,3180.8,37880.2801
000869.SZ,20111128,79.1657,81.0306,79.1657,80.8025,79.5481,1.2543999999999897,1.5769,4344.34,52037.454
000869.SZ,20111125,79.159,80.3665,78.8236,79.5481,79.4273,0.12080000000000268,0.1521,2198.49,26200.3472
000869.SZ,20111124,79.6286,80.1652,78.5552,79.4273,79.8298,-0.4025000000000034,-0.5042,4000.94,47372.0281
000869.SZ,20111123,77.7905,80.0847,77.2001,79.8298,77.8039,2.025900000000007,2.6039,4995.3,58590.0925
000869.SZ,20111122,75.3084,77.8039,75.1205,77.8039,75.6773,2.1265999999999963,2.8101,6653.85,76692.3647
000869.SZ,20111121,74.7046,75.7914,74.1277,75.6773,74.6778,0.9994999999999976,1.3384,2526.58,28218.1704
000869.SZ,20111118,75.1407,75.6572,74.4698,74.6778,75.5432,-0.865399999999994,-1.1456,4841.1,54168.4246
000869.SZ,20111117,74.9662,76.1402,74.4967,75.5432,74.9662,0.5769999999999982,0.7697,2250.61,25388.0042
000869.SZ,20111116,75.2144,75.2144,73.8929,74.9662,75.4694,-0.5031999999999925,-0.6668,5243.42,58332.3054
000869.SZ,20111115,76.214,77.0727,75.1407,75.4694,76.858,-1.388600000000011,-1.8067,3737.37,42208.5174
000869.SZ,20111114,76.4689,76.9989,75.5365,76.858,76.006,0.8520000000000039,1.121,4816.4,54857.7201
000869.SZ,20111111,75.4023,76.4085,74.7851,76.006,75.0534,0.9526000000000039,1.2692,3604.15,40623.5098
000869.SZ,20111110,76.0195,76.053,74.6375,75.0534,76.1402,-1.0867999999999967,-1.4274,4612.77,51916.83
000869.SZ,20111109,76.7305,76.811,75.5029,76.1402,76.1939,-0.0537000000000063,-0.0705,3263.09,36911.926
000869.SZ,20111108,77.3008,77.5758,76.1402,76.1939,77.3008,-1.106899999999996,-1.4319,2529.8,28914.3719
000869.SZ,20111107,76.811,77.4752,76.4756,77.3008,77.1867,0.11409999999999343,0.1478,2087.61,23970.1407
000869.SZ,20111104,77.4215,77.8173,76.375,77.1867,76.9318,0.25490000000000634,0.3313,2415.88,27835.2375
000869.SZ,20111103,76.858,77.9246,75.6505,76.9318,76.7708,0.16100000000000136,0.2097,4878.72,55794.4574
000869.SZ,20111102,75.1339,76.8647,74.6644,76.7708,75.6438,1.1269999999999953,1.4899,3772.22,42643.9926
000869.SZ,20111101,75.4023,77.0727,74.879,75.6438,75.4694,0.17440000000000566,0.2311,4184.76,47320.9962
000869.SZ,20111031,76.697,76.7037,75.4694,75.4694,76.4689,-0.9995000000000118,-1.3071,3161.0,35745.7338
000869.SZ,20111028,74.4631,76.4689,74.4631,76.4689,73.7923,2.6766000000000076,3.6272,5474.51,61971.8755
000869.SZ,20111027,72.5512,73.8594,72.3298,73.7923,72.7793,1.012999999999991,1.3919,5037.41,54924.0423
000869.SZ,20111026,73.2556,73.7587,72.4506,72.7793,72.8263,-0.046999999999997044,-0.0645,4720.61,51387.658
000869.SZ,20111025,72.189,73.9935,72.189,72.8263,72.1823,0.6440000000000055,0.8922,6595.91,72115.6118
000869.SZ,20111024,71.9005,72.4506,71.2498,72.1823,71.773,0.4093000000000018,0.5703,7767.07,83342.3086
000869.SZ,20111021,71.1089,72.2426,69.7672,71.773,70.7735,0.9994999999999976,1.4123,3142.0,33186.2028
000869.SZ,20111020,72.1152,72.1152,69.4989,70.7735,72.3835,-1.6099999999999994,-2.2243,5806.83,61018.2024
000869.SZ,20111019,72.2493,73.752,71.6456,72.3835,72.2091,0.17439999999999145,0.2415,5142.91,55830.0446
000869.SZ,20111018,71.1693,73.8594,70.7064,72.2091,71.2095,0.9996000000000009,1.4037,10295.3,111251.8671
000869.SZ,20111017,69.4385,71.2968,69.4385,71.2095,69.3782,1.8312999999999988,2.6396,6062.51,64016.0809
000869.SZ,20111014,69.7605,70.2637,69.244,69.3782,69.7136,-0.3353999999999928,-0.4811,2453.73,25498.0043
000869.SZ,20111013,69.6934,71.7663,69.0964,69.7136,70.21,-0.4963999999999942,-0.707,6433.04,67460.0999
000869.SZ,20111012,68.0834,70.4381,67.426,70.21,68.4256,1.7843999999999909,2.6078,16251.52,165701.679
000869.SZ,20111011,70.324,70.6393,67.2248,68.4256,69.7337,-1.308099999999996,-1.8759,5968.63,61014.8077
000869.SZ,20111010,70.2435,70.3039,69.5526,69.7337,70.1764,-0.4427000000000021,-0.6308,5481.09,57027.8006
000869.SZ,20110930,69.1635,70.2301,68.6939,70.1764,69.1635,1.012900000000002,1.4645,5232.34,54497.8263
000869.SZ,20110929,68.4926,69.6934,68.4256,69.1635,69.2306,-0.06709999999999638,-0.0969,3776.51,39002.7996
000869.SZ,20110928,69.8209,70.0758,69.0159,69.2306,69.4385,-0.2079000000000093,-0.2994,3614.23,37399.9661
000869.SZ,20110927,69.566,70.1563,69.0964,69.4385,69.3178,0.12069999999999936,0.1741,3756.35,38987.0498
000869.SZ,20110926,70.4716,71.7798,68.9622,69.3178,71.2699,-1.9521000000000015,-2.739,4171.3,43288.4416
000869.SZ,20110923,69.6331,71.7798,68.1572,71.2699,70.9077,0.3622000000000014,0.5108,9540.68,99893.1533
000869.SZ,20110922,72.4506,73.1214,70.2368,70.9077,72.511,-1.6032999999999902,-2.2111,2685.27,28644.5306
000869.SZ,20110921,72.1152,73.799,71.1156,72.511,71.5114,0.9996000000000009,1.3978,3425.55,37035.8531
000869.SZ,20110920,70.3576,72.4506,69.9215,71.5114,70.6662,0.8451999999999913,1.196,2623.52,27641.625
000869.SZ,20110919,70.5924,70.9345,69.8343,70.6662,70.163,0.5032000000000068,0.7172,3600.68,37773.9892
000869.SZ,20110916,70.0356,70.5924,69.2306,70.163,69.7739,0.3890999999999991,0.5577,6059.06,63286.9128
000869.SZ,20110915,71.3773,71.4712,69.6331,69.7739,70.9815,-1.2075999999999993,-1.7013,6901.41,72912.2985
000869.SZ,20110914,71.9743,72.7726,70.4381,70.9815,71.981,-0.9994999999999976,-1.3886,3849.57,40896.4946
000869.SZ,20110913,71.7798,72.7189,71.1156,71.981,72.4774,-0.4964000000000084,-0.6849,2652.88,28425.7032
000869.SZ,20110909,72.4707,73.7923,72.4707,72.4774,72.672,-0.1945999999999941,-0.2678,2385.29,25991.5467
000869.SZ,20110908,74.396,74.718,72.5244,72.672,74.1948,-1.5228000000000037,-2.0524,1553.38,17028.8808
000869.SZ,20110907,73.4233,74.5973,72.7525,74.1948,72.7458,1.448999999999998,1.9919,4092.27,45063.7969
000869.SZ,20110906,72.4506,73.1214,72.2225,72.7458,72.5579,0.18789999999999907,0.259,1982.33,21480.8917
000869.SZ,20110905,72.5244,72.9873,71.6523,72.5579,72.6518,-0.09389999999999077,-0.1292,10025.73,108173.3444
000869.SZ,20110902,74.2619,74.396,72.4506,72.6518,74.4631,-1.8113000000000028,-2.4325,9670.06,105301.6777
000869.SZ,20110901,75.778,76.2408,74.4296,74.4631,75.8249,-1.3618000000000023,-1.796,4935.48,55069.0187
000869.SZ,20110831,75.5566,76.4555,74.3289,75.8249,75.8048,0.02009999999999934,0.0265,5695.23,63934.8948
000869.SZ,20110830,76.7775,77.3477,75.8048,75.8048,76.1737,-0.36889999999999645,-0.4843,4757.95,54309.4261
000869.SZ,20110829,74.9998,76.5427,74.9998,76.1737,75.9322,0.24150000000000205,0.318,4287.54,48569.914
000869.SZ,20110826,75.7176,77.1465,74.9394,75.9322,75.939,-0.006799999999998363,-0.009,4873.19,55002.7444
000869.SZ,20110825,75.7377,76.3951,75.0669,75.939,75.7109,0.22809999999999775,0.3013,3744.99,42072.4521
000869.SZ,20110824,76.1335,76.1335,75.4694,75.7109,75.6035,0.10739999999999839,0.1421,1483.1,16763.5016
000869.SZ,20110823,73.9935,75.8719,73.7923,75.6035,74.5235,1.0799999999999983,1.4492,3138.55,35029.3293
000869.SZ,20110822,76.5964,77.6429,73.1281,74.5235,76.8043,-2.2807999999999993,-2.9696,7288.15,81986.8882
000869.SZ,20110819,76.3415,77.7972,75.939,76.8043,76.6769,0.1273999999999944,0.1662,3584.68,41098.0336
000869.SZ,20110818,75.8786,77.9783,75.8786,76.6769,76.5427,0.13420000000000698,0.1753,5912.77,68075.884
000869.SZ,20110817,77.3947,77.7435,76.4756,76.5427,77.4685,-0.9258000000000095,-1.1951,6311.37,72419.7454
000869.SZ,20110816,79.112,79.8097,76.744,77.4685,79.112,-1.6434999999999889,-2.0774,9738.1,113022.5693
000869.SZ,20110815,81.7887,81.7887,78.5016,79.112,81.7082,-2.5962000000000103,-3.1774,7224.42,86042.8466
000869.SZ,20110812,80.8361,81.7082,79.8298,81.7082,81.1715,0.5367000000000104,0.6612,6584.41,79127.7395
000869.SZ,20110811,78.3875,81.1715,77.4953,81.1715,78.4814,2.690100000000001,3.4277,14675.31,174780.5732
000869.SZ,20110810,77.4819,79.3938,76.3683,78.4814,76.9318,1.549599999999998,2.0143,13622.65,159098.4508
000869.SZ,20110809,75.6773,79.159,75.4694,76.9318,78.1058,-1.1740000000000066,-1.5031,11802.07,136323.1602
000869.SZ,20110808,78.7296,80.5007,74.4967,78.1058,79.4944,-1.3885999999999967,-1.7468,10358.39,120246.5404
000869.SZ,20110805,77.4416,80.3598,76.5964,79.4944,78.7229,0.7715000000000032,0.98,7312.71,86338.0575
000869.SZ,20110804,77.2001,80.2055,77.1465,78.7229,77.4819,1.2409999999999997,1.6017,5024.36,59426.7287
000869.SZ,20110803,75.7243,78.2198,75.1407,77.4819,76.0865,1.395399999999995,1.834,4760.95,55013.9598
000869.SZ,20110802,75.7981,76.4488,75.2681,76.0865,76.4354,-0.34890000000000043,-0.4565,3593.76,40579.1303
000869.SZ,20110801,76.1469,77.1465,76.1134,76.4354,76.4622,-0.026799999999994384,-0.035,4881.6,55541.816
000869.SZ,20110729,77.8173,77.9179,76.1469,76.4622,77.0123,-0.5501000000000005,-0.7143,5958.24,68110.4386
000869.SZ,20110728,74.8321,77.4819,74.4631,77.0123,75.3352,1.6770999999999958,2.2262,10682.77,121301.1356
000869.SZ,20110727,75.7645,76.375,74.4631,75.3352,75.778,-0.4428000000000054,-0.5843,14662.42,165004.5737
000869.SZ,20110726,75.5029,77.019,74.7314,75.778,76.3884,-0.6103999999999985,-0.7991,6757.48,75984.4881
000869.SZ,20110725,75.7712,77.9515,75.1339,76.3884,76.4622,-0.07379999999999143,-0.0965,16369.25,187374.8524
000869.SZ,20110722,75.8048,77.066,74.3692,76.4622,75.2681,1.1940999999999917,1.5865,14492.78,164820.9836
000869.SZ,20110721,72.5781,76.0731,72.2024,75.2681,73.4233,1.8448000000000064,2.5126,22889.15,255929.1269
000869.SZ,20110720,69.8679,73.7118,69.7672,73.4233,69.4587,3.9646000000000043,5.7079,19451.07,209203.4195
000869.SZ,20110719,70.3039,70.74,69.4385,69.4587,70.4716,-1.012900000000002,-1.4373,10214.07,106680.3201
000869.SZ,20110718,70.3643,70.8741,69.6331,70.4716,70.1228,0.3487999999999971,0.4974,6873.29,71999.3732
000869.SZ,20110715,68.7006,70.9479,68.0968,70.1228,68.6738,1.448999999999998,2.11,8998.18,93938.8535
000869.SZ,20110714,70.0691,70.0691,68.3115,68.6738,69.3983,-0.7245000000000061,-1.044,4284.1,43870.8988
000869.SZ,20110713,68.439,69.7672,68.439,69.3983,68.9354,0.46290000000000475,0.6715,4886.34,50410.8034
000869.SZ,20110712,69.0159,69.7538,67.4797,68.9354,69.1098,-0.17440000000000566,-0.2524,6723.55,68998.8913
000869.SZ,20110711,66.9967,69.3782,66.5606,69.1098,66.9967,2.113100000000003,3.154,7882.91,80545.0837
000869.SZ,20110708,66.9967,67.2851,66.2923,66.9967,66.9967,0.0,0.0,5350.76,53261.9282
000869.SZ,20110707,65.8227,67.151,65.7489,66.9967,65.5611,1.435600000000008,2.1897,7592.12,75589.7864
000869.SZ,20110706,65.7087,66.0977,65.2592,65.5611,65.7087,-0.14759999999999707,-0.2246,3917.18,38385.1213
000869.SZ,20110705,66.2051,66.346,65.4068,65.7087,66.3929,-0.6842000000000041,-1.0305,3493.69,34176.044
000869.SZ,20110704,66.7082,67.0705,65.1519,66.3929,66.413,-0.02009999999999934,-0.0303,6052.46,59655.0662
000869.SZ,20110701,65.8227,66.9497,65.8093,66.413,66.2789,0.13410000000000366,0.2023,5894.87,58415.5235
000869.SZ,20110630,65.0512,66.4063,64.803,66.2789,65.1183,1.160599999999988,1.7823,5616.54,55137.8857
000869.SZ,20110629,65.8026,65.9032,64.4676,65.1183,65.8093,-0.6909999999999883,-1.05,5885.02,57187.787
000869.SZ,20110628,65.8428,66.0105,65.1183,65.8093,65.6751,0.13419999999999277,0.2043,5592.73,54801.6582
000869.SZ,20110627,64.1657,66.0776,63.6425,65.6751,64.0651,1.6099999999999994,2.5131,11791.76,112922.5907
000869.SZ,20110624,64.4005,64.9238,63.7297,64.0651,64.0383,0.026799999999994384,0.0418,5847.07,56023.3841
000869.SZ,20110623,62.6563,64.9372,62.388,64.0383,62.0593,1.9790000000000063,3.1889,7048.9,67392.4137
000869.SZ,20110622,61.7306,63.7297,61.7306,62.0593,61.6165,0.4427999999999983,0.7186,5797.79,54522.5262
000869.SZ,20110621,61.0665,62.388,61.0665,61.6165,61.0665,0.5500000000000043,0.9007,2356.6,21590.9878
000869.SZ,20110620,62.0593,62.3746,60.3755,61.0665,62.113,-1.0465000000000018,-1.6848,5242.67,48042.7248
000869.SZ,20110617,61.7507,62.8911,61.7507,62.113,62.2538,-0.1407999999999987,-0.2262,3977.71,36965.3466
000869.SZ,20110616,63.193,63.4614,61.9587,62.2538,63.515,-1.2612000000000023,-1.9857,4376.35,40962.6291
000869.SZ,20110615,63.0924,64.0316,63.0656,63.515,63.6626,-0.14759999999999707,-0.2318,4038.43,38206.5438
000869.SZ,20110614,63.3809,63.9846,62.8509,63.6626,63.4077,0.25489999999999924,0.402,4573.91,43344.7069
000869.SZ,20110613,63.797,63.8895,63.3011,63.4201,63.7639,-0.34380000000000166,-0.5392,2641.75,25379.0336
000869.SZ,20110610,63.473,64.273,63.3738,63.7639,63.5589,0.2049999999999983,0.3225,2827.68,27273.3766
000869.SZ,20110609,65.4565,65.9061,63.473,63.5589,65.516,-1.957100000000004,-2.9872,5021.43,48832.0837
000869.SZ,20110608,65.278,65.5226,64.597,65.516,65.278,0.23799999999999955,0.3646,5400.93,53154.6349
000869.SZ,20110607,64.035,65.7607,63.4201,65.278,63.9358,1.3422000000000054,2.0993,7067.28,69683.2007
000869.SZ,20110603,62.1044,64.1342,61.8928,63.9358,62.2366,1.6991999999999976,2.7302,6266.26,59946.7635
000869.SZ,20110602,62.8118,63.2548,61.2448,62.2366,62.9573,-0.7206999999999937,-1.1447,4356.67,41153.0824
000869.SZ,20110601,63.1424,63.2085,62.8779,62.9573,62.8779,0.07939999999999969,0.1263,3453.04,32886.5179
000869.SZ,20110531,62.7986,63.2548,62.5606,62.8779,62.5341,0.34379999999999455,0.5498,3919.69,37247.4181
000869.SZ,20110530,61.3506,62.8779,60.8415,62.5341,61.6217,0.9124000000000052,1.4806,3165.25,29774.2148
000869.SZ,20110527,61.4961,62.1506,60.7291,61.6217,61.4895,0.13219999999999743,0.215,9101.8,84599.7768
000869.SZ,20110526,63.149,63.2879,61.225,61.4895,62.9969,-1.507399999999997,-2.3928,7941.53,74612.8355
000869.SZ,20110525,62.8978,63.9821,62.8978,62.9969,62.8912,0.1056999999999988,0.1681,5411.2,51980.6034
000869.SZ,20110524,63.4862,63.8036,62.7325,62.8912,63.9821,-1.0909000000000049,-1.705,3532.97,33708.4805
000869.SZ,20110523,64.5044,64.5838,62.8118,63.9821,64.835,-0.8528999999999911,-1.3155,7128.87,68489.5059
000869.SZ,20110520,65.8532,66.6466,64.3457,64.835,66.1177,-1.2827000000000055,-1.94,7175.26,70703.6688
000869.SZ,20110519,65.4433,67.1095,65.4433,66.1177,65.6549,0.46280000000000143,0.7049,9809.65,97972.2252
000869.SZ,20110518,65.04,66.1177,64.9937,65.6549,64.9276,0.7272999999999996,1.1202,10636.13,105911.1169
000869.SZ,20110517,65.2714,66.045,64.8615,64.9276,65.3243,-0.3966999999999956,-0.6073,6528.07,64732.1511
000869.SZ,20110516,64.8945,65.6747,64.3193,65.3243,64.8945,0.4298000000000002,0.6623,6473.89,63711.1476
000869.SZ,20110513,63.5325,65.5226,63.5325,64.8945,63.5325,1.3619999999999948,2.1438,9044.08,88778.2982
000869.SZ,20110512,63.2085,65.7541,62.9308,63.5325,63.4928,0.039699999999996294,0.0625,6165.95,59978.9185
000869.SZ,20110511,63.8036,64.392,62.587,63.4928,64.1209,-0.6281000000000034,-0.9796,4446.07,42742.6499
000869.SZ,20110509,65.3904,65.3904,63.0102,64.1209,64.7953,-0.6743999999999915,-1.0408,7759.89,74926.5022
000869.SZ,20110506,63.9821,65.8929,63.8565,64.7953,64.597,0.19830000000000325,0.307,14675.18,145138.6541
000869.SZ,20110505,62.1572,65.1259,62.1572,64.597,63.473,1.1239999999999952,1.7708,18856.64,183306.0888
000869.SZ,20110504,62.7655,64.4317,62.6002,63.473,62.944,0.5289999999999964,0.8404,14357.06,138234.6598
000869.SZ,20110503,61.6944,63.2085,61.4233,62.944,61.6878,1.2561999999999998,2.0364,7982.27,75029.2997
000869.SZ,20110429,59.572,61.8134,59.572,61.6878,60.0349,1.6529000000000025,2.7532,10904.27,101323.6948
000869.SZ,20110428,62.1374,62.144,59.0696,60.0349,61.6614,-1.6265,-2.6378,9513.68,86987.9836
000869.SZ,20110427,62.8118,63.1027,61.6415,61.6614,62.4812,-0.8198000000000008,-1.3121,9429.39,88668.8817
000869.SZ,20110426,63.3672,63.3738,62.1506,62.4812,63.3606,-0.8793999999999969,-1.3879,13163.59,124941.1882
000869.SZ,20110425,61.6349,64.1342,61.6349,63.3606,60.9275,2.433099999999996,3.9934,34369.02,328561.4924
000869.SZ,20110422,59.5059,61.4895,59.3076,60.9275,59.5059,1.421600000000005,2.389,23362.09,214256.7251
000869.SZ,20110421,58.5208,59.5059,58.2232,59.5059,58.5142,0.9916999999999945,1.6948,12044.12,107549.6534
000869.SZ,20110420,57.3307,58.7257,56.9009,58.5142,57.2712,1.243000000000002,2.1704,10993.75,96745.2438
000869.SZ,20110419,57.2315,57.5158,56.8083,57.2712,57.4761,-0.20490000000000208,-0.3565,10939.18,94451.2976
000869.SZ,20110418,57.7274,57.7274,57.1918,57.4761,57.7274,-0.2513000000000005,-0.4353,3810.03,33034.7865
000869.SZ,20110415,58.0646,58.2695,57.4497,57.7274,58.0447,-0.3172999999999959,-0.5466,8844.87,77333.644
000869.SZ,20110414,58.329,58.4811,57.6811,58.0447,58.2695,-0.2248000000000019,-0.3858,4079.62,35796.5163
000869.SZ,20110413,57.8464,58.415,57.8332,58.2695,57.8464,0.42309999999999803,0.7314,7758.38,68168.2836
000869.SZ,20110412,57.086,58.4348,56.762,57.8464,57.0992,0.7471999999999994,1.3086,15535.81,136168.956
000869.SZ,20110411,57.5092,57.6546,57.0926,57.0992,56.7422,0.3570000000000064,0.6292,10633.73,92416.5602
000869.SZ,20110408,55.6843,56.848,55.6843,56.7422,55.7703,0.971899999999998,1.7427,7974.38,67944.7514
000869.SZ,20110407,55.7504,56.491,55.4595,55.7703,55.7571,0.013199999999997658,0.0237,8332.57,70282.0006
000869.SZ,20110406,56.3191,56.8348,55.6248,55.7571,56.7951,-1.0379999999999967,-1.8276,9932.57,84270.6172
000869.SZ,20110401,57.5885,57.5885,56.3984,56.7951,57.5753,-0.7802000000000007,-1.3551,5200.54,44630.7781
000869.SZ,20110331,56.3058,57.8398,56.3058,57.5753,56.729,0.8462999999999994,1.4918,10163.05,88265.415
000869.SZ,20110330,55.9356,56.9935,55.486,56.729,55.9356,0.7933999999999983,1.4184,14470.08,122978.7022
000869.SZ,20110329,56.7951,56.9273,55.6711,55.9356,56.7753,-0.8397000000000006,-1.479,20636.82,175117.6709
000869.SZ,20110328,58.5142,58.6332,56.2,56.7753,58.3753,-1.6000000000000014,-2.7409,29706.55,258493.878
000869.SZ,20110325,59.1555,59.5059,57.8398,58.3753,58.8448,-0.4694999999999965,-0.7979,21385.16,189116.3929
000869.SZ,20110324,59.7704,59.7704,58.8448,58.8448,59.4663,-0.6214999999999975,-1.0451,12573.25,112609.4453
000869.SZ,20110323,59.6316,59.6316,59.0431,59.4663,59.9026,-0.4363000000000028,-0.7283,4782.09,42921.7077
000869.SZ,20110322,60.4911,60.7952,58.6596,59.9026,60.4845,-0.5818999999999974,-0.9621,7343.71,65786.5992
000869.SZ,20110321,60.663,61.7143,60.3522,60.4845,60.696,-0.2115000000000009,-0.3485,6643.91,61123.4963
000869.SZ,20110318,60.8217,60.9605,60.3522,60.696,60.6167,0.07929999999999637,0.1308,6710.6,61599.7647
000869.SZ,20110317,60.6828,61.6548,60.2134,60.6167,60.7952,-0.17849999999999966,-0.2936,10684.42,98634.4076
000869.SZ,20110316,60.2927,61.463,60.1671,60.7952,60.3126,0.4825999999999979,0.8002,7314.03,67402.7293
000869.SZ,20110315,60.4977,60.577,59.3737,60.3126,60.2266,0.08600000000000563,0.1428,8011.67,72486.1145
000869.SZ,20110314,60.4845,60.4911,59.539,60.2266,60.5043,-0.27770000000000294,-0.459,4790.44,43330.2313
000869.SZ,20110311,60.7952,61.4895,60.4646,60.5043,60.7688,-0.2644999999999982,-0.4353,6723.94,61959.6829
000869.SZ,20110310,59.5588,61.258,59.539,60.7688,59.539,1.2297999999999973,2.0655,16642.91,153062.9942
000869.SZ,20110309,59.6646,60.1671,59.3076,59.539,59.6646,-0.1255999999999986,-0.2105,9250.55,83450.3485
000869.SZ,20110308,60.2266,60.3985,59.4068,59.6646,60.3985,-0.7338999999999984,-1.2151,14031.42,126376.383
000869.SZ,20110307,61.1258,61.4828,60.0216,60.3985,61.0994,-0.7009000000000043,-1.1471,8707.33,79768.7833
000869.SZ,20110304,60.5374,61.4167,59.9489,61.0994,60.5374,0.5620000000000047,0.9284,6650.32,60977.4225
000869.SZ,20110303,61.1589,61.549,59.539,60.5374,61.2184,-0.6810000000000045,-1.1124,25971.26,238887.4031
000869.SZ,20110302,58.5076,61.4696,58.0976,61.2184,58.5803,2.6381000000000014,4.5034,26587.49,241168.5787
000869.SZ,20110301,58.3158,59.0431,57.9654,58.5803,58.1637,0.4166000000000025,0.7163,12177.74,107591.1408
000869.SZ,20110228,58.977,58.977,57.9059,58.1637,58.6927,-0.5290000000000035,-0.9013,8665.65,76180.7691
000869.SZ,20110225,58.7257,59.096,58.3819,58.6927,58.5142,0.17849999999999966,0.3051,5132.84,45621.022
000869.SZ,20110224,58.1175,58.6795,57.9456,58.5142,58.058,0.4562000000000026,0.7858,8325.27,73382.2855
000869.SZ,20110223,57.5951,58.3753,57.5951,58.058,57.9257,0.13230000000000075,0.2284,6213.77,54584.7538
000869.SZ,20110222,59.4398,59.5059,57.529,57.9257,59.4398,-1.5140999999999991,-2.5473,12306.38,108542.8041
000869.SZ,20110221,59.5059,60.0018,58.5142,59.4398,59.5059,-0.06609999999999872,-0.1111,16805.88,150265.4344
000869.SZ,20110218,59.1026,60.9539,58.448,59.5059,59.1026,0.40329999999999444,0.6824,12769.3,115740.7683
000869.SZ,20110217,60.8151,61.0002,58.8448,59.1026,60.5638,-1.461199999999998,-2.4127,15209.57,136764.645
000869.SZ,20110216,60.6696,61.0134,60.1869,60.5638,60.6167,-0.05290000000000106,-0.0873,9802.73,89734.2956
000869.SZ,20110215,61.2118,61.5424,60.4977,60.6167,61.1589,-0.5422000000000011,-0.8865,7264.83,66841.5322
000869.SZ,20110214,60.8283,61.5225,60.4977,61.1589,60.8613,0.29760000000000275,0.489,13043.63,120495.7255
000869.SZ,20110211,59.539,61.5291,59.5059,60.8613,59.6514,1.2098999999999975,2.0283,18475.94,170171.9355
000869.SZ,20110210,58.3224,59.658,58.1042,59.6514,58.7059,0.9455000000000027,1.6106,8747.53,78087.1589
000869.SZ,20110209,58.7522,59.9886,57.5753,58.7059,59.0034,-0.29749999999999943,-0.5042,6136.69,54331.3725
000869.SZ,20110201,58.9241,59.2944,58.3555,59.0034,58.7919,0.2115000000000009,0.3597,4115.58,36589.4848
000869.SZ,20110131,59.1092,59.7506,58.6596,58.7919,58.9439,-0.15200000000000102,-0.2579,4229.65,37785.8271
000869.SZ,20110128,58.5076,59.7704,58.1968,58.9439,58.5208,0.42309999999999803,0.723,5660.14,50714.4554
000869.SZ,20110127,58.21,59.0762,57.5224,58.5208,58.5472,-0.026399999999995316,-0.0451,6978.12,61862.4535
000869.SZ,20110126,57.8398,59.01,57.4034,58.5472,57.853,0.694199999999995,1.1999,3056.93,27036.462
000869.SZ,20110125,57.3902,57.8927,56.9141,57.853,56.9009,0.9521000000000015,1.6733,6068.31,52649.6993
000869.SZ,20110124,58.8117,59.1753,56.2133,56.9009,58.8514,-1.9504999999999981,-3.3143,13727.95,118555.9019
000869.SZ,20110121,59.4729,59.9555,58.8514,58.8514,59.6051,-0.753700000000002,-1.2645,6529.36,58768.9706
000869.SZ,20110120,61.1655,61.463,59.1753,59.6051,61.1589,-1.5538000000000025,-2.5406,9092.1,82085.0422
000869.SZ,20110119,60.7489,61.8729,60.1737,61.1589,60.7754,0.38350000000000506,0.631,7991.32,74086.7977
000869.SZ,20110118,58.4877,60.8151,58.3819,60.7754,58.4877,2.287700000000001,3.9114,13137.71,119841.7275
000869.SZ,20110117,59.8431,60.22,58.4084,58.4877,60.2597,-1.7720000000000056,-2.9406,6548.98,58941.7232
000869.SZ,20110114,59.896,60.8878,59.0629,60.2597,60.101,0.15870000000000317,0.2641,8859.54,80267.9098
000869.SZ,20110113,58.4547,60.6299,58.3489,60.101,58.1902,1.9108000000000018,3.2837,16695.03,151453.801
000869.SZ,20110112,59.0365,59.0431,58.1571,58.1902,58.8448,-0.6546000000000021,-1.1124,14441.58,127691.6468
000869.SZ,20110111,58.9836,59.5059,58.3423,58.8448,59.5059,-0.6610999999999976,-1.111,19801.63,175884.8241
000869.SZ,20110110,60.6299,60.6299,59.1886,59.5059,60.7291,-1.2232000000000056,-2.0142,15122.8,136488.6264
000869.SZ,20110107,61.4762,61.4762,60.101,60.7291,61.1192,-0.3900999999999968,-0.6383,14400.94,131944.528
000869.SZ,20110106,62.944,63.0498,61.0597,61.1192,62.5936,-1.4744000000000028,-2.3555,8660.8,81135.9125
000869.SZ,20110105,63.0697,63.2019,62.3225,62.5936,63.0631,-0.4694999999999965,-0.7445,5387.75,51134.7564
000869.SZ,20110104,63.6052,63.797,62.0184,63.0631,63.4465,-0.38340000000000174,-0.6043,10065.95,95474.3573
000869.SZ,20101231,62.349,63.7375,62.2829,63.4465,62.2168,1.2297000000000011,1.9765,8103.22,77336.5318
000869.SZ,20101230,61.3506,62.6002,61.0266,62.2168,61.344,0.872799999999998,1.4228,11431.43,107450.3682
000869.SZ,20101229,61.0928,61.4828,60.5506,61.344,60.9605,0.38349999999999795,0.6291,9238.45,85076.5449
000869.SZ,20101228,61.8928,62.1506,60.901,60.9605,61.8928,-0.9322999999999979,-1.5063,12168.28,113428.8097
000869.SZ,20101227,63.1622,64.2333,61.5622,61.8928,63.354,-1.461199999999998,-2.3064,10201.6,96756.0412
000869.SZ,20101224,61.7539,64.0614,61.4895,63.354,61.7539,1.6000999999999976,2.5911,13857.06,131405.4111
000869.SZ,20101223,63.0763,63.6052,61.4895,61.7539,62.9837,-1.2297999999999973,-1.9526,9355.3,88058.2442
000869.SZ,20101222,62.6135,63.8961,62.349,62.9837,62.6201,0.36359999999999815,0.5806,13513.71,128408.8477
000869.SZ,20101221,64.2532,64.2532,62.1176,62.6201,63.9094,-1.2892999999999972,-2.0174,18507.47,175176.9352
000869.SZ,20101220,66.3557,66.5673,62.8118,63.9094,66.3161,-2.406700000000008,-3.6291,16803.1,162601.4123
000869.SZ,20101217,67.4401,67.731,66.0251,66.3161,67.288,-0.9718999999999909,-1.4444,7231.57,72675.7552
000869.SZ,20101216,66.7723,67.3541,66.3161,67.288,66.1177,1.1702999999999975,1.77,10913.01,110551.4744
000869.SZ,20101215,65.9855,66.845,65.9061,66.1177,65.9127,0.2049999999999983,0.311,11099.74,111295.7761
000869.SZ,20101214,66.7789,66.9111,65.4565,65.9127,66.3161,-0.40340000000000487,-0.6083,12501.31,124853.8484
000869.SZ,20101213,65.6549,66.9045,65.635,66.3161,65.635,0.6811000000000007,1.0377,11107.64,111054.7058
000869.SZ,20101210,65.9326,66.4351,64.802,65.635,66.0516,-0.4165999999999883,-0.6307,8683.06,85882.7496
000869.SZ,20101209,68.0351,68.0351,65.1259,66.0516,68.1012,-2.0496000000000123,-3.0096,7258.36,72602.4482
000869.SZ,20101208,67.8368,68.7492,67.0433,68.1012,67.9558,0.1454000000000093,0.214,7746.65,79497.455
000869.SZ,20101207,65.7871,68.3128,64.7953,67.9558,65.6417,2.3140999999999963,3.5254,9818.82,99896.0264
000869.SZ,20101206,68.6632,69.0599,65.4565,65.6417,68.445,-2.803299999999993,-4.0957,20310.77,202902.4451
000869.SZ,20101203,70.0848,70.6666,67.7773,68.445,70.3492,-1.904200000000003,-2.7068,11921.55,124126.9964
000869.SZ,20101202,72.0683,72.0683,70.217,70.3492,70.7393,-0.3901000000000039,-0.5515,7427.99,79222.09
000869.SZ,20101201,71.2815,72.5972,70.0649,70.7393,72.7295,-1.9902000000000015,-2.7364,10936.47,116807.1526
000869.SZ,20101130,75.3742,75.9031,69.7872,72.7295,75.956,-3.2265000000000015,-4.2479,21124.73,231078.6842
000869.SZ,20101129,73.7807,76.0354,71.4402,75.956,73.8535,2.1025000000000063,2.8469,15616.13,175702.7078
000869.SZ,20101126,72.1344,75.2287,70.8451,73.8535,72.3989,1.4545999999999992,2.0091,12078.29,134033.0482
000869.SZ,20101125,75.3742,75.8238,72.1873,72.3989,75.2816,-2.8827,-3.8292,13949.02,155234.0237
000869.SZ,20101124,71.989,76.0354,71.7245,75.2816,72.6567,2.6248999999999967,3.6127,12868.08,146178.9791
000869.SZ,20101123,71.5394,73.0601,70.8782,72.6567,72.1807,0.4759999999999991,0.6595,10992.31,119889.644
000869.SZ,20101122,70.2038,73.384,70.0914,72.1807,70.8583,1.3224000000000018,1.8663,15418.92,167769.3966
000869.SZ,20101119,70.6732,71.0765,69.212,70.8583,70.0186,0.8396999999999935,1.1993,12806.1,135579.3759
000869.SZ,20101118,70.0848,71.4071,69.4831,70.0186,70.7459,-0.7272999999999996,-1.028,6324.75,67410.1097
000869.SZ,20101117,73.9196,75.9362,70.5476,70.7459,75.2882,-4.542299999999997,-6.0332,14151.6,155132.334
000869.SZ,20101116,76.6304,77.8668,73.6617,75.2882,76.6965,-1.408299999999997,-1.8362,17722.59,203953.6273
000869.SZ,20101115,73.7212,76.6965,72.7956,76.6965,73.7609,2.9355999999999938,3.9799,18240.42,206414.4803
000869.SZ,20101112,75.0436,78.1379,73.3906,73.7609,75.0436,-1.2826999999999913,-1.7093,24887.96,285942.1823
000869.SZ,20101111,75.4734,77.2255,74.0584,75.0436,75.3742,-0.330600000000004,-0.4386,13103.62,150600.1573
000869.SZ,20101110,73.2584,80.0024,71.4798,75.3742,73.4105,1.9637000000000029,2.675,30827.85,354554.332
000869.SZ,20101109,69.6153,73.503,68.9938,73.4105,69.6352,3.7753000000000014,5.4215,27573.26,299423.6284
000869.SZ,20101108,69.6087,69.6352,68.5508,69.6352,69.4831,0.15210000000000434,0.2189,16877.68,175824.7028
000869.SZ,20101105,70.6137,71.0699,69.3178,69.4831,70.0848,-0.6017000000000081,-0.8585,12857.94,135309.7137
000869.SZ,20101104,69.7608,70.3492,69.0004,70.0848,69.7608,0.32399999999999807,0.4644,17833.98,187459.3137
000869.SZ,20101103,71.4732,72.0418,69.1327,69.7608,70.5873,-0.8264999999999958,-1.1709,27102.07,288050.007
000869.SZ,20101102,70.0186,72.2666,69.3442,70.5873,69.3575,1.2297999999999973,1.7731,36056.2,382344.1801
000869.SZ,20101101,68.3657,70.2699,67.9029,69.3575,68.6302,0.7272999999999996,1.0597,19976.76,209759.784
000869.SZ,20101029,69.6748,69.6748,66.6995,68.6302,69.8864,-1.2561999999999927,-1.7975,35355.55,361477.4157
000869.SZ,20101028,72.7162,72.7162,68.6632,69.8864,72.8088,-2.9224000000000103,-4.0138,30263.88,321013.161
000869.SZ,20101027,71.903,73.0468,70.8121,72.8088,72.4848,0.32399999999999807,0.447,13246.9,143854.62
000869.SZ,20101026,76.0287,76.0287,71.0104,72.4848,75.3279,-2.8430999999999926,-3.7743,23824.2,259474.969
000869.SZ,20101025,74.713,76.1676,74.4022,75.3279,75.3676,-0.039699999999996294,-0.0527,13615.54,155297.939
000869.SZ,20101022,76.0155,78.0189,74.713,75.3676,76.0287,-0.6611000000000047,-0.8695,5195.09,59482.3465
000869.SZ,20101021,77.7544,78.3429,75.2948,76.0287,77.7544,-1.7257000000000033,-2.2194,6298.92,73053.0416
000869.SZ,20101020,73.0601,80.1347,72.7295,77.7544,74.065,3.6894000000000062,4.9813,11132.52,130313.7701
000869.SZ,20101019,72.0683,74.7791,71.4071,74.065,72.9609,1.1041000000000025,1.5133,9498.88,106176.3217
000869.SZ,20101018,74.0452,74.0452,70.0715,72.9609,75.0436,-2.0827000000000027,-2.7753,12928.73,139002.6551
000869.SZ,20101015,72.1873,76.0354,70.9311,75.0436,72.3989,2.6447000000000003,3.653,11688.62,130541.1309
000869.SZ,20101014,71.7377,75.5064,71.7311,72.3989,71.7972,0.6016999999999939,0.8381,22235.91,245364.3196
000869.SZ,20101013,73.2584,74.3692,70.8121,71.7972,73.2584,-1.461199999999991,-1.9946,8700.73,94525.055
000869.SZ,20101012,74.1113,77.3577,72.5311,73.2584,75.1758,-1.9174000000000007,-2.5506,9585.41,108706.9058
000869.SZ,20101011,79.3412,79.3412,74.713,75.1758,79.6586,-4.482800000000012,-5.6275,13047.21,150808.0943
000869.SZ,20101008,78.6734,82.6471,78.6734,79.6586,79.3346,0.3240000000000123,0.4084,9221.01,112326.735
000869.SZ,20100930,74.7262,82.9645,74.0717,79.3346,75.5725,3.7620999999999896,4.9781,7010.3,83189.4261
000869.SZ,20100929,75.5924,76.6238,73.589,75.5725,76.6965,-1.1239999999999952,-1.4655,7794.95,88546.1295
000869.SZ,20100927,70.3823,78.0189,69.7542,76.6965,71.0765,5.6200000000000045,7.907,9015.18,100872.8238
000869.SZ,20100921,71.4137,72.465,69.4302,71.0765,71.4071,-0.330600000000004,-0.463,5695.58,61235.0619
000869.SZ,20100920,70.6137,72.3989,69.6682,71.4071,70.0848,1.3222999999999985,1.8867,6413.05,69317.9935
000869.SZ,20100917,66.7921,71.5261,65.8268,70.0848,66.8516,3.2331999999999965,4.8364,6221.96,65364.6071
000869.SZ,20100916,67.1095,69.9393,66.7326,66.8516,67.4467,-0.5951000000000022,-0.8823,11049.8,113943.9522
000869.SZ,20100915,65.5954,68.1012,65.5954,67.4467,66.5144,0.9323000000000121,1.4017,5174.5,52355.5241
000869.SZ,20100914,66.6995,68.0153,65.4631,66.5144,66.7789,-0.2644999999999982,-0.3961,4565.79,46016.0315
000869.SZ,20100913,64.7953,68.4913,64.4648,66.7789,65.5888,1.1900999999999868,1.8145,9956.31,100792.6206
000869.SZ,20100910,61.0729,66.1838,60.8217,65.5888,61.2647,4.3241000000000085,7.0581,13743.15,133321.2444
000869.SZ,20100909,60.1671,61.2647,59.5059,61.2647,59.9886,1.2760999999999996,2.1272,7911.68,72535.1135
000869.SZ,20100908,59.5522,60.1407,59.0497,59.9886,59.6382,0.3504000000000005,0.5875,4140.4,37197.2898
000869.SZ,20100907,60.696,60.8283,59.0431,59.6382,60.696,-1.0578000000000003,-1.7428,9541.41,86324.4814
000869.SZ,20100906,61.463,62.0118,60.5704,60.696,61.2779,-0.5819000000000045,-0.9496,6394.78,58938.4362
000869.SZ,20100903,60.7027,61.5556,59.7836,61.2779,60.696,0.5819000000000045,0.9587,6469.57,59089.1437
000869.SZ,20100902,61.02,61.1126,59.5125,60.696,60.544,0.15200000000000102,0.2511,3331.83,30431.1768
000869.SZ,20100901,62.0052,62.0052,60.1671,60.544,61.1324,-0.5884,-0.9625,6260.38,57569.2846
000869.SZ,20100830,60.2464,61.9589,60.2398,61.1324,59.9357,1.1966999999999999,1.9966,8879.37,82440.6059
000869.SZ,20100827,59.5059,60.2993,59.1753,59.9357,59.1753,0.7603999999999971,1.285,3209.49,29050.1984
000869.SZ,20100826,59.5192,59.9357,58.6464,59.1753,59.2745,-0.09920000000000329,-0.1674,4045.61,36039.1172
000869.SZ,20100825,59.5522,60.1671,58.9439,59.2745,60.0944,-0.819899999999997,-1.3644,5309.88,47709.8444
000869.SZ,20100824,58.5604,60.3655,58.5538,60.0944,58.8976,1.1968000000000032,2.032,2512.25,22683.2209
000869.SZ,20100823,58.8976,59.4398,58.3819,58.8976,58.8976,0.0,0.0,3439.35,30610.1646
000869.SZ,20100820,60.4911,60.7622,58.1836,58.8976,60.8283,-1.9307000000000016,-3.174,8144.94,72743.6484
000869.SZ,20100819,61.5027,61.7672,59.8365,60.8283,61.4961,-0.6677999999999997,-1.0859,7674.64,70097.4617
000869.SZ,20100818,61.5027,63.0763,61.3903,61.4961,61.8068,-0.3107000000000042,-0.5027,3895.46,36626.5008
000869.SZ,20100817,61.8134,61.82,61.1655,61.8068,61.3308,0.4759999999999991,0.7761,3396.72,31609.1933
000869.SZ,20100816,60.8349,62.4812,60.458,61.3308,60.8349,0.495900000000006,0.8152,5351.66,49766.8258
000869.SZ,20100813,60.3985,60.9605,59.777,60.8349,60.3522,0.48269999999999413,0.7998,2883.9,26315.6811
000869.SZ,20100812,60.1671,61.3903,59.9026,60.3522,60.7357,-0.38349999999999795,-0.6314,2345.36,21477.9318
000869.SZ,20100811,60.1671,61.4895,59.9026,60.7357,60.1671,0.5686000000000035,0.945,3660.56,33468.1965
000869.SZ,20100810,61.7407,62.1374,59.8365,60.1671,61.4895,-1.3224000000000018,-2.1506,5714.25,52449.7776
000869.SZ,20100809,61.6812,62.349,60.8349,61.4895,62.0184,-0.5289000000000001,-0.8528,7232.33,67342.555
000869.SZ,20100806,60.8349,62.6068,60.8283,62.0184,61.0928,0.9256000000000029,1.5151,3975.94,37230.8281
000869.SZ,20100805,58.329,61.82,58.2365,61.0928,59.1753,1.9174999999999969,3.2404,6122.58,56183.9519
000869.SZ,20100804,58.1836,59.3737,57.8728,59.1753,58.3026,0.8727000000000018,1.4968,3781.12,33661.6832
000869.SZ,20100803,59.8035,59.8035,58.1836,58.3026,59.4993,-1.1966999999999999,-2.0113,4388.6,38891.0884
000869.SZ,20100802,58.4414,60.1539,58.2166,59.4993,58.4811,1.0182000000000002,1.7411,6787.45,60810.1043
000869.SZ,20100730,58.0513,58.7786,58.0513,58.4811,58.448,0.033099999999997465,0.0566,2045.39,18087.8285
000869.SZ,20100729,59.3869,59.4332,57.6348,58.448,59.5059,-1.0578999999999965,-1.7778,4481.06,39664.6484
000869.SZ,20100728,58.7125,59.8696,58.1836,59.5059,58.8514,0.6544999999999987,1.1121,5484.09,49195.9225
000869.SZ,20100727,57.5819,60.0944,57.2579,58.8514,57.6084,1.242999999999995,2.1577,8067.77,71134.764
000869.SZ,20100726,56.1868,57.8199,55.9157,57.6084,56.1868,1.421600000000005,2.5301,4062.61,35086.7281
000869.SZ,20100723,56.3124,56.3323,55.2281,56.1868,56.3124,-0.1255999999999986,-0.223,5830.69,49077.1109
000869.SZ,20100722,56.5306,56.8612,56.0678,56.3124,56.2992,0.013199999999997658,0.0234,5207.57,44383.769
000869.SZ,20100721,55.9885,57.4431,55.8695,56.2992,56.0678,0.23140000000000072,0.4127,3139.22,26779.7628
000869.SZ,20100720,55.4661,56.5174,55.4661,56.0678,55.8033,0.2644999999999982,0.474,2482.22,21032.0356
000869.SZ,20100719,54.2562,56.3323,54.2562,55.8033,55.0827,0.7205999999999975,1.3082,3655.3,30781.3566
000869.SZ,20100716,54.7983,55.5918,54.1504,55.0827,55.0099,0.07280000000000086,0.1323,3371.31,27900.4559
000869.SZ,20100715,56.8612,57.3703,54.8777,55.0099,56.8546,-1.844699999999996,-3.2446,3446.37,29113.6482
000869.SZ,20100714,55.8099,57.9125,55.8099,56.8546,55.9686,0.8859999999999957,1.583,3975.48,34450.8636
000869.SZ,20100713,56.0017,56.8414,55.5587,55.9686,56.1868,-0.21819999999999595,-0.3883,3509.79,29841.34
000869.SZ,20100712,58.0844,58.0844,56.0678,56.1868,58.1836,-1.9968000000000004,-3.4319,7784.51,66805.6369
000869.SZ,20100709,57.3571,58.5671,56.5968,58.1836,57.6546,0.5289999999999964,0.9175,9001.21,78462.3798
000869.SZ,20100708,54.2231,57.9059,53.9058,57.6546,54.5603,3.094300000000004,5.6713,9344.26,79338.994
000869.SZ,20100707,54.6198,57.5224,53.5686,54.5603,54.6132,-0.05290000000000106,-0.0969,9481.53,79510.529
000869.SZ,20100706,51.4219,54.7392,51.3567,54.6154,51.3567,3.2587000000000046,6.3452,7919.27,64550.417
000869.SZ,20100705,52.2691,52.3669,50.3791,51.3567,52.1127,-0.7560000000000002,-1.4507,5826.56,45978.6626
000869.SZ,20100702,53.8333,54.8761,51.5457,52.1127,53.8985,-1.7858000000000018,-3.3133,4078.0,33246.7829
000869.SZ,20100701,52.0801,54.4199,51.5327,53.8985,52.1257,1.7727999999999966,3.401,4640.24,38050.7254
000869.SZ,20100630,50.1836,52.7123,49.5318,52.1257,50.529,1.5966999999999985,3.16,2850.02,22381.4451
000869.SZ,20100629,52.1388,52.6536,50.1901,50.529,52.1388,-1.6098,-3.0875,2117.06,16672.0507
000869.SZ,20100628,52.3082,53.2923,51.7152,52.1388,52.3082,-0.169399999999996,-0.3238,1593.7,12824.106
000869.SZ,20100625,53.4227,53.7355,51.8194,52.3082,53.7681,-1.4598999999999975,-2.7152,2439.45,19639.3839
000869.SZ,20100624,50.5225,55.7233,50.5225,53.7681,50.8418,2.9262999999999977,5.7557,3187.64,26177.7133
000869.SZ,20100623,50.6724,51.1416,50.516,50.8418,50.8092,0.03260000000000218,0.0642,1311.7,10227.1285
000869.SZ,20100622,50.3921,51.3567,50.3921,50.8092,50.6528,0.15639999999999787,0.3088,1357.51,10590.0057
000869.SZ,20100621,49.206,51.0308,48.2284,50.6528,48.8866,1.7661999999999978,3.6129,2452.89,18811.2234
000869.SZ,20100618,50.6724,51.2198,48.8801,48.8866,51.0308,-2.144199999999998,-4.2018,4006.11,30577.4365
000869.SZ,20100617,51.1416,51.4805,50.4964,51.0308,51.1416,-0.11079999999999757,-0.2167,2312.75,18085.9091
000869.SZ,20100611,52.1192,52.4581,50.8353,51.1416,52.0084,-0.8668000000000049,-1.6667,3379.5,26923.4965
000869.SZ,20100610,52.0997,52.4646,51.5653,52.0084,52.0084,0.0,0.0,1997.61,15957.1836
000869.SZ,20100609,51.4936,52.5624,50.8614,52.0084,51.8129,0.19550000000000267,0.3773,5573.25,44329.5357
000869.SZ,20100608,49.8642,51.8129,49.8642,51.8129,50.3726,1.4403000000000006,2.8593,6112.05,47828.0769
000869.SZ,20100607,49.1995,50.6984,48.6911,50.3726,49.6557,0.7168999999999954,1.4437,4893.73,37521.7639
000869.SZ,20100604,48.5738,49.6622,48.2219,49.6557,48.5738,1.0819000000000045,2.2273,3436.42,25937.8179
000869.SZ,20100603,48.5542,49.206,47.9677,48.5738,48.4956,0.07819999999999538,0.1613,2405.8,17975.973
000869.SZ,20100602,48.7498,49.5318,47.9286,48.4956,49.206,-0.7103999999999999,-1.4437,1433.73,10687.7923
000869.SZ,20100601,49.1929,49.8577,48.5673,49.206,49.5253,-0.31929999999999836,-0.6447,2794.16,21070.6021
000869.SZ,20100531,48.3913,49.7469,47.7787,49.5253,48.4239,1.1013999999999982,2.2745,7140.63,54178.2151
000869.SZ,20100528,47.2443,48.5542,47.1595,48.4239,47.0944,1.329500000000003,2.8231,4936.37,36374.0698
000869.SZ,20100527,47.1856,47.2508,46.2732,47.0944,46.9249,0.16949999999999932,0.3612,2352.39,16926.3461
000869.SZ,20100526,46.7946,47.4984,46.4752,46.9249,46.7946,0.1302999999999983,0.2785,1950.13,13969.6293
000869.SZ,20100525,47.4463,48.085,46.7294,46.7946,47.5115,-0.7168999999999954,-1.5089,2635.39,19018.9753
000869.SZ,20100524,46.4035,47.5115,46.2732,47.5115,46.2732,1.2382999999999953,2.6761,3760.74,27167.1991
000869.SZ,20100521,44.7611,46.4165,44.331,46.2732,44.9827,1.2905000000000015,2.8689,3359.59,23500.4638
000869.SZ,20100520,45.3282,46.3383,44.7611,44.9827,45.1652,-0.18249999999999744,-0.4041,3104.58,21660.3003
000869.SZ,20100519,45.3607,46.9184,44.4483,45.1652,45.5563,-0.39110000000000156,-0.8585,6126.2,42732.5398
000869.SZ,20100518,46.2666,46.6642,45.1652,45.5563,46.2145,-0.6582000000000008,-1.4242,7853.56,54819.0038
000869.SZ,20100517,47.5832,48.0003,46.195,46.2145,48.098,-1.883499999999998,-3.916,5021.36,36176.6902
000869.SZ,20100514,46.8988,49.5318,46.2862,48.098,47.2312,0.8667999999999978,1.8352,4065.93,29618.5987
000869.SZ,20100513,45.8821,47.2508,44.9697,47.2312,46.2732,0.9579999999999984,2.0703,7030.95,49846.8903
000869.SZ,20100511,47.2834,48.1893,46.2732,46.2732,46.977,-0.703799999999994,-1.4982,6283.46,45247.1666
000869.SZ,20100510,46.3383,47.5701,46.3383,46.977,47.1074,-0.13040000000000163,-0.2768,6887.2,49655.9573
000869.SZ,20100507,47.2182,47.7917,46.4035,47.1074,47.7917,-0.6843000000000004,-1.4318,5106.85,36850.9414
000869.SZ,20100506,49.4993,50.0272,47.5832,47.7917,49.408,-1.6163000000000025,-3.2713,4810.03,35648.9448
000869.SZ,20100505,47.0031,49.7143,47.0031,49.408,47.896,1.5120000000000005,3.1568,9467.7,71157.2337
000869.SZ,20100504,46.7946,49.0105,46.599,47.896,48.9453,-1.0493000000000023,-2.1438,8048.51,59328.8449
000869.SZ,20100429,49.4601,50.1966,48.5217,48.9453,48.9453,0.0,0.0,5865.28,44522.5459
000869.SZ,20100428,46.9379,49.0105,46.9314,48.9453,47.7591,1.1862000000000066,2.4837,5238.65,38992.8252
000869.SZ,20100427,48.8801,49.1864,47.2508,47.7591,49.206,-1.4469000000000065,-2.9405,5711.61,42106.4095
000869.SZ,20100426,48.2284,49.6361,48.1958,49.206,48.2414,0.9646000000000043,1.9995,11613.64,87656.8728
000869.SZ,20100423,50.1836,50.4964,47.9937,48.2414,50.516,-2.2745999999999995,-4.5027,9278.48,69967.9846
000869.SZ,20100422,50.0532,50.705,49.8577,50.516,50.1836,0.3323999999999998,0.6624,8859.39,68526.0105
000869.SZ,20100421,48.3196,50.7506,47.9286,50.1836,48.2544,1.9292000000000016,3.998,12211.44,93257.2412
000869.SZ,20100420,46.5664,48.3261,45.7583,48.2544,46.6968,1.5575999999999937,3.3356,10369.06,75448.0197
000869.SZ,20100419,48.5542,48.5542,46.4687,46.6968,47.9286,-1.2317999999999998,-2.5701,10764.85,78238.622
000869.SZ,20100416,47.0552,48.4891,47.0552,47.9286,46.6642,1.264400000000002,2.7096,11931.1,87592.5104
000869.SZ,20100415,46.7163,47.3616,46.2797,46.6642,46.6838,-0.019599999999996953,-0.042,6570.88,47330.5549
000869.SZ,20100414,46.7294,46.9249,46.1819,46.6838,46.2732,0.4105999999999952,0.8873,10394.15,74271.7333
000869.SZ,20100413,45.5367,47.1204,44.9697,46.2732,45.5497,0.7235000000000014,1.5884,14766.54,104860.8945
000869.SZ,20100412,45.7518,45.9473,44.8785,45.5497,45.6801,-0.13040000000000163,-0.2855,16537.16,114762.2039
000869.SZ,20100409,44.7155,45.9994,44.6438,45.6801,44.6438,1.0363000000000042,2.3213,18561.6,129062.9401
000869.SZ,20100408,44.0442,44.6438,43.7966,44.6438,44.0573,0.5865000000000009,1.3312,10252.77,69412.063
000869.SZ,20100407,44.0573,44.2398,43.7314,44.0573,43.9921,0.06519999999999726,0.1482,8151.67,54917.7145
000869.SZ,20100406,44.3049,44.5461,43.8031,43.9921,43.9595,0.03260000000000218,0.0742,8354.13,56477.3794
000869.SZ,20100402,44.9306,44.9371,43.9269,43.9595,44.9501,-0.9906000000000006,-2.2038,9720.96,65905.4354
000869.SZ,20100401,43.7966,44.9501,43.6988,44.9501,43.7835,1.1666000000000025,2.6645,7767.29,52918.0585
000869.SZ,20100331,44.1485,44.318,43.6011,43.7835,44.1485,-0.365000000000002,-0.8268,8480.26,56882.9072
000869.SZ,20100330,44.3766,44.7742,44.0377,44.1485,44.722,-0.5735000000000028,-1.2824,3312.27,22484.6062
000869.SZ,20100329,43.7379,44.7611,43.7314,44.722,43.7379,0.984099999999998,2.25,5893.52,40194.2693
000869.SZ,20100326,43.6662,44.1811,43.4903,43.7379,43.7705,-0.03259999999999508,-0.0745,1942.04,13071.1057
000869.SZ,20100325,44.3766,44.3831,43.6662,43.7705,44.3766,-0.606100000000005,-1.3658,6392.39,42908.9828
000869.SZ,20100324,43.8487,44.4613,43.8487,44.3766,43.8487,0.5279000000000025,1.2039,5862.99,39699.1693
000869.SZ,20100323,44.3897,44.4744,43.7705,43.8487,44.2593,-0.4106000000000023,-0.9277,6303.72,42545.2326
000869.SZ,20100322,44.5004,44.8263,44.1876,44.2593,44.5004,-0.24109999999999587,-0.5418,3931.24,26829.5447
000869.SZ,20100319,44.6438,44.8328,44.3897,44.5004,44.5265,-0.026099999999999568,-0.0586,3180.47,21752.5665
000869.SZ,20100318,44.8328,44.8915,44.3375,44.5265,44.6373,-0.11080000000000467,-0.2482,2416.32,16583.8554
000869.SZ,20100317,44.3245,44.6438,43.9986,44.6373,44.533,0.10430000000000206,0.2342,4381.22,29851.9885
000869.SZ,20100316,44.0312,45.087,43.6662,44.533,44.0312,0.5018000000000029,1.1396,8862.06,60407.0853
000869.SZ,20100315,45.1,45.2043,43.8357,44.0312,45.0935,-1.0623000000000005,-2.3558,4233.88,28963.0279
000869.SZ,20100312,45.1978,45.3282,44.7742,45.0935,45.087,0.006499999999995509,0.0144,4449.9,30735.778
000869.SZ,20100311,44.9632,45.1261,44.5787,45.087,44.9176,0.1694000000000031,0.3771,2346.59,16172.4949
000869.SZ,20100310,44.4353,45.0935,44.4353,44.9176,44.7481,0.16949999999999932,0.3788,8124.23,55923.8355
000869.SZ,20100309,44.4288,45.0479,43.7379,44.7481,44.318,0.43010000000000304,0.9705,16800.24,114808.7438
000869.SZ,20100308,45.1457,45.2239,43.7249,44.318,45.1587,-0.8407000000000053,-1.8617,6496.7,44273.1934
000869.SZ,20100305,44.7937,45.2565,44.7742,45.1587,45.2565,-0.09779999999999944,-0.2161,5831.45,40268.3628
000869.SZ,20100304,45.6214,45.6214,44.7481,45.2565,45.6214,-0.36489999999999867,-0.7998,7192.39,49873.8902
000869.SZ,20100303,45.4911,45.6214,44.9827,45.6214,45.5106,0.11080000000000467,0.2435,6910.39,47985.9021
000869.SZ,20100302,45.6931,45.8952,45.263,45.5106,45.6866,-0.17600000000000193,-0.3852,4861.2,33899.5493
000869.SZ,20100301,45.817,46.195,45.6214,45.6866,45.8821,-0.19550000000000267,-0.4261,7127.52,49939.5013
000869.SZ,20100226,46.3449,46.4035,45.8691,45.8821,46.195,-0.31289999999999907,-0.6773,8395.97,59236.4512
000869.SZ,20100225,46.5795,46.5795,45.9147,46.195,46.586,-0.39099999999999824,-0.8393,14703.39,104016.674
000869.SZ,20100224,44.9697,46.6056,44.9697,46.586,45.3347,1.2513000000000005,2.7601,7019.94,49635.5753
000869.SZ,20100223,45.1848,45.6149,45.1,45.3347,45.2304,0.10429999999999495,0.2306,7176.96,49861.6192
000869.SZ,20100222,46.3058,46.3058,45.1326,45.2304,46.3123,-1.0818999999999974,-2.3361,12604.37,88119.5747
000869.SZ,20100212,46.8011,47.0487,46.3058,46.3123,46.8662,-0.5538999999999987,-1.1819,4142.0,29595.14
000869.SZ,20100211,46.9314,46.9314,46.5013,46.8662,46.8597,0.006500000000002615,0.0139,2706.81,19446.22
000869.SZ,20100210,46.3644,46.977,46.2862,46.8597,46.3644,0.4952999999999932,1.0683,2083.5,14898.5226
000869.SZ,20100209,45.7844,46.4035,45.3086,46.3644,45.6866,0.6778000000000048,1.4836,2408.18,17074.3407
000869.SZ,20100208,45.6214,45.8691,45.3607,45.6866,45.6279,0.05870000000000175,0.1286,3888.75,27208.818
000869.SZ,20100205,45.1261,46.1298,45.1261,45.6279,46.1363,-0.5084000000000017,-1.102,6533.61,45741.5018
000869.SZ,20100204,45.9538,46.9119,45.2956,46.1363,46.221,-0.084699999999998,-0.1833,8660.98,61023.7623
000869.SZ,20100203,46.0516,47.1726,45.9473,46.221,46.5339,-0.3129000000000062,-0.6724,7091.49,50356.9815
000869.SZ,20100202,47.0422,47.3811,46.4687,46.5339,47.0944,-0.5604999999999976,-1.1902,7749.81,55578.918
000869.SZ,20100201,46.599,47.4463,46.4035,47.0944,46.7294,0.365000000000002,0.7811,7093.74,51124.4475
000869.SZ,20100129,45.9147,47.0944,45.9147,46.7294,46.208,0.5213999999999999,1.1284,7561.84,53965.664
000869.SZ,20100128,45.0023,46.6903,44.3831,46.208,45.0349,1.173099999999998,2.6049,6501.91,45741.7239
000869.SZ,20100127,44.8263,45.3607,43.8943,45.0349,45.0349,0.0,0.0,9821.77,67392.4245
000869.SZ,20100126,44.9045,45.6149,44.8915,45.0349,44.9045,0.13040000000000163,0.2904,11480.36,79688.2319
000869.SZ,20100125,45.8821,45.8821,44.4613,44.9045,45.9929,-1.0884,-2.3665,9846.98,67945.9661
000869.SZ,20100122,47.2508,47.2508,45.4911,45.9929,47.5897,-1.5968000000000018,-3.3553,14544.59,102816.9539
000869.SZ,20100121,45.654,48.4239,45.6214,47.5897,45.654,1.935699999999997,4.2399,25549.02,184821.0261
000869.SZ,20100120,48.7041,48.8801,45.5563,45.654,47.2508,-1.5967999999999947,-3.3794,19099.18,136777.3357
000869.SZ,20100107,47.3485,47.9612,46.8597,47.2508,47.3159,-0.06510000000000105,-0.1376,8808.14,64005.1497
000869.SZ,20100106,47.6939,48.0329,47.1856,47.3159,47.7135,-0.3976000000000042,-0.8333,14614.08,106863.1528
000869.SZ,20100105,48.098,48.3587,47.5115,47.7135,47.8895,-0.17599999999999483,-0.3675,15858.15,116455.6151
000869.SZ,20100104,49.8512,49.9294,47.8373,47.8895,49.5449,-1.6554000000000002,-3.3412,13072.2,97023.0333
000869.SZ,20091231,50.8288,50.8679,49.4015,49.5449,50.7962,-1.2513000000000005,-2.4634,15371.79,118402.9076
000869.SZ,20091230,50.4703,50.9331,49.7991,50.7962,50.4378,0.35839999999999606,0.7106,8432.57,65218.5881
000869.SZ,20091229,49.9033,50.5616,49.4536,50.4378,49.9229,0.5149000000000044,1.0314,15093.23,115944.5286
000869.SZ,20091228,49.206,49.9229,48.9779,49.9229,48.8866,1.0362999999999971,2.1198,12933.23,98261.4717
000869.SZ,20091225,48.2284,49.6622,48.1111,48.8866,48.3001,0.5865000000000009,1.2143,12852.93,96779.4646
000869.SZ,20091224,47.329,48.9453,47.0552,48.3001,46.9314,1.368700000000004,2.9164,12416.43,92140.4125
000869.SZ,20091223,46.195,46.9314,45.6279,46.9314,45.9277,1.003699999999995,2.1854,6181.31,44001.2886
000869.SZ,20091222,46.9249,46.9249,45.4715,45.9277,46.5404,-0.6126999999999967,-1.3165,6185.49,43911.9051
000869.SZ,20091221,45.2956,46.8597,45.2956,46.5404,45.2956,1.244799999999998,2.7482,4308.39,30683.4854
000869.SZ,20091218,46.195,46.5078,44.9697,45.2956,46.5143,-1.2186999999999983,-2.6201,4395.08,30690.1599
000869.SZ,20091217,46.9379,47.5506,46.4165,46.5143,47.1986,-0.6843000000000004,-1.4498,5686.4,41020.5268
000869.SZ,20091216,47.6353,48.0785,46.9249,47.1986,47.6353,-0.43670000000000186,-0.9168,4569.92,33186.2435
000869.SZ,20091215,47.4854,48.6129,46.9314,47.6353,47.5115,0.1238000000000028,0.2606,9095.26,67078.1114
000869.SZ,20091214,46.4361,48.2219,46.2666,47.5115,46.4361,1.0753999999999948,2.3159,14878.47,107959.5572
000869.SZ,20091211,44.9697,46.7294,44.709,46.4361,44.8328,1.6033000000000044,3.5762,23876.95,167197.1752
000869.SZ,20091210,44.331,45.1522,44.331,44.8328,44.3049,0.5278999999999954,1.1915,7633.53,52464.3649
000869.SZ,20091209,44.9632,45.1131,44.1876,44.3049,45.0153,-0.7103999999999999,-1.5781,5959.79,40838.4439
000869.SZ,20091208,45.6345,46.1298,44.7807,45.0153,45.817,-0.8016999999999967,-1.7498,4452.6,30796.496
000869.SZ,20091207,45.5563,46.7163,45.3477,45.817,45.5563,0.26069999999999993,0.5723,4761.49,33570.9968
000869.SZ,20091204,46.0776,46.6772,44.3831,45.5563,46.2732,-0.7169000000000025,-1.5493,4967.94,34781.9992
000869.SZ,20091203,46.9184,47.5115,46.1428,46.2732,47.0292,-0.7560000000000002,-1.6075,5664.72,40417.2635
000869.SZ,20091202,47.0031,47.6939,46.6772,47.0292,47.0292,0.0,0.0,3772.95,27290.8507
000869.SZ,20091201,45.8821,47.2377,44.9827,47.0292,45.7844,1.244800000000005,2.7188,8861.9,62818.893
000869.SZ,20091130,43.8487,46.599,43.8487,45.7844,43.8748,1.9095999999999975,4.3524,7036.51,49033.6376
000869.SZ,20091127,43.588,44.9697,43.4446,43.8748,44.318,-0.4431999999999974,-1.0,5922.07,40178.5724
000869.SZ,20091126,45.7844,45.7844,43.6597,44.318,45.6736,-1.3556000000000026,-2.968,7927.75,54074.2187
000869.SZ,20091125,44.7742,45.8821,44.6569,45.6736,45.0349,0.6387,1.4182,5022.94,34970.3533
000869.SZ,20091124,47.0227,47.0227,44.7872,45.0349,47.0161,-1.9812000000000012,-4.2139,8423.13,59372.3724
000869.SZ,20091123,46.5469,47.1204,46.0776,47.0161,46.4687,0.5474000000000032,1.178,3300.6,23649.1869
000869.SZ,20091120,45.4911,46.6056,44.9697,46.4687,45.7909,0.6777999999999977,1.4802,4903.97,34475.1869
000869.SZ,20091119,45.5758,45.8821,45.3151,45.7909,45.5563,0.23460000000000036,0.515,3170.79,22273.8095
000869.SZ,20091118,46.0125,46.0125,45.3086,45.5563,46.0385,-0.48219999999999885,-1.0474,6760.93,47220.161
000869.SZ,20091117,46.2406,46.599,45.2956,46.0385,46.2275,-0.18900000000000006,-0.4088,5293.33,37195.4841
000869.SZ,20091116,45.641,47.5636,45.6345,46.2275,45.8495,0.3780000000000001,0.8244,8291.33,59151.836
000869.SZ,20091113,45.6084,47.0552,45.2956,45.8495,45.6605,0.18900000000000006,0.4139,7955.07,56443.5917
000869.SZ,20091112,43.9921,47.2508,43.7966,45.6605,43.966,1.694499999999998,3.8541,14011.86,98545.863
000869.SZ,20091111,42.9298,44.0247,42.7864,43.966,43.2622,0.7038000000000011,1.6268,4514.54,30198.5083
000869.SZ,20091110,43.0145,43.5359,42.9624,43.2622,42.9428,0.3194000000000017,0.7438,5043.48,33500.6607
000869.SZ,20091109,43.4577,43.6011,42.8059,42.9428,43.4577,-0.5149000000000044,-1.1848,4533.73,29910.5136
000869.SZ,20091106,43.4446,43.7901,42.819,43.4577,43.3729,0.08480000000000132,0.1955,4770.97,31590.811
000869.SZ,20091105,43.7966,44.2398,43.1253,43.3729,43.7966,-0.42369999999999663,-0.9674,2919.12,19532.7881
000869.SZ,20091104,43.0145,43.9921,42.8255,43.7966,43.0536,0.742999999999995,1.7258,4781.21,31980.6016
000869.SZ,20091103,43.0536,43.9269,42.819,43.0536,43.3534,-0.2997999999999976,-0.6915,6034.07,40099.5199
000869.SZ,20091102,42.3497,43.588,41.7436,43.3534,42.8059,0.5474999999999994,1.279,4463.07,29319.4533
000869.SZ,20091030,41.4503,42.819,41.4503,42.8059,41.4047,1.4012000000000029,3.3842,5521.58,35808.1401
000869.SZ,20091029,41.0006,42.2454,40.6357,41.4047,41.2874,0.11730000000000018,0.2841,5007.0,31827.0099
000869.SZ,20091028,42.2845,42.3628,40.9811,41.2874,42.2845,-0.9971000000000032,-2.3581,5715.52,36318.9426
000869.SZ,20091027,41.9065,42.9624,41.4047,42.2845,41.9065,0.3780000000000001,0.902,7609.93,49381.9754
000869.SZ,20091026,40.9746,42.6821,40.7986,41.9065,40.6552,1.2513000000000005,3.0778,20282.63,130752.3359
000869.SZ,20091023,39.9188,40.7269,39.7102,40.6552,39.6841,0.9710999999999999,2.4471,6783.92,41795.6179
000869.SZ,20091022,39.3778,40.0752,39.3713,39.6841,39.43,0.2541000000000011,0.6444,4469.3,27286.9118
000869.SZ,20091021,40.0426,40.1403,39.2996,39.43,40.0361,-0.6060999999999979,-1.5139,4943.48,30020.2526
000869.SZ,20091020,39.4104,40.1078,39.3974,40.0361,39.4625,0.573599999999999,1.4535,10203.49,62269.1454
000869.SZ,20091019,40.2642,40.2642,38.7782,39.4625,40.0817,-0.6191999999999993,-1.5448,9668.28,58319.6498
000869.SZ,20091016,40.0817,40.5705,39.5342,40.0817,40.4076,-0.3259000000000043,-0.8065,5027.52,30732.307
000869.SZ,20091015,40.186,40.8573,39.834,40.4076,40.1794,0.22820000000000107,0.568,4238.98,26147.8493
000869.SZ,20091014,40.8247,41.3265,40.1469,40.1794,40.7986,-0.6191999999999993,-1.5177,4274.94,26599.0864
000869.SZ,20091013,41.7632,41.7632,40.6682,40.7986,41.7306,-0.9320000000000022,-2.2334,2803.62,17636.0873
000869.SZ,20091012,41.2548,42.1672,40.5509,41.7306,41.1245,0.606100000000005,1.4738,4237.98,26771.3148
000869.SZ,20091009,40.1794,41.3852,39.7623,41.1245,40.0817,1.0427999999999997,2.6017,5985.91,37682.1673
000869.SZ,20090930,39.0715,40.9811,38.7847,40.0817,39.1041,0.9775999999999954,2.5,7916.8,48808.8898
000869.SZ,20090929,38.3285,39.1041,37.5139,39.1041,38.4002,0.7039000000000044,1.8331,4673.88,27467.5334
000869.SZ,20090928,38.5175,39.8536,37.8071,38.4002,38.5631,-0.1629000000000005,-0.4224,8240.68,49148.2034
000869.SZ,20090925,36.4906,38.7782,36.3668,38.5631,36.3994,2.1636999999999986,5.9443,13479.78,78524.4004
000869.SZ,20090924,37.0772,37.0772,35.9953,36.3994,37.1293,-0.7299000000000007,-1.9658,3818.88,21342.0301
000869.SZ,20090923,37.8788,38.7847,36.8947,37.1293,38.0678,-0.9384999999999977,-2.4653,5579.59,32380.8635
000869.SZ,20090922,37.8658,39.0389,37.8658,38.0678,38.0613,0.006499999999995509,0.0171,8871.77,52492.5055
000869.SZ,20090921,37.1358,38.1069,36.5232,38.0613,37.1358,0.9254999999999995,2.4922,5907.91,33905.0511
000869.SZ,20090918,37.5464,37.8658,36.7318,37.1358,37.7289,-0.5930999999999997,-1.572,4687.33,26668.884
000869.SZ,20090917,37.5399,38.0743,37.39,37.7289,37.5399,0.18900000000000006,0.5035,3772.29,21772.1826
000869.SZ,20090916,37.1489,37.931,36.9273,37.5399,37.2857,0.2542000000000044,0.6818,8807.37,50447.1053
000869.SZ,20090915,36.8882,37.4747,36.8882,37.2857,36.8621,0.4236000000000004,1.1491,4877.89,27836.7813
000869.SZ,20090914,36.5037,37.3444,36.5037,36.8621,36.4971,0.3649999999999949,1.0001,7000.93,39685.6441
000869.SZ,20090911,36.5167,36.8295,36.3668,36.4971,36.5037,-0.006599999999998829,-0.0181,4888.52,27412.8643
000869.SZ,20090910,36.3668,36.7904,35.9432,36.5037,36.3212,0.18250000000000455,0.5025,4089.15,22862.9782
000869.SZ,20090909,36.9925,36.9925,36.2495,36.3212,36.9925,-0.6713000000000022,-1.8147,6434.98,36056.7576
000869.SZ,20090908,36.7839,37.7811,36.3277,36.9925,36.7969,0.19559999999999889,0.5316,10054.34,57402.8747
000869.SZ,20090907,35.4935,37.7876,35.4935,36.7969,35.4544,1.3425000000000011,3.7866,16069.97,91288.9218
000869.SZ,20090904,34.9851,35.4544,34.9656,35.4544,35.2458,0.208599999999997,0.5918,5307.61,28693.6959
000869.SZ,20090903,34.5485,35.5195,34.2161,35.2458,34.4507,0.795100000000005,2.3079,6907.23,37091.0944
000869.SZ,20090902,34.6071,35.0503,34.2161,34.4507,34.9004,-0.4497,-1.2885,2251.53,11916.3309
000869.SZ,20090901,34.2096,35.0633,34.1639,34.9004,34.5419,0.3584999999999994,1.0379,6616.65,35280.536
000869.SZ,20090831,35.3566,35.8128,33.6817,34.5419,36.0083,-1.4664000000000001,-4.0724,8802.85,46708.5201
000869.SZ,20090828,36.2234,36.256,35.4544,36.0083,36.4711,-0.46280000000000143,-1.2689,7509.01,41306.7707
000869.SZ,20090827,35.4283,36.6275,35.2328,36.4711,35.4283,1.0427999999999997,2.9434,10207.84,56681.741
000869.SZ,20090826,34.8678,35.7672,34.4246,35.4283,35.1155,0.31280000000000285,0.8908,5485.6,29738.5949
000869.SZ,20090825,34.9199,35.1806,34.0271,35.1155,35.0698,0.04569999999999652,0.1303,15129.67,80187.6923
000869.SZ,20090824,34.6723,35.2914,33.8511,35.0698,34.6723,0.39750000000000085,1.1464,14864.47,79210.0544
000869.SZ,20090821,33.8316,34.9916,33.6295,34.6723,33.799,0.8733000000000004,2.5838,8418.98,44304.8474
000869.SZ,20090820,33.4992,34.0206,33.245,33.799,33.6556,0.14339999999999975,0.4261,14627.95,75561.4428
000869.SZ,20090819,33.8902,34.2161,33.4405,33.6556,33.6295,0.026099999999999568,0.0776,19649.59,101786.0386
000869.SZ,20090818,33.434,34.1444,33.3819,33.6295,33.4992,0.1302999999999983,0.389,9106.07,47027.8493
000869.SZ,20090817,33.8902,34.3986,33.3036,33.4992,34.4116,-0.9123999999999981,-2.6514,11422.67,59015.4531
000869.SZ,20090814,35.3436,35.513,33.8967,34.4116,35.3501,-0.9384999999999977,-2.6549,12735.34,67662.7343
000869.SZ,20090813,35.5195,35.9758,35.298,35.3501,35.5847,-0.23460000000000036,-0.6593,15771.48,85883.8993
000869.SZ,20090812,36.4906,37.5204,35.3957,35.5847,36.5493,-0.9646000000000043,-2.6392,18151.69,102636.1509
000869.SZ,20090811,35.5195,37.0837,35.3892,36.5493,35.324,1.2253000000000043,3.4687,12036.82,67139.2228
000869.SZ,20090810,36.3538,36.5949,35.1937,35.324,36.1908,-0.8668000000000049,-2.3951,12755.84,69630.7452
000869.SZ,20090807,36.6992,37.1228,35.8845,36.1908,36.5623,-0.3714999999999975,-1.0161,13202.55,74175.324
000869.SZ,20090806,36.621,37.0967,36.269,36.5623,36.5623,0.0,0.0,17537.84,98772.8137
000869.SZ,20090805,35.7802,36.7644,35.5847,36.5623,35.5847,0.9776000000000025,2.7472,19744.2,109911.7693
000869.SZ,20090804,36.3603,36.3603,35.0633,35.5847,35.9823,-0.3976000000000042,-1.105,18226.99,99190.7129
000869.SZ,20090803,35.7151,36.5428,35.7151,35.9823,35.6499,0.3323999999999998,0.9324,19424.21,107960.4025
000869.SZ,20090731,35.4609,36.0083,35.2588,35.6499,35.4087,0.2411999999999992,0.6812,11662.21,63708.8671
000869.SZ,20090730,35.4544,35.8454,34.6071,35.4087,35.8454,-0.43669999999999476,-1.2183,9772.33,52863.1764
000869.SZ,20090729,37.4226,37.4226,33.8902,35.8454,37.1489,-1.3034999999999997,-3.5089,14506.07,80356.7512
000869.SZ,20090728,36.9338,37.6051,36.7644,37.1489,36.8947,0.2541999999999973,0.689,14260.89,81553.9935
000869.SZ,20090727,36.8882,36.9664,36.3212,36.8947,36.6731,0.22160000000000224,0.6043,20881.52,117576.3204
000869.SZ,20090724,36.7774,37.0511,36.269,36.6731,36.6796,-0.006500000000002615,-0.0177,7150.54,40294.9835
000869.SZ,20090723,37.4487,37.6051,36.4906,36.6796,37.4031,-0.7235000000000014,-1.9343,12298.72,69355.2681
000869.SZ,20090722,36.9729,37.8202,36.8295,37.4031,37.0185,0.38459999999999894,1.0389,6064.04,34654.1783
000869.SZ,20090721,37.4943,38.5697,36.9403,37.0185,37.5073,-0.4887999999999977,-1.3032,8593.75,50000.1609
000869.SZ,20090720,37.0055,37.6051,37.0055,37.5073,36.9468,0.5604999999999976,1.517,9971.11,57142.991
000869.SZ,20090717,36.7839,37.3965,36.7774,36.9468,36.81,0.13680000000000092,0.3716,6043.61,34364.4148
000869.SZ,20090716,37.6703,37.6703,36.81,36.81,37.7029,-0.8928999999999974,-2.3683,12936.12,73716.5645
000869.SZ,20090715,38.3546,38.4915,37.3444,37.7029,38.4915,-0.7886000000000024,-2.0488,9785.15,56793.8385
000869.SZ,20090714,37.0902,38.5566,36.8882,38.4915,37.1489,1.3426000000000045,3.6141,15732.73,90977.4165
000869.SZ,20090713,37.2597,37.6898,36.6796,37.1489,37.3248,-0.17590000000000572,-0.4713,11410.41,64976.3808
000869.SZ,20090710,36.1582,37.8006,36.1582,37.3248,36.1387,1.1861000000000033,3.2821,24214.88,138647.4458
000869.SZ,20090709,35.2458,36.1582,35.2002,36.1387,35.2458,0.8928999999999974,2.5334,11290.48,62021.6939
000869.SZ,20090708,35.1937,35.5195,34.7049,35.2458,35.4804,-0.23460000000000036,-0.6612,10915.0,58752.3415
000869.SZ,20090707,35.1872,36.1713,35.1285,35.4804,35.1806,0.29980000000000473,0.8522,16164.62,88167.8765
000869.SZ,20090706,35.9106,36.0018,34.9982,35.1806,35.9041,-0.7235000000000014,-2.0151,15243.89,82627.4942
000869.SZ,20090703,35.9236,36.1582,35.5912,35.9041,35.9106,-0.006500000000002615,-0.0181,4578.73,25215.4943
000869.SZ,20090702,36.2756,36.9468,35.487,35.9106,36.2365,-0.3258999999999972,-0.8994,14548.63,80029.8698
000869.SZ,20090701,36.3668,36.6927,35.8975,36.2365,36.6927,-0.4562000000000026,-1.2433,7999.53,44612.8884
000869.SZ,20090630,36.823,37.0772,35.9106,36.6927,36.6275,0.06520000000000437,0.178,9457.86,53199.459
000869.SZ,20090629,34.933,37.1489,34.933,36.6275,35.1285,1.4989999999999952,4.2672,15654.71,87887.6079
000869.SZ,20090626,34.8808,35.324,34.2812,35.1285,34.8678,0.26069999999999993,0.7477,17801.89,94499.1631
000869.SZ,20090625,35.1872,35.4674,34.2161,34.8678,34.9916,-0.12379999999999569,-0.3538,9596.61,51441.4068
000869.SZ,20090624,34.5094,35.1285,34.2161,34.9916,34.5094,0.48219999999999885,1.3973,5819.87,30968.1584
000869.SZ,20090623,34.933,34.9982,34.0336,34.5094,35.109,-0.5996000000000024,-1.7078,12531.71,65997.1266
000869.SZ,20090622,35.9758,36.4124,35.0503,35.109,36.1257,-1.0167000000000002,-2.8143,9994.36,54163.0733
000869.SZ,20090619,36.1061,36.2365,35.324,36.1257,36.0149,0.11080000000000467,0.3077,5678.26,31202.5399
000869.SZ,20090618,36.0409,36.8426,35.6434,36.0149,35.8975,0.1173999999999964,0.327,11373.19,63472.1206
000869.SZ,20090617,34.6723,36.2365,34.6723,35.8975,35.1937,0.7038000000000011,1.9998,14874.64,82195.3838
000869.SZ,20090616,35.0698,35.4479,34.4768,35.1937,35.5195,-0.325800000000001,-0.9172,5819.43,31288.2031
000869.SZ,20090615,33.7077,36.1452,33.623,35.5195,33.9228,1.5966999999999985,4.7069,10747.78,57494.9049
000869.SZ,20090612,34.8678,35.1611,33.6491,33.9228,34.8678,-0.9450000000000003,-2.7102,7798.53,40953.1862
000869.SZ,20090611,35.3631,35.9432,34.5419,34.8678,35.6434,-0.7755999999999972,-2.176,10409.13,56202.7973
000869.SZ,20090610,33.8902,35.9171,33.7794,35.6434,33.9032,1.7402000000000015,5.1328,25176.12,135571.3323
000869.SZ,20090609,32.9126,34.2161,32.9126,33.9032,32.9126,0.9906000000000006,3.0098,21352.96,110821.9696
000869.SZ,20090608,32.9126,33.9358,32.2609,32.9126,32.9452,-0.03260000000000218,-0.099,12111.06,61057.4589
000869.SZ,20090605,31.6743,33.5643,31.5961,32.9452,31.733,1.2121999999999993,3.82,24632.86,124577.0073
000869.SZ,20090604,32.2739,32.2739,31.4266,31.733,32.4238,-0.6907999999999994,-2.1305,14929.52,72652.4996
000869.SZ,20090603,32.3909,32.9827,32.2191,32.4227,32.3273,0.09539999999999793,0.2951,14453.98,73859.0594
000869.SZ,20090602,32.5882,32.7664,31.8182,32.3273,32.5818,-0.25450000000000017,-0.7811,16877.07,85721.1771
000869.SZ,20090601,32.6009,32.76,32.0791,32.5818,32.5882,-0.006399999999999295,-0.0196,15005.71,76276.8412
000869.SZ,20090527,31.8055,32.6645,31.5127,32.5882,31.8182,0.7699999999999996,2.42,11572.05,58252.1146
000869.SZ,20090526,30.5964,31.9773,30.5964,31.8182,31.1691,0.6491000000000007,2.0825,11117.45,54810.634
000869.SZ,20090525,30.5455,31.2327,30.5136,31.1691,30.9336,0.23550000000000182,0.7613,9168.71,44421.2909
000869.SZ,20090522,30.6155,31.2645,30.6027,30.9336,30.73,0.203599999999998,0.6625,6485.97,31577.7638
000869.SZ,20090521,31.5636,31.8182,30.5964,30.73,31.8182,-1.0882000000000005,-3.4201,10279.99,50158.2124
000869.SZ,20090520,32.5564,32.6645,31.8182,31.8182,32.4609,-0.6427000000000014,-1.9799,10135.17,51079.0433
000869.SZ,20090519,32.9636,32.9636,32.2636,32.4609,32.9636,-0.5026999999999973,-1.525,15953.35,81359.572
000869.SZ,20090518,31.9391,33.2118,31.4427,32.9636,31.8882,1.0753999999999984,3.3724,31517.57,160845.8458
000869.SZ,20090515,30.6918,32.0091,30.5773,31.8882,30.5582,1.3300000000000018,4.3524,44023.33,217366.233
000869.SZ,20090514,30.3545,30.6855,30.2782,30.5582,30.52,0.03819999999999979,0.1252,9179.72,44031.2417
000869.SZ,20090513,30.7173,30.8636,30.3864,30.52,30.7045,-0.1844999999999999,-0.6009,11508.16,55336.4903
000869.SZ,20090512,30.2273,31.0482,30.2273,30.7045,30.3418,0.36270000000000024,1.1954,9581.27,45903.9393
000869.SZ,20090511,30.8636,31.3091,30.3036,30.3418,30.7745,-0.43270000000000053,-1.406,14644.22,71116.8589
000869.SZ,20090508,31.0227,31.0545,30.3227,30.7745,31.0991,-0.3246000000000002,-1.0438,12850.35,61804.7983
000869.SZ,20090507,30.8955,31.5,30.5391,31.0991,30.8382,0.26089999999999947,0.846,15048.02,73470.6342
000869.SZ,20090506,31.1182,31.1818,30.7364,30.8382,31.1373,-0.29909999999999926,-0.9606,16656.14,81098.2716
000869.SZ,20090505,31.5064,31.6082,30.9973,31.1373,31.2709,-0.13360000000000127,-0.4272,17112.43,83670.6733
000869.SZ,20090504,30.6791,31.3473,30.6791,31.2709,30.6727,0.5982000000000021,1.9503,17231.93,84010.4378
000869.SZ,20090429,30.4755,30.8636,30.2464,30.6727,30.3609,0.3117999999999981,1.027,12913.36,62003.0995
000869.SZ,20090428,29.9091,30.4818,29.9091,30.3609,30.1955,0.16540000000000177,0.5478,8091.87,38450.9063
000869.SZ,20090427,31.0609,31.1691,29.8836,30.1955,31.1309,-0.9354000000000013,-3.0047,9789.82,46430.1621
000869.SZ,20090424,30.7045,31.9391,30.7045,31.1309,30.5455,0.5853999999999999,1.9165,14389.46,71046.6903
000869.SZ,20090423,30.2973,30.9145,30.2909,30.5455,30.5455,0.0,0.0,9257.63,44468.9205
000869.SZ,20090422,31.7927,32.2509,30.5455,30.5455,31.6591,-1.1135999999999981,-3.5175,13664.59,67376.6579
000869.SZ,20090421,32.0091,32.2827,31.1055,31.6591,32.4673,-0.8082000000000029,-2.4893,17279.46,86010.5666
000869.SZ,20090420,31.5064,32.7664,31.3409,32.4673,31.5764,0.890900000000002,2.8214,25354.33,126830.2507
000869.SZ,20090417,31.4173,31.7927,30.8764,31.5764,31.4109,0.16549999999999798,0.5269,13290.33,65680.2609
000869.SZ,20090416,31.78,31.9455,31.2455,31.4109,31.8118,-0.40090000000000003,-1.2602,10193.38,50548.0588
000869.SZ,20090415,31.1945,31.8118,30.9909,31.8118,30.9845,0.827300000000001,2.67,17558.79,86391.4846
000869.SZ,20090414,31.2964,31.4873,30.5455,30.9845,31.1818,-0.19729999999999848,-0.6327,16960.39,82814.0611
000869.SZ,20090413,31.1818,32.1364,30.9591,31.1818,30.9718,0.2099999999999973,0.678,20392.53,101228.6024
000869.SZ,20090410,30.9718,31.29,30.5455,30.9718,30.1955,0.7763000000000027,2.5709,17697.44,86102.4647
000869.SZ,20090409,29.9027,30.4118,29.6291,30.1955,29.8518,0.34369999999999834,1.1514,13599.02,64056.2404
000869.SZ,20090408,31.1245,31.1309,29.8518,29.8518,31.1818,-1.3299999999999983,-4.2653,16018.5,76472.5287
000869.SZ,20090407,30.1,31.5318,29.9155,31.1818,29.9664,1.215399999999999,4.0559,29937.18,143625.6792
000869.SZ,20090402,29.7373,30.2145,29.2727,29.9664,29.4955,0.4709000000000003,1.5965,24180.95,113249.0891
000869.SZ,20090401,29.9727,30.4818,29.4573,29.4955,29.7945,-0.2989999999999995,-1.0035,18898.38,88199.5818
000869.SZ,20090331,30.1573,30.1573,29.33,29.7945,30.1636,-0.36909999999999954,-1.2237,9377.33,43828.9541
000869.SZ,20090330,28.7636,30.4182,28.7636,30.1636,28.7,1.4635999999999996,5.0997,17957.14,83962.4492
000869.SZ,20090327,28.5091,29.26,28.4136,28.7,28.4773,0.22269999999999968,0.782,15396.62,69523.4206
000869.SZ,20090326,28.3818,28.9482,27.72,28.4773,28.5091,-0.031800000000000495,-0.1115,8926.32,39777.29
000869.SZ,20090325,28.8591,29.0818,28.5091,28.5091,28.8591,-0.3500000000000014,-1.2128,11184.57,50748.0954
000869.SZ,20090324,28.9545,29.2727,28.7891,28.8591,28.6045,0.25459999999999994,0.8901,13669.26,62301.5805
000869.SZ,20090323,28.7064,29.4636,28.5345,28.6045,28.5345,0.07000000000000028,0.2453,13833.16,63042.2812
000869.SZ,20090320,28.7636,28.9864,28.2991,28.5345,28.7636,-0.22909999999999897,-0.7965,14394.03,64637.1944
000869.SZ,20090319,28.2609,28.9482,27.5036,28.7636,28.2609,0.5027000000000008,1.7788,11589.95,51992.1524
000869.SZ,20090318,28.56,28.6109,27.9682,28.2609,28.35,-0.08910000000000196,-0.3143,12408.66,55020.6557
000869.SZ,20090317,27.6818,28.4391,27.3764,28.35,27.5227,0.827300000000001,3.0059,9671.94,42802.7193
000869.SZ,20090316,27.1409,27.6309,26.9182,27.5227,27.1409,0.3818000000000019,1.4067,10381.53,44780.2143
000869.SZ,20090313,27.5545,27.6818,26.9055,27.1409,27.4273,-0.28640000000000043,-1.0442,11988.75,51478.0757
000869.SZ,20090312,28.3182,28.3182,27.1091,27.4273,28.2291,-0.8018000000000001,-2.8403,12621.06,54406.5387
000869.SZ,20090311,28.4136,28.7,28.0,28.2291,28.1273,0.10179999999999723,0.3619,8117.24,36111.4952
000869.SZ,20090310,27.9045,28.2545,27.3,28.1273,27.9491,0.17820000000000036,0.6376,10189.27,44227.5801
000869.SZ,20090309,29.0818,29.4509,27.3827,27.9491,29.1327,-1.1835999999999984,-4.0628,9795.45,43784.7565
000869.SZ,20090306,29.96,29.96,28.56,29.1327,30.4182,-1.285499999999999,-4.2261,17063.48,77853.5346
000869.SZ,20090305,31.15,31.15,30.2145,30.4182,30.8636,-0.4454000000000029,-1.4431,11036.21,53119.1974
000869.SZ,20090304,29.8773,30.9909,29.7945,30.8636,29.7945,1.0691000000000024,3.5882,12936.6,62522.2756
000869.SZ,20090303,29.8455,29.9091,29.2727,29.7945,29.9345,-0.14000000000000057,-0.4677,4851.32,22616.3994
000869.SZ,20090302,29.9027,30.3482,29.2727,29.9345,30.3545,-0.4200000000000017,-1.3836,6810.58,31860.9493
000869.SZ,20090227,30.3545,30.3545,29.2727,30.3545,30.5455,-0.19099999999999895,-0.6253,8861.27,41456.6983
000869.SZ,20090226,31.0545,31.1818,29.9091,30.5455,31.1755,-0.629999999999999,-2.0208,4008.47,19330.459
000869.SZ,20090225,31.1945,31.5509,30.0936,31.1755,31.1818,-0.006299999999999528,-0.0202,16526.12,79215.3912
000869.SZ,20090224,31.6845,31.9773,30.5455,31.1818,32.06,-0.8782000000000032,-2.7392,14241.71,69843.7273
000869.SZ,20090223,31.7545,32.1936,31.2264,32.06,31.6273,0.43270000000000053,1.3681,5789.87,28958.0537
000869.SZ,20090220,32.1364,32.1936,31.1818,31.6273,31.8182,-0.19089999999999918,-0.6,7148.41,35460.9632
000869.SZ,20090219,30.5455,31.8691,30.5455,31.8182,30.3227,1.4954999999999998,4.9319,16906.03,82302.6266
000869.SZ,20090218,31.0545,31.7545,30.2909,30.3227,31.9391,-1.6163999999999987,-5.0609,25810.27,125537.8494
000869.SZ,20090217,33.3391,33.5236,31.8818,31.9391,33.3773,-1.4381999999999984,-4.3089,19707.57,100521.7028
000869.SZ,20090216,34.2873,34.4909,33.0145,33.3773,34.0773,-0.7000000000000028,-2.0542,9483.5,49669.8647
000869.SZ,20090213,33.7273,34.3636,33.11,34.0773,33.7273,0.3500000000000014,1.0377,5423.76,28658.5325
000869.SZ,20090212,33.2691,34.2873,32.0155,33.7273,33.4027,0.32459999999999667,0.9718,24516.85,129211.9557
000869.SZ,20090211,30.5518,33.8355,30.3545,33.4027,30.9909,2.411800000000003,7.7823,21765.62,111291.1087
000869.SZ,20090210,30.5455,31.0545,30.0745,30.9909,30.5645,0.426400000000001,1.3951,10567.98,50439.2558
000869.SZ,20090209,30.1318,30.7682,30.1318,30.5645,29.6991,0.8653999999999975,2.9139,21052.16,100918.3017
000869.SZ,20090206,27.9491,29.8327,27.9364,29.6991,28.0,1.6991000000000014,6.0682,31595.12,143583.5364
000869.SZ,20090205,28.7573,28.7573,27.8091,28.0,28.6809,-0.6809000000000012,-2.3741,14949.68,66597.962
000869.SZ,20090204,28.2545,28.7636,27.9236,28.6809,28.0636,0.6173000000000002,2.1996,12833.93,56959.9929
000869.SZ,20090203,27.3382,28.1273,26.8609,28.0636,27.2873,0.7763000000000027,2.8449,14767.61,64295.2375
000869.SZ,20090202,27.1727,27.3191,27.0455,27.2873,26.9818,0.30549999999999855,1.1322,6394.96,27327.4574
000869.SZ,20090123,27.0455,27.4082,26.67,26.9818,27.0391,-0.05730000000000146,-0.2119,12276.6,52231.024
000869.SZ,20090122,26.9373,27.3445,26.46,27.0391,26.9182,0.12090000000000245,0.4491,16162.93,68014.6032
000869.SZ,20090121,27.58,27.58,26.7336,26.9182,27.9236,-1.0054000000000016,-3.6005,14672.35,62569.5106
000869.SZ,20090120,27.9109,28.3055,27.0518,27.9236,27.8409,0.08269999999999911,0.297,8565.89,37240.0556
000869.SZ,20090119,28.63,28.8145,27.3636,27.8409,28.1845,-0.3435999999999986,-1.2191,10236.86,45239.3714
000869.SZ,20090116,27.1091,28.6364,27.1027,28.1845,27.0964,1.0881000000000007,4.0157,16589.62,72821.3383
000869.SZ,20090115,27.7582,27.7582,27.0327,27.0964,27.8091,-0.7127000000000017,-2.5628,10994.24,47084.4355
000869.SZ,20090114,28.0,28.1845,27.2427,27.8091,28.07,-0.26089999999999947,-0.9295,14951.27,64714.8869
000869.SZ,20090113,28.0,28.5091,27.6882,28.07,28.2227,-0.1526999999999994,-0.5411,5022.53,22204.533
000869.SZ,20090112,28.4136,28.7955,27.8791,28.2227,28.3818,-0.1590999999999987,-0.5606,7512.28,33710.0581
000869.SZ,20090109,28.0891,28.6109,27.6882,28.3818,28.3818,0.0,0.0,6533.04,29130.404
000869.SZ,20090108,29.2536,29.2536,28.3818,28.3818,29.4827,-1.1009000000000029,-3.7341,4002.66,18127.0516
000869.SZ,20090107,30.3545,30.3545,29.2727,29.4827,30.1509,-0.6681999999999988,-2.2162,4217.66,19810.9826
000869.SZ,20090106,30.4373,30.4373,29.6609,30.1509,30.4436,-0.29269999999999996,-0.9615,3567.06,16811.6935
000869.SZ,20090105,31.1755,31.3091,29.9027,30.4436,30.8636,-0.4200000000000017,-1.3608,2639.51,12617.032
000869.SZ,20081231,30.87,30.87,29.8455,30.8636,30.5645,0.2991000000000028,0.9786,11066.62,53192.3728
000869.SZ,20081230,30.0364,30.9273,30.0364,30.5645,30.6091,-0.04460000000000264,-0.1457,6039.12,29203.5666
000869.SZ,20081229,29.4318,30.9464,29.4318,30.6091,30.2273,0.3818000000000019,1.2631,3506.71,16602.61
000869.SZ,20081226,29.9155,30.2273,29.2727,30.2273,30.1764,0.05089999999999861,0.1687,2168.73,10159.3086
000869.SZ,20081225,30.3545,30.3545,29.1455,30.1764,30.4118,-0.2353999999999985,-0.774,1344.83,6256.857
000869.SZ,20081224,29.7818,30.4373,29.3364,30.4118,30.5391,-0.12730000000000175,-0.4168,1506.58,7050.8197
000869.SZ,20081223,31.1755,31.7545,29.9218,30.5391,31.1818,-0.6426999999999978,-2.0611,4887.06,23455.495
000869.SZ,20081222,30.24,31.3091,29.7882,31.1818,30.2273,0.9544999999999995,3.1577,3680.26,17741.9254
000869.SZ,20081219,29.2027,30.6091,29.1455,30.2273,29.3364,0.8908999999999985,3.0368,3786.21,17938.9028
000869.SZ,20081218,29.3873,29.3873,28.3245,29.3364,29.3873,-0.05089999999999861,-0.1732,3595.22,16282.8487
000869.SZ,20081217,28.63,29.5909,28.4836,29.3873,28.63,0.7573000000000008,2.6451,3414.63,15503.6561
000869.SZ,20081216,28.9927,28.9927,28.3373,28.63,28.9927,-0.36270000000000024,-1.251,2008.42,9031.9721
000869.SZ,20081215,28.6682,29.0818,28.1145,28.9927,28.56,0.43270000000000053,1.5151,1535.64,6983.1241
000869.SZ,20081212,29.5909,29.5909,28.0636,28.56,29.3809,-0.8209000000000017,-2.794,1753.65,7843.7348
000869.SZ,20081211,30.5455,30.5455,29.2791,29.3809,30.5264,-1.1454999999999984,-3.7525,2150.57,10158.073
000869.SZ,20081210,29.7373,31.15,29.0818,30.5264,29.7755,0.7508999999999979,2.5219,2128.88,10024.7488
000869.SZ,20081209,31.1755,31.9136,29.7245,29.7755,31.1818,-1.406299999999998,-4.51,3368.88,16321.7492
000869.SZ,20081208,29.9027,31.3409,29.6036,31.1818,29.5909,1.5908999999999978,5.3763,3454.2,16602.5509
000869.SZ,20081205,29.0755,29.9091,28.6364,29.5909,29.2727,0.3182000000000009,1.087,2949.13,13638.9889
000869.SZ,20081204,27.6882,29.47,27.6882,29.2727,28.2227,1.0500000000000007,3.7204,5295.53,24253.9752
000869.SZ,20081203,26.8864,28.2227,26.4091,28.2227,26.9182,1.3045000000000009,4.8462,4510.53,19749.822
000869.SZ,20081202,27.0455,27.1091,26.6636,26.9182,27.0964,-0.17820000000000036,-0.6577,3573.66,15044.7795
000869.SZ,20081201,27.37,27.4464,26.8227,27.0964,27.4336,-0.3371999999999993,-1.2291,1602.85,6831.2782
000869.SZ,20081128,27.6691,28.1145,26.9309,27.4336,28.0,-0.5664000000000016,-2.0229,1189.6,5185.7199
000869.SZ,20081127,27.6818,29.2727,27.6818,28.0,26.9755,1.0244999999999997,3.7979,4094.42,18030.5385
000869.SZ,20081126,27.0327,27.2364,26.3136,26.9755,27.0455,-0.07000000000000028,-0.2588,959.65,4055.0725
000869.SZ,20081125,27.3636,27.6818,26.2182,27.0455,27.1345,-0.08899999999999864,-0.328,1330.4,5649.6635
000869.SZ,20081124,28.1145,28.1145,27.1091,27.1345,28.0,-0.8655000000000008,-3.0911,1391.31,6036.9703
000869.SZ,20081121,28.0,28.6364,26.7909,28.0,28.3182,-0.3182000000000009,-1.1237,3605.03,15732.8101
000869.SZ,20081120,28.56,28.8145,28.0636,28.3182,28.8145,-0.49629999999999797,-1.7224,3905.66,17418.1047
000869.SZ,20081119,27.5545,28.8273,27.5545,28.8145,27.9173,0.897199999999998,3.2138,4032.5,18000.3233
000869.SZ,20081118,28.4709,28.5727,27.6818,27.9173,28.4455,-0.5281999999999982,-1.8569,11021.5,48974.9087
000869.SZ,20081117,27.3636,28.5155,27.2427,28.4455,25.9255,2.5199999999999996,9.7202,19948.52,87469.4734
000869.SZ,20081113,24.2455,26.1864,24.1182,25.9255,24.6909,1.2346000000000004,5.0002,13623.38,53752.3437
000869.SZ,20081112,24.1882,24.8564,24.1564,24.6909,24.5191,0.1717999999999975,0.7007,8172.49,31500.0896
000869.SZ,20081111,24.6909,24.8882,24.1882,24.5191,24.8182,-0.29909999999999926,-1.2052,11210.1,43412.9337
000869.SZ,20081110,24.4045,25.4545,23.2273,24.8182,24.3727,0.44550000000000267,1.8279,26133.85,99861.6364
000869.SZ,20081107,25.4609,25.7727,23.8318,24.3727,26.0909,-1.718200000000003,-6.5854,14814.05,56598.909
000869.SZ,20081106,27.37,27.86,26.0909,26.0909,27.6818,-1.5908999999999978,-5.7471,986.13,4223.4258
000869.SZ,20081105,27.8409,28.5727,27.5545,27.6818,27.7582,-0.07639999999999958,-0.2752,1149.85,5045.5389
000869.SZ,20081104,27.7136,28.3373,27.7136,27.7582,28.3182,-0.5600000000000023,-1.9775,1059.92,4686.6544
000869.SZ,20081103,27.3636,29.1709,27.3636,28.3182,28.6936,-0.37539999999999907,-1.3083,373.98,1674.8963
000869.SZ,20081031,29.2664,29.4764,28.6364,28.6936,29.2345,-0.5409000000000006,-1.8502,1649.0,7461.4993
000869.SZ,20081030,28.5155,29.4636,28.5155,29.2345,28.9736,0.26089999999999947,0.9005,1712.46,7833.9596
000869.SZ,20081029,28.6364,29.0055,28.2609,28.9736,28.2545,0.719100000000001,2.5451,1503.24,6800.7616
000869.SZ,20081028,27.9873,28.2991,27.6818,28.2545,28.0,0.25450000000000017,0.9089,2242.58,9881.5591
000869.SZ,20081027,28.5091,28.63,28.0,28.0,28.7,-0.6999999999999993,-2.439,3245.94,14341.4248
000869.SZ,20081024,28.7,29.26,28.6427,28.7,29.1455,-0.4454999999999991,-1.5285,691.07,3145.4237
000869.SZ,20081023,28.9545,29.2727,27.8727,29.1455,29.2727,-0.12720000000000198,-0.4345,678.58,3075.7992
000869.SZ,20081022,28.4964,29.2727,28.4964,29.2727,28.7509,0.5217999999999989,1.8149,903.48,4114.9838
000869.SZ,20081021,28.9545,29.26,28.3691,28.7509,28.9545,-0.203599999999998,-0.7032,796.9,3603.893
000869.SZ,20081020,27.4973,29.2027,27.4973,28.9545,28.4009,0.5535999999999994,1.9492,536.59,2418.1792
000869.SZ,20081017,27.37,28.5536,27.2364,28.4009,28.3818,0.01910000000000167,0.0673,2118.81,9338.3194
000869.SZ,20081016,28.2545,28.5727,27.37,28.3818,28.9736,-0.5918000000000028,-2.0425,1181.29,5239.5779
000869.SZ,20081015,28.6364,29.19,28.63,28.9736,28.9545,0.01910000000000167,0.066,1066.03,4820.0116
000869.SZ,20081014,30.1,31.0545,28.9545,28.9545,29.6227,-0.6681999999999988,-2.2557,932.69,4373.4834
000869.SZ,20081013,30.2082,30.2273,28.0,29.6227,30.5136,-0.890900000000002,-2.9197,4808.38,21882.8074
000869.SZ,20081010,30.4755,31.6909,29.9091,30.5136,31.85,-1.3364000000000011,-4.1959,3816.84,18306.4846
000869.SZ,20081009,31.9327,32.1364,31.6909,31.85,31.85,0.0,0.0,2265.35,11317.4668
000869.SZ,20081008,31.8118,32.6136,31.3855,31.85,31.85,0.0,0.0,7904.65,39484.2597
000869.SZ,20081007,31.8245,32.5055,30.5582,31.85,32.5055,-0.6554999999999964,-2.0166,1259.38,6315.4314
000869.SZ,20081006,29.9091,33.6509,29.9091,32.5055,32.1873,0.3181999999999974,0.9886,3327.93,16547.5163
000869.SZ,20080925,31.5636,33.1545,31.5636,32.1873,31.5,0.6873000000000005,2.1819,3026.83,15470.4202
000869.SZ,20080924,30.6091,31.7673,29.2791,31.5,31.3282,0.17180000000000106,0.5484,11964.4,58486.5615
000869.SZ,20080923,34.16,34.16,31.3282,31.3282,34.8091,-3.480900000000002,-10.0,9191.24,46415.3484
000869.SZ,20080922,36.2536,38.2455,34.5545,34.8091,35.84,-1.0309000000000026,-2.8764,17452.37,98270.3678
000869.SZ,20080919,35.1145,35.84,34.6818,35.84,32.5818,3.258200000000002,10.0001,24643.93,138308.5776
000869.SZ,20080918,34.7773,34.8091,32.5245,32.5818,34.8727,-2.2909000000000006,-6.5693,5111.0,26791.8275
000869.SZ,20080917,36.1391,36.7564,34.7518,34.8727,35.7318,-0.859099999999998,-2.4043,3470.6,19545.2484
000869.SZ,20080916,35.3691,35.9545,34.6882,35.7318,35.4582,0.27360000000000184,0.7716,2285.03,12794.2415
000869.SZ,20080912,35.56,36.1455,34.6945,35.4582,35.0509,0.40729999999999933,1.162,1520.59,8475.8527
000869.SZ,20080911,35.5982,36.2727,34.8218,35.0509,35.6364,-0.5855000000000032,-1.643,939.91,5230.4647
000869.SZ,20080910,35.5727,35.7382,34.4082,35.6364,34.4018,1.2346000000000004,3.5888,3627.94,20247.8317
000869.SZ,20080909,35.3882,36.4,34.3636,34.4018,35.3373,-0.9354999999999976,-2.6473,3675.16,20575.3551
000869.SZ,20080908,36.7627,36.7818,35.3245,35.3373,36.4064,-1.0690999999999988,-2.9366,1550.9,8781.4123
000869.SZ,20080905,35.6364,36.9727,34.9873,36.4064,35.98,0.426400000000001,1.1851,2426.88,13874.9983
000869.SZ,20080904,34.2936,36.1773,34.2936,35.98,34.4209,1.5590999999999937,4.5295,3857.44,21608.127
000869.SZ,20080903,36.9027,36.9027,33.5427,34.4209,36.9091,-2.488199999999999,-6.7414,20033.03,108305.485
000869.SZ,20080902,38.1882,38.2518,36.9091,36.9091,38.8182,-1.9090999999999951,-4.9181,10403.4,61621.1804
000869.SZ,20080901,40.0909,40.0909,38.6145,38.8182,40.0909,-1.2727000000000004,-3.1745,1467.87,8982.1357
000869.SZ,20080829,39.6645,40.25,39.4545,40.0909,39.6645,0.426400000000001,1.075,1976.69,12449.5258
000869.SZ,20080828,39.7982,39.9955,38.8945,39.6645,40.25,-0.5855000000000032,-1.4547,3752.26,23324.5864
000869.SZ,20080827,41.0455,41.6818,39.8427,40.25,41.1091,-0.859099999999998,-2.0898,896.1,5761.5023
000869.SZ,20080826,41.0582,41.93,40.6636,41.1091,41.8855,-0.7764000000000024,-1.8536,1059.9,6825.959
000869.SZ,20080825,41.5545,42.3182,41.5545,41.8855,42.0,-0.1144999999999996,-0.2726,304.02,2000.7367
000869.SZ,20080822,42.63,42.6364,41.58,42.0,42.4136,-0.4136000000000024,-0.9752,1120.48,7403.5412
000869.SZ,20080821,43.8964,43.8964,41.6818,42.4136,44.4182,-2.0045999999999964,-4.513,1733.46,11630.0237
000869.SZ,20080820,42.6364,45.9009,42.6364,44.4182,43.5209,0.8973000000000013,2.0618,4819.27,33648.9651
000869.SZ,20080819,41.37,43.9727,41.37,43.5209,42.3245,1.196399999999997,2.8267,484.33,3298.6319
000869.SZ,20080818,44.0936,44.3482,42.3245,42.3245,43.9091,-1.5846000000000018,-3.6088,453.88,3094.7609
000869.SZ,20080815,44.2273,44.5391,43.6291,43.9091,44.2464,-0.33729999999999905,-0.7623,1138.01,7879.5076
000869.SZ,20080814,43.9091,45.1818,43.9091,44.2464,44.5136,-0.26719999999999544,-0.6003,2564.74,17857.9235
000869.SZ,20080813,42.3373,44.5455,42.0,44.5136,43.4955,1.018099999999997,2.3407,2167.09,14673.8096
000869.SZ,20080812,43.1773,43.4955,41.8091,43.4955,41.8727,1.622799999999998,3.8756,1193.72,8062.8254
000869.SZ,20080811,43.0818,43.0818,41.3636,41.8727,43.6864,-1.8136999999999972,-4.1516,3135.92,20539.7784
000869.SZ,20080808,44.7555,44.7555,43.0818,43.6864,44.8573,-1.1709000000000032,-2.6103,4952.0,34179.2295
000869.SZ,20080807,46.7027,46.8045,44.5455,44.8573,46.4482,-1.5908999999999978,-3.4251,938.14,6635.6567
000869.SZ,20080806,45.7482,46.4864,45.3218,46.4482,45.8055,0.6426999999999978,1.4031,910.75,6572.7098
000869.SZ,20080805,44.9336,46.76,44.59,45.8055,45.6336,0.17190000000000083,0.3767,655.65,4745.9993
000869.SZ,20080804,45.1818,46.9,45.1818,45.6336,46.6455,-1.0118999999999971,-2.1693,943.73,6893.568
000869.SZ,20080801,45.2773,46.8618,45.2773,46.6455,45.2136,1.4318999999999988,3.167,918.84,6691.952
000869.SZ,20080731,45.2518,45.9773,44.8,45.2136,45.5636,-0.3500000000000014,-0.7682,718.45,5132.8058
000869.SZ,20080730,46.2573,46.2573,45.5573,45.5636,45.6145,-0.05089999999999861,-0.1116,302.27,2170.8552
000869.SZ,20080729,46.1682,46.2636,45.3091,45.6145,46.4418,-0.827300000000001,-1.7814,345.39,2478.469
000869.SZ,20080728,46.8745,47.0909,46.1491,46.4418,46.4418,0.0,0.0,672.57,4922.1108
000869.SZ,20080725,47.0082,47.0082,46.0155,46.4418,46.4482,-0.006399999999999295,-0.0138,613.02,4470.2119
000869.SZ,20080724,46.3909,46.5818,46.1364,46.4482,46.3273,0.1208999999999989,0.261,1531.1,11174.1348
000869.SZ,20080723,46.3909,47.25,46.3273,46.3273,46.8682,-0.5409000000000006,-1.1541,1381.58,10078.8463
000869.SZ,20080722,47.8227,47.8227,46.4736,46.8682,47.1864,-0.3181999999999974,-0.6743,270.8,1994.8321
000869.SZ,20080721,45.3155,47.2818,45.3155,47.1864,45.8182,1.3682000000000016,2.9861,1354.4,10002.3165
000869.SZ,20080718,45.8309,46.7727,45.22,45.8182,45.7227,0.09549999999999415,0.2089,397.4,2869.6073
000869.SZ,20080717,45.0545,47.0909,44.6282,45.7227,45.1818,0.5409000000000006,1.1972,1955.73,14112.5162
000869.SZ,20080716,43.6036,45.1818,43.6036,45.1818,44.7364,0.44539999999999935,0.9956,1572.02,10974.1874
000869.SZ,20080715,44.8064,45.6082,44.1382,44.7364,45.2518,-0.5153999999999996,-1.139,1086.61,7604.3713
000869.SZ,20080714,44.8,45.5,43.9155,45.2518,44.8509,0.40090000000000003,0.8939,1000.59,7083.5131
000869.SZ,20080711,43.5655,44.8636,43.5655,44.8509,43.9918,0.8591000000000051,1.9529,825.04,5763.9822
000869.SZ,20080710,44.5455,45.1755,43.9855,43.9918,44.5455,-0.5536999999999992,-1.243,2491.71,17537.017
000869.SZ,20080709,44.5455,45.8182,44.38,44.5455,44.38,0.16549999999999443,0.3729,2275.81,16049.2428
000869.SZ,20080708,45.2455,45.4682,43.9091,44.38,45.1818,-0.8018000000000001,-1.7746,2442.76,17142.3305
000869.SZ,20080707,43.9091,45.1818,43.3555,45.1818,44.0236,1.1582000000000008,2.6309,1437.72,10067.401
000869.SZ,20080704,43.9091,45.0482,43.9091,44.0236,44.2209,-0.19729999999999848,-0.4462,786.3,5465.5532
000869.SZ,20080703,43.1455,44.2909,42.3945,44.2209,43.2727,0.9481999999999999,2.1912,2159.34,14815.0071
000869.SZ,20080702,42.6364,43.7818,42.0,43.2727,42.9164,0.3562999999999974,0.8302,3621.66,24568.9993
000869.SZ,20080701,42.6364,43.4636,41.4145,42.9164,42.0,0.916400000000003,2.1819,1594.19,10720.4237
000869.SZ,20080630,40.0973,43.4,40.0973,42.0,41.1536,0.8464000000000027,2.0567,2389.04,15911.7366
000869.SZ,20080627,41.9936,42.1018,40.8991,41.1536,42.5982,-1.4446000000000012,-3.3912,3546.55,23041.3476
000869.SZ,20080626,42.6364,43.26,42.0064,42.5982,42.6364,-0.03820000000000334,-0.0896,2788.68,18770.5847
000869.SZ,20080625,40.0909,43.1136,39.8173,42.6364,40.7209,1.9155000000000015,4.704,4074.69,27339.2174
000869.SZ,20080624,40.4027,41.23,40.4027,40.7209,40.4027,0.3181999999999974,0.7876,2133.89,13716.0189
000869.SZ,20080623,40.0973,41.3509,40.0973,40.4027,42.0,-1.597299999999997,-3.8031,3962.32,25420.6552
000869.SZ,20080620,40.2182,43.9664,38.1882,42.0,41.3636,0.6364000000000019,1.5386,6128.63,40122.5503
000869.SZ,20080619,44.7873,44.7873,40.9118,41.3636,44.8,-3.436399999999999,-7.6705,12786.91,85318.1546
000869.SZ,20080618,44.8,45.5,43.2727,44.8,45.1818,-0.38180000000000547,-0.845,5723.32,39806.2661
000869.SZ,20080617,45.8182,46.1364,44.2273,45.1818,46.2,-1.0182000000000002,-2.2039,1600.43,11443.4954
000869.SZ,20080616,44.9845,46.5818,44.9845,46.2,46.1809,0.01910000000000167,0.0414,1522.36,11010.6619
000869.SZ,20080613,45.1818,47.0909,44.6918,46.1809,45.8182,0.3627000000000038,0.7916,1680.99,12202.492
000869.SZ,20080612,45.8182,46.5691,44.5455,45.8182,46.7664,-0.9481999999999999,-2.0275,2136.73,15133.2925
000869.SZ,20080611,48.3636,48.3636,45.8182,46.7664,48.2109,-1.444500000000005,-2.9962,2862.54,21195.0467
000869.SZ,20080610,47.7464,48.8473,47.7464,48.2109,49.2864,-1.0754999999999981,-2.1821,2552.99,19252.9224
000869.SZ,20080606,48.9873,49.8909,48.6373,49.2864,49.6364,-0.3500000000000014,-0.7051,399.12,3077.1089
000869.SZ,20080605,48.5227,50.1455,48.5227,49.6364,49.5727,0.06370000000000431,0.1285,306.9,2377.2736
000869.SZ,20080604,49.4455,49.9545,48.3573,49.5727,49.63,-0.057300000000005014,-0.1155,483.82,3704.7927
000869.SZ,20080603,49.2736,49.63,48.3636,49.63,49.6427,-0.01269999999999527,-0.0256,460.24,3540.3549
000869.SZ,20080602,49.6427,50.0818,48.8727,49.6427,50.0818,-0.4391000000000034,-0.8768,843.54,6561.35
000869.SZ,20080530,50.5209,51.1636,49.7573,50.0818,50.19,-0.10819999999999652,-0.2156,577.24,4557.3535
000869.SZ,20080529,49.6618,51.2273,49.3373,50.19,50.0309,0.15909999999999513,0.318,862.9,6851.0086
000869.SZ,20080528,49.2355,50.2536,48.6882,50.0309,49.3182,0.7127000000000052,1.4451,1223.44,9518.302
000869.SZ,20080527,49.1082,49.3182,48.1091,49.3182,48.5864,0.7317999999999998,1.5062,784.99,5978.6969
000869.SZ,20080526,48.37,49.6364,48.0518,48.5864,50.0182,-1.4318000000000026,-2.8626,822.84,6268.5967
000869.SZ,20080523,50.0436,51.1955,49.3309,50.0182,50.7182,-0.7000000000000028,-1.3802,4733.51,37269.5878
000869.SZ,20080522,51.31,51.4182,50.5909,50.7182,51.8636,-1.145399999999995,-2.2085,879.31,7012.6875
000869.SZ,20080521,50.3682,51.9273,49.6427,51.8636,50.2727,1.5908999999999978,3.1645,3058.59,24213.8542
000869.SZ,20080520,51.7364,52.6718,49.0191,50.2727,52.1055,-1.8327999999999989,-3.5175,1620.21,13043.5586
000869.SZ,20080519,53.4545,53.4545,51.5455,52.1055,52.2455,-0.14000000000000057,-0.268,1160.0,9508.993
000869.SZ,20080516,52.5,52.5,51.6155,52.2455,52.6782,-0.432699999999997,-0.8214,2223.57,18088.3818
000869.SZ,20080515,51.8116,54.6377,51.058,52.6783,51.7488,0.9294999999999973,1.7962,3655.76,30552.8902
000869.SZ,20080514,50.8758,51.8744,50.8758,51.7488,51.8116,-0.06279999999999575,-0.1212,3681.23,30158.8771
000869.SZ,20080513,50.6184,52.5024,50.3043,51.8116,51.8744,-0.06280000000000285,-0.1211,1360.58,11087.8574
000869.SZ,20080512,51.171,52.1256,50.2415,51.8744,50.8068,1.0675999999999988,2.1013,1993.0,16347.7
000869.SZ,20080509,49.6072,51.2275,49.2995,50.8068,49.1739,1.6328999999999994,3.3207,2975.11,24006.5656
000869.SZ,20080508,47.8551,49.3498,47.7357,49.1739,48.9855,0.18840000000000146,0.3846,1652.03,12824.6616
000869.SZ,20080507,50.2101,50.2353,48.8599,48.9855,50.1473,-1.1617999999999995,-2.3168,2544.42,19987.2291
000869.SZ,20080506,50.7942,50.9952,49.7329,50.1473,51.1961,-1.0488,-2.0486,2302.2,18426.311
000869.SZ,20080505,50.6812,51.3092,50.342,51.1961,50.7126,0.4834999999999994,0.9534,2627.66,21275.346
000869.SZ,20080430,50.2039,51.1836,49.6135,50.7126,49.5256,1.1870000000000047,2.3967,4351.83,34937.9689
000869.SZ,20080429,50.5493,50.8507,49.0609,49.5256,49.8585,-0.3329000000000022,-0.6677,1363.26,10902.9242
000869.SZ,20080428,48.7845,51.1836,48.3638,49.8585,49.7454,0.11310000000000286,0.2274,1989.63,15731.3443
000869.SZ,20080425,50.2415,51.2966,48.6778,49.7454,51.4976,-1.752200000000002,-3.4025,7424.83,59357.043
000869.SZ,20080424,52.4396,53.7459,49.4502,51.4976,48.8599,2.6376999999999953,5.3985,16487.69,135740.0073
000869.SZ,20080423,46.4797,49.3623,46.4734,48.8599,46.8063,2.053600000000003,4.3874,4877.73,37889.3769
000869.SZ,20080422,46.3541,48.3386,46.3541,46.8063,48.6715,-1.8652000000000015,-3.8322,3602.14,27240.0606
000869.SZ,20080421,48.3575,50.2415,46.4106,48.6715,46.1594,2.5121000000000038,5.4422,5680.56,43465.9792
000869.SZ,20080418,47.6039,47.7295,43.9614,46.1594,47.8551,-1.6957000000000022,-3.5434,7021.3,51903.6752
000869.SZ,20080416,48.2947,48.9855,47.0261,47.8551,47.6667,0.18840000000000146,0.3952,4479.98,34387.314
000869.SZ,20080415,45.2237,47.8048,44.6082,47.6667,45.2237,2.442999999999998,5.402,6798.13,50182.8216
000869.SZ,20080414,44.7778,47.1014,44.5894,45.2237,45.8454,-0.621699999999997,-1.3561,6399.5,46862.5752
000869.SZ,20080411,45.9585,46.7874,45.387,45.8454,45.5314,0.31400000000000006,0.6896,1523.57,11090.1862
000869.SZ,20080410,46.3729,46.4797,44.2,45.5314,46.599,-1.0675999999999988,-2.291,2083.1,15117.5685
000869.SZ,20080409,45.2237,47.7609,45.2237,46.599,46.3478,0.2511999999999972,0.542,3127.73,23439.4308
000869.SZ,20080408,44.8971,46.4106,43.7667,46.3478,44.8971,1.4506999999999977,3.2312,2093.52,15333.3459
000869.SZ,20080407,41.4493,45.5251,41.4493,44.8971,42.9,1.9971000000000032,4.6552,2051.11,14488.5508
000869.SZ,20080403,41.4493,43.3647,41.4493,42.9,41.4807,1.4192999999999998,3.4216,1076.4,7211.6935
000869.SZ,20080402,41.4807,42.7681,40.1932,41.4807,42.0647,-0.5840000000000032,-1.3883,7895.8,52127.2082
000869.SZ,20080401,44.5894,45.4686,40.7899,42.0647,44.828,-2.763300000000001,-6.1642,13988.97,94301.5865
000869.SZ,20080331,45.2174,47.1517,43.5406,44.828,47.4217,-2.5936999999999983,-5.4694,4694.91,34005.1737
000869.SZ,20080328,45.7198,47.7295,45.7198,47.4217,46.4797,0.9420000000000002,2.0267,2607.96,19488.9362
000869.SZ,20080327,48.4831,48.4831,46.0338,46.4797,48.3575,-1.8778000000000006,-3.8832,1537.37,11510.9572
000869.SZ,20080326,48.414,49.1928,47.7357,48.3575,48.3575,0.0,0.0,4051.5,31176.0111
000869.SZ,20080325,46.4671,48.6715,44.5957,48.3575,45.9773,2.380200000000002,5.1769,3249.82,24161.7936
000869.SZ,20080324,48.6652,48.6652,45.5942,45.9773,48.0435,-2.066200000000002,-4.3007,2201.87,16322.8771
000869.SZ,20080321,46.9758,48.3512,45.8454,48.0435,46.3541,1.6893999999999991,3.6446,3866.09,28727.5636
000869.SZ,20080320,46.4734,46.9758,43.3333,46.3541,46.4734,-0.11929999999999552,-0.2567,2914.24,20969.3481
000869.SZ,20080319,45.2802,47.4155,44.6836,46.4734,44.6522,1.8211999999999975,4.0786,1679.03,12343.6679
000869.SZ,20080318,45.8454,46.8502,44.6019,44.6522,45.8454,-1.1931999999999974,-2.6027,10407.86,75633.122
000869.SZ,20080317,49.2995,50.8696,45.2174,45.8454,50.1159,-4.2705000000000055,-8.5212,5058.45,39223.3461
000869.SZ,20080314,49.8019,50.2353,48.6715,50.1159,49.8019,0.31400000000000006,0.6305,3885.69,30569.4132
000869.SZ,20080313,49.1614,51.1208,48.9164,49.8019,50.7691,-0.9671999999999983,-1.9051,5500.32,43107.7095
000869.SZ,20080312,51.8807,54.5498,50.1159,50.7691,51.6169,-0.8477999999999994,-1.6425,2643.1,21809.9321
000869.SZ,20080311,52.4396,52.4396,50.9072,51.6169,52.4899,-0.8729999999999976,-1.6632,4021.44,32903.8827
000869.SZ,20080310,54.3865,54.6251,52.1256,52.4899,54.3237,-1.8338000000000036,-3.3757,2169.5,18370.9748
000869.SZ,20080307,54.6377,56.5092,54.2546,54.3237,55.385,-1.0612999999999957,-1.9162,1223.71,10653.3017
000869.SZ,20080306,55.2343,55.385,53.6957,55.385,55.2029,0.18209999999999837,0.3299,2356.94,20493.1984
000869.SZ,20080305,55.2657,56.5029,54.3551,55.2029,56.3019,-1.0990000000000038,-1.952,3727.71,32564.8766
000869.SZ,20080304,56.7981,58.4058,55.5232,56.3019,56.8986,-0.5966999999999985,-1.0487,4128.55,37277.8671
000869.SZ,20080303,54.0097,57.1498,52.628,56.8986,54.1981,2.7005000000000052,4.9826,6163.16,55119.3659
000869.SZ,20080229,52.7536,54.2295,52.1319,54.1981,53.1932,1.0048999999999992,1.8892,2248.15,19210.5973
000869.SZ,20080228,52.8792,53.57,52.4961,53.1932,53.2498,-0.05660000000000309,-0.1063,1967.31,16534.8387
000869.SZ,20080227,51.8618,53.5072,51.7488,53.2498,53.0551,0.19469999999999743,0.367,5892.64,49562.503
000869.SZ,20080226,54.6377,55.5797,51.4976,53.0551,54.6063,-1.5511999999999944,-2.8407,7259.05,60635.3154
000869.SZ,20080225,56.5217,57.0242,52.7913,54.6063,56.5217,-1.9154000000000053,-3.3888,5923.87,51615.3884
000869.SZ,20080222,57.6522,57.6585,54.8889,56.5217,56.8169,-0.29519999999999413,-0.5196,6414.27,57164.6018
000869.SZ,20080221,54.0159,57.7778,54.0159,56.8169,54.0097,2.8071999999999946,5.1976,8689.76,77696.272
000869.SZ,20080220,53.928,54.6063,53.1932,54.0097,53.0676,0.9421000000000035,1.7753,15133.85,130074.0352
000869.SZ,20080219,53.3565,53.3879,52.6343,53.0676,53.3879,-0.32030000000000314,-0.5999,10494.15,88300.443
000869.SZ,20080218,52.5715,54.1981,52.5715,53.3879,53.2686,0.11930000000000263,0.224,5778.48,49096.3855
000869.SZ,20080215,54.5749,54.7005,52.785,53.2686,54.6188,-1.350200000000001,-2.472,2612.64,22274.439
000869.SZ,20080214,54.3551,55.2657,54.1039,54.6188,54.0787,0.5401000000000025,0.9987,1212.82,10538.0669
000869.SZ,20080213,53.4005,55.2657,53.4005,54.0787,54.9643,-0.8856000000000037,-1.6112,1578.09,13656.238
000869.SZ,20080205,57.4638,57.4638,54.9014,54.9643,57.2754,-2.311099999999996,-4.0351,5092.78,45198.3727
000869.SZ,20080204,55.8874,57.6522,54.9517,57.2754,53.3754,3.8999999999999986,7.3067,3797.5,34090.2079
000869.SZ,20080201,53.0676,56.7667,52.7599,53.3754,53.4444,-0.06900000000000261,-0.1291,14898.38,127773.5475
000869.SZ,20080131,55.2657,55.5797,53.4444,53.4444,55.4855,-2.0411,-3.6786,5264.7,45671.7007
000869.SZ,20080130,58.4058,59.0087,54.713,55.4855,57.8469,-2.361399999999996,-4.0822,8168.91,73386.1836
000869.SZ,20080129,58.0918,60.5913,56.842,57.8469,59.3478,-1.5009000000000015,-2.529,7290.74,68445.8785
000869.SZ,20080128,60.6667,60.6667,56.5217,59.3478,60.6667,-1.3188999999999993,-2.174,13045.29,121865.686
000869.SZ,20080125,58.3367,61.8599,57.7778,60.6667,59.6618,1.0048999999999992,1.6843,6440.01,61062.4692
000869.SZ,20080124,60.4469,62.9275,59.0338,59.6618,59.4295,0.23230000000000217,0.3909,14504.04,141556.4935
000869.SZ,20080123,56.5217,59.4295,55.8184,59.4295,54.0285,5.400999999999996,9.9966,17668.88,164519.0757
000869.SZ,20080122,55.2406,59.3478,51.058,54.0285,56.6536,-2.625099999999996,-4.6336,23828.93,212191.702
000869.SZ,20080121,56.2705,58.4686,56.2391,56.6536,56.2077,0.44589999999999463,0.7933,18654.32,170720.5928
000869.SZ,20080118,53.57,56.5217,52.7599,56.2077,52.4396,3.768100000000004,7.1856,22113.68,192716.4611
000869.SZ,20080117,50.2541,52.6594,49.6135,52.4396,50.744,1.6955999999999989,3.3415,17056.67,138758.8354
000869.SZ,20080116,51.3531,51.3531,50.2415,50.744,51.1459,-0.4018999999999977,-0.7858,6952.49,56157.6758
000869.SZ,20080115,51.372,51.4348,50.5618,51.1459,50.9889,0.15699999999999648,0.3079,6951.01,56341.1711
000869.SZ,20080114,50.744,51.4913,50.1599,50.9889,50.5493,0.43959999999999866,0.8696,12113.21,97731.8787
000869.SZ,20080111,49.4879,50.8444,48.9855,50.5493,50.1787,0.37060000000000315,0.7386,6521.06,51562.824
000869.SZ,20080110,51.372,51.4913,49.9903,50.1787,50.8696,-0.6908999999999992,-1.3582,5517.83,44431.3136
000869.SZ,20080109,50.229,51.1836,49.6135,50.8696,50.2415,0.6280999999999963,1.2502,5386.82,43557.2073
000869.SZ,20080108,49.7894,50.857,49.2116,50.2415,49.8019,0.43959999999999866,0.8827,12882.34,102834.578
000869.SZ,20080107,51.529,51.8116,49.6135,49.8019,50.9324,-1.1304999999999978,-2.2196,15163.89,121137.3382
000869.SZ,20080104,51.2464,52.0628,50.4928,50.9324,51.2464,-0.31400000000000006,-0.6127,5377.65,43582.8888
000869.SZ,20080103,53.3565,53.3565,50.5556,51.2464,52.9986,-1.752200000000002,-3.3061,9384.71,76587.84
000869.SZ,20080102,53.3816,54.0097,52.5903,52.9986,53.7585,-0.7598999999999947,-1.4135,2428.08,20567.7149
000869.SZ,20071228,52.5024,54.0097,52.1256,53.7585,52.4585,1.2999999999999972,2.4781,4617.01,39135.7386
000869.SZ,20071227,53.0676,53.3816,52.1821,52.4585,53.0676,-0.609099999999998,-1.1478,7766.54,64959.2064
000869.SZ,20071226,53.4444,53.5072,52.1444,53.0676,53.1807,-0.11310000000000286,-0.2127,2449.76,20655.2121
000869.SZ,20071225,51.3092,53.4947,50.8696,53.1807,51.4787,1.7019999999999982,3.3062,8924.72,75106.2955
000869.SZ,20071224,50.8696,52.1884,50.1473,51.4787,50.0783,1.4004000000000048,2.7964,4033.51,33154.8605
000869.SZ,20071221,49.3058,51.7425,49.3058,50.0783,49.6135,0.46479999999999677,0.9368,1890.12,15199.5214
000869.SZ,20071220,48.3575,50.43,48.3575,49.6135,48.3575,1.2560000000000002,2.5973,2839.87,22579.5727
000869.SZ,20071219,48.9855,48.9855,47.7295,48.3575,48.3638,-0.0062999999999959755,-0.013,3840.06,29527.88
000869.SZ,20071218,50.229,50.2415,48.2821,48.3638,50.3671,-2.003300000000003,-3.9774,3226.65,25034.3306
000869.SZ,20071217,50.3546,52.5652,49.9275,50.3671,50.3546,0.012500000000002842,0.0248,6349.97,51545.7628
000869.SZ,20071214,47.7295,50.5556,47.3401,50.3546,48.3575,1.997099999999996,4.1299,6252.01,49173.1173
000869.SZ,20071213,50.8068,50.8068,48.3575,48.3575,50.4362,-2.0786999999999978,-4.1214,4151.37,32573.8621
000869.SZ,20071212,49.7077,50.9952,49.1111,50.4362,49.7391,0.6970999999999989,1.4015,8879.63,71039.1211
000869.SZ,20071211,48.5145,49.8522,48.3575,49.7391,48.5333,1.2058000000000035,2.4845,5865.55,46157.3921
000869.SZ,20071210,47.0952,48.6589,46.5362,48.5333,47.1014,1.4318999999999988,3.04,6292.55,47883.3196
000869.SZ,20071207,46.1531,47.2773,45.4372,47.1014,45.8643,1.237099999999998,2.6973,3838.67,28533.2774
000869.SZ,20071206,46.0213,46.0213,45.2174,45.8643,45.544,0.32030000000000314,0.7033,2523.06,18406.2797
000869.SZ,20071205,44.7024,45.8391,44.0053,45.544,44.5014,1.0426000000000002,2.3428,2995.72,21478.8382
000869.SZ,20071204,44.8155,45.5251,44.4512,44.5014,44.5831,-0.08170000000000499,-0.1833,2623.68,18807.7841
000869.SZ,20071203,42.7116,44.8406,42.7053,44.5831,42.6676,1.9155000000000015,4.4894,3319.89,23442.0089
000869.SZ,20071130,42.7618,43.5092,42.5797,42.6676,43.3333,-0.6657000000000011,-1.5362,1561.88,10722.1204
000869.SZ,20071129,42.7053,43.5657,42.071,43.3333,41.8763,1.4570000000000007,3.4793,4251.31,28850.7919
000869.SZ,20071128,41.9517,42.5169,41.5184,41.8763,41.644,0.23230000000000217,0.5578,2182.64,14534.5888
000869.SZ,20071127,41.9391,42.5546,41.4493,41.644,42.0961,-0.4521000000000015,-1.074,1256.4,8343.9485
000869.SZ,20071126,42.1841,42.9565,41.8638,42.0961,42.0773,0.018799999999998818,0.0447,2105.23,14221.3123
000869.SZ,20071123,41.556,42.3662,40.8841,42.0773,41.5749,0.5024000000000015,1.2084,1453.0,9707.7483
000869.SZ,20071122,43.5217,43.5217,41.4493,41.5749,43.8357,-2.2608000000000033,-5.1574,1828.16,12383.6141
000869.SZ,20071121,44.8406,44.8406,43.2643,43.8357,44.7087,-0.8729999999999976,-1.9526,1885.45,13215.762
000869.SZ,20071120,43.9551,45.0353,43.3961,44.7087,43.8357,0.8729999999999976,1.9915,1528.56,10796.9036
000869.SZ,20071119,43.9551,44.0807,42.6928,43.8357,43.3773,0.4584000000000046,1.0568,1854.62,12868.0211
000869.SZ,20071116,43.6473,43.7101,42.4227,43.3773,43.9739,-0.5966000000000022,-1.3567,1935.67,13248.6208
000869.SZ,20071115,44.0053,44.5831,43.842,43.9739,44.828,-0.8541000000000025,-1.9053,5055.34,35413.1762
000869.SZ,20071114,45.8454,45.8454,43.2705,44.828,45.2802,-0.4521999999999977,-0.9987,11140.17,77904.4338
000869.SZ,20071113,44.715,45.9836,44.2691,45.2802,44.715,0.5651999999999973,1.264,4479.37,32062.7293
000869.SZ,20071112,43.3333,44.9034,43.2705,44.715,43.842,0.8730000000000047,1.9912,6404.12,44437.5011
000869.SZ,20071109,43.3271,43.8986,41.5623,43.842,43.9614,-0.11939999999999884,-0.2716,3372.12,23196.7539
000869.SZ,20071108,43.6473,44.3256,43.3396,43.9614,44.2,-0.23860000000000525,-0.5398,3626.68,25326.6811
000869.SZ,20071107,45.0415,45.77,43.8986,44.2,45.3995,-1.1995000000000005,-2.6421,4972.15,35020.8527
000869.SZ,20071106,43.9614,45.4686,43.3333,45.3995,44.1184,1.2811000000000021,2.9038,1639.86,11653.3664
000869.SZ,20071105,45.0918,45.1043,43.8986,44.1184,46.128,-2.009599999999999,-4.3566,11951.02,84347.1419
000869.SZ,20071102,45.858,47.6541,44.5266,46.128,47.2647,-1.1366999999999976,-2.405,5848.07,42794.1344
000869.SZ,20071101,47.1014,48.2319,46.1971,47.2647,47.0261,0.23859999999999815,0.5074,9886.75,74763.2906
000869.SZ,20071031,47.1014,48.2821,46.7498,47.0261,46.4797,0.5463999999999984,1.1756,6099.9,45810.5304
000869.SZ,20071030,47.1014,47.7232,45.8454,46.4797,47.2208,-0.7410999999999959,-1.5694,7676.44,56803.4321
000869.SZ,20071029,44.7966,48.0246,44.7966,47.2208,45.8454,1.375399999999999,3.0001,6806.37,50726.8116
000869.SZ,20071026,47.1014,47.1014,44.5957,45.8454,47.3841,-1.5386999999999986,-3.2473,9915.75,72161.8905
000869.SZ,20071025,49.714,49.9275,46.4734,47.3841,50.2415,-2.8574000000000055,-5.6873,7781.51,59381.396
000869.SZ,20071024,50.8068,52.0942,49.6135,50.2415,50.3043,-0.06279999999999575,-0.1248,17417.25,140724.3805
000869.SZ,20071023,47.9179,50.9324,47.1014,50.3043,47.9179,2.3863999999999947,4.9802,19910.09,157929.7416
000869.SZ,20071022,49.4188,51.4159,46.4797,47.9179,49.8773,-1.9593999999999951,-3.9284,19736.07,155578.5706
000869.SZ,20071019,45.8454,49.8773,45.8454,49.8773,45.343,4.534299999999995,10.0,24211.96,188921.9446
000869.SZ,20071018,44.9976,45.6884,43.4589,45.343,44.357,0.9860000000000042,2.2229,21462.24,153252.0915
000869.SZ,20071017,45.1546,46.0338,43.7101,44.357,44.6396,-0.2826000000000022,-0.6331,14465.5,103725.3345
000869.SZ,20071016,45.8517,47.0135,44.0053,44.6396,45.3304,-0.6907999999999959,-1.5239,8658.49,61860.8553
000869.SZ,20071015,43.8357,46.7121,43.6473,45.3304,43.9928,1.3375999999999948,3.0405,9011.63,65421.7306
000869.SZ,20071012,45.77,45.971,42.0836,43.9928,45.9145,-1.9216999999999942,-4.1854,13309.2,94577.1197
000869.SZ,20071011,43.3333,46.7874,43.3333,45.9145,43.3333,2.5811999999999955,5.9566,17268.25,124785.4278
000869.SZ,20071010,43.3271,43.7415,42.7242,43.3333,43.3333,0.0,0.0,13447.68,92797.1765
000869.SZ,20071009,41.487,43.3961,40.8966,43.3333,41.7633,1.5700000000000003,3.7593,16539.68,112590.0681
000869.SZ,20071008,43.3333,43.5594,41.4556,41.7633,42.2971,-0.5337999999999994,-1.262,10891.31,72919.4091
000869.SZ,20070928,41.1353,42.699,40.9029,42.2971,41.1353,1.1617999999999995,2.8243,22053.21,148833.9274
000869.SZ,20070927,39.942,42.2469,39.6594,41.1353,39.5589,1.5763999999999996,3.9849,26645.98,175441.0891
000869.SZ,20070926,37.6812,39.9357,37.6812,39.5589,38.0705,1.4883999999999986,3.9096,10839.67,67724.9472
000869.SZ,20070925,38.9246,38.9246,37.9324,38.0705,38.6106,-0.5400999999999954,-1.3988,10694.38,65361.0267
000869.SZ,20070924,38.2338,38.8618,38.215,38.6106,38.1522,0.4583999999999975,1.2015,5587.01,34318.7959
000869.SZ,20070921,38.3469,38.9372,37.6184,38.1522,38.2401,-0.08789999999999765,-0.2299,9673.25,58205.5729
000869.SZ,20070920,37.9386,38.5101,37.9386,38.2401,38.0894,0.1507000000000005,0.3956,10053.19,61202.7118
000869.SZ,20070919,39.1256,39.6029,37.9261,38.0894,39.5024,-1.4130000000000038,-3.577,5922.12,36204.1225
000869.SZ,20070918,40.1932,40.1932,39.0691,39.5024,39.942,-0.43959999999999866,-1.1006,7869.45,49538.1872
000869.SZ,20070917,39.6908,40.3188,38.9372,39.942,39.5652,0.3768000000000029,0.9524,24022.66,152289.7186
000869.SZ,20070914,37.6937,40.187,37.5179,39.5652,37.4928,2.0723999999999947,5.5275,22910.95,141072.1732
000869.SZ,20070913,38.5918,38.6169,37.0531,37.4928,37.9952,-0.5023999999999944,-1.3223,16049.31,95816.4894
000869.SZ,20070912,37.6812,38.7174,36.9275,37.9952,38.0894,-0.09420000000000073,-0.2473,9019.98,53976.9201
000869.SZ,20070911,39.5527,40.1179,38.0894,38.0894,39.5652,-1.4757999999999996,-3.73,11034.11,68742.9626
000869.SZ,20070910,39.5652,39.8792,38.1899,39.5652,40.8338,-1.2685999999999993,-3.1067,23372.7,145257.6493
000869.SZ,20070906,41.5749,42.5797,39.5652,40.8338,41.6377,-0.8039000000000058,-1.9307,21902.09,144367.1222
000869.SZ,20070905,42.2092,42.7053,41.3865,41.6377,42.7681,-1.1303999999999945,-2.6431,14288.94,94814.6423
000869.SZ,20070904,43.2077,43.6411,42.1715,42.7681,42.8246,-0.05649999999999977,-0.1319,5991.64,40760.196
000869.SZ,20070903,42.9251,43.6473,42.6425,42.8246,42.7053,0.11929999999999552,0.2794,6690.51,45673.86
000869.SZ,20070831,43.0193,43.9551,42.3662,42.7053,42.5797,0.1255999999999986,0.295,14624.39,99672.8251
000869.SZ,20070830,42.9251,43.057,42.2092,42.5797,42.9251,-0.34539999999999793,-0.8047,10636.36,72245.3827
000869.SZ,20070829,42.0773,43.4464,41.3676,42.9251,42.0773,0.8477999999999994,2.0149,16727.9,112100.7456
000869.SZ,20070828,42.3787,43.258,41.3865,42.0773,42.3787,-0.301400000000001,-0.7112,17004.27,113515.8725
000869.SZ,20070827,43.886,43.886,42.272,42.3787,42.7053,-0.3265999999999991,-0.7648,8499.52,57772.0524
000869.SZ,20070824,44.5266,44.5266,42.0773,42.7053,43.9551,-1.2498000000000005,-2.8434,15963.64,109121.3051
000869.SZ,20070823,44.5014,45.5063,43.842,43.9551,44.5014,-0.5462999999999951,-1.2276,12147.99,85956.4408
000869.SZ,20070822,42.2594,45.2174,42.1715,44.5014,42.6425,1.8588999999999984,4.3593,20643.86,143698.3644
000869.SZ,20070821,42.63,43.0696,42.0459,42.6425,42.6928,-0.05030000000000001,-0.1178,15471.08,104198.5858
000869.SZ,20070820,41.8638,43.3333,41.4493,42.6928,41.7005,0.9923000000000002,2.3796,19377.23,130660.7742
000869.SZ,20070817,41.5121,42.3285,40.3816,41.7005,41.9957,-0.29520000000000124,-0.7029,10185.92,66701.025
000869.SZ,20070816,42.0836,43.5783,41.8261,41.9957,42.0773,-0.08160000000000167,-0.1939,10788.83,72946.3169
000869.SZ,20070815,42.0522,42.7053,41.4493,42.0773,42.0585,0.018799999999998818,0.0447,7051.58,47069.0092
000869.SZ,20070814,43.0193,43.2391,41.7005,42.0585,43.0193,-0.960799999999999,-2.2334,7635.14,51232.6344
000869.SZ,20070813,43.9614,43.9614,42.1464,43.0193,43.9237,-0.9043999999999954,-2.059,4539.93,30940.7125
000869.SZ,20070810,43.7729,45.1546,41.7633,43.9237,43.3333,0.5903999999999954,1.3625,15097.77,105517.2358
000869.SZ,20070809,40.1179,44.1812,38.058,43.3333,40.1618,3.1715000000000018,7.8968,21627.47,147358.5299
000869.SZ,20070808,40.9469,41.9517,39.8039,40.1618,40.9469,-0.7850999999999999,-1.9174,5157.58,33299.351
000869.SZ,20070807,41.4493,42.0019,40.3565,40.9469,41.4493,-0.5024000000000015,-1.2121,6815.77,44225.2956
000869.SZ,20070806,41.4995,42.0145,40.2623,41.4493,41.4493,0.0,0.0,9881.09,64995.6011
000869.SZ,20070803,39.0502,41.5121,39.0502,41.4493,39.0502,2.3991000000000042,6.1436,16308.16,105161.2988
000869.SZ,20070802,38.4662,39.942,38.3092,39.0502,38.372,0.6781999999999968,1.7674,7384.62,46174.4265
000869.SZ,20070801,41.1353,41.6502,38.3092,38.372,41.129,-2.756999999999998,-6.7033,7872.21,50100.3497
000869.SZ,20070731,39.8667,41.3865,39.0565,41.129,39.5715,1.5574999999999974,3.9359,15020.5,96823.1482
000869.SZ,20070730,38.8618,40.6203,38.3092,39.5715,38.6923,0.8791999999999973,2.2723,13887.66,86497.0584
000869.SZ,20070727,37.7126,38.9246,37.3671,38.6923,38.4034,0.28890000000000526,0.7523,11541.23,71020.4753
000869.SZ,20070726,37.2729,38.8618,37.2729,38.4034,37.1159,1.2874999999999943,3.4689,9733.1,59382.3989
000869.SZ,20070725,36.8019,37.8068,35.3763,37.1159,37.229,-0.11309999999999576,-0.3038,26146.6,153424.2373
000869.SZ,20070724,38.2464,38.6546,37.229,37.229,38.2087,-0.9797000000000011,-2.5641,7280.89,43584.9588
000869.SZ,20070723,36.7391,38.3092,36.7391,38.2087,36.7391,1.4695999999999998,4.0001,11246.05,68033.3269
000869.SZ,20070720,35.7343,37.9198,35.7343,36.7391,35.7217,1.017400000000002,2.8481,13486.19,78699.0446
000869.SZ,20070719,34.6039,35.7594,34.6039,35.7217,34.9807,0.7409999999999997,2.1183,4349.59,24496.6406
000869.SZ,20070718,35.257,35.4768,34.3464,34.9807,35.2947,-0.31400000000000006,-0.8897,7670.75,42529.0569
000869.SZ,20070717,35.1816,35.7217,33.6493,35.2947,35.1691,0.1255999999999986,0.3571,8079.14,44494.6518
000869.SZ,20070716,35.2947,36.3435,35.1691,35.1691,35.2947,-0.1255999999999986,-0.3559,5131.1,29149.6709
000869.SZ,20070713,35.1691,35.7908,35.1691,35.2947,35.2947,0.0,0.0,5525.92,31138.6156
000869.SZ,20070712,35.7971,35.7971,35.1691,35.2947,35.7783,-0.4836000000000027,-1.3517,8298.34,46672.8494
000869.SZ,20070711,36.4188,36.4188,35.3575,35.7783,35.7657,0.012599999999999056,0.0352,6817.28,38550.2758
000869.SZ,20070710,36.9589,37.0469,35.3638,35.7657,36.8522,-1.086500000000001,-2.9483,4856.18,27962.7733
000869.SZ,20070709,36.2681,37.2353,35.9227,36.8522,35.8976,0.9546000000000063,2.6592,4612.02,27017.5454
000869.SZ,20070706,33.9633,36.2995,33.9507,35.8976,34.5411,1.356499999999997,3.9272,7945.99,44714.9541
000869.SZ,20070705,36.1111,36.7077,34.5411,34.5411,36.7329,-2.1918000000000006,-5.9669,8903.52,50494.2076
000869.SZ,20070704,37.5807,38.1145,36.6763,36.7329,37.6498,-0.9168999999999983,-2.4353,12228.55,72268.8733
000869.SZ,20070703,38.6232,39.5024,37.4614,37.6498,38.6232,-0.973399999999998,-2.5202,15464.92,93831.2546
000869.SZ,20070702,38.3217,39.0628,37.543,38.6232,38.6106,0.012599999999999056,0.0326,10698.54,65615.5775
000869.SZ,20070629,37.9952,39.1821,37.4174,38.6106,39.2512,-0.6405999999999992,-1.6321,18549.45,113112.3313
000869.SZ,20070628,40.256,40.7208,38.3092,39.2512,40.256,-1.004800000000003,-2.496,9302.52,58160.7026
000869.SZ,20070627,39.5589,40.8213,39.1758,40.256,38.9372,1.318800000000003,3.387,6421.38,41158.4497
000869.SZ,20070626,38.372,39.4396,37.9952,38.9372,38.529,0.4081999999999937,1.0595,14096.56,87379.8381
000869.SZ,20070625,38.686,39.6783,37.6812,38.529,38.8744,-0.34539999999999793,-0.8885,13001.75,80394.8643
000869.SZ,20070622,40.3942,40.8213,38.6232,38.8744,40.3816,-1.5071999999999974,-3.7324,10150.4,63308.2764
000869.SZ,20070621,40.1932,41.4179,39.2512,40.3816,40.1932,0.18840000000000146,0.4687,9138.44,58493.5108
000869.SZ,20070620,42.3913,42.6865,39.6908,40.1932,42.3097,-2.116500000000002,-5.0024,12353.5,81208.5776
000869.SZ,20070619,42.2029,42.8937,40.8213,42.3097,42.2971,0.012599999999999056,0.0298,8299.68,55232.9696
000869.SZ,20070618,41.443,43.8357,41.1353,42.2971,40.8527,1.4444000000000017,3.5356,14260.62,96841.107
000869.SZ,20070615,40.8213,42.0773,40.1995,40.8527,41.3739,-0.5212000000000003,-1.2597,11733.52,77026.1182
000869.SZ,20070614,41.3111,42.385,40.1932,41.3739,41.5121,-0.13819999999999766,-0.3329,18904.47,125069.38
000869.SZ,20070613,40.9971,42.2657,40.2623,41.5121,40.9971,0.5149999999999935,1.2562,24458.56,161971.3555
000869.SZ,20070612,40.1995,41.2609,38.4348,40.9971,39.9546,1.042500000000004,2.6092,32885.8,211436.8996
000869.SZ,20070611,37.4237,40.1116,37.0531,39.9546,36.9275,3.0270999999999972,8.1974,33015.97,205301.668
000869.SZ,20070608,35.6213,37.6498,35.6213,36.9275,35.4203,1.5072000000000045,4.2552,28306.67,164790.6795
000869.SZ,20070607,35.5961,36.1614,35.1691,35.4203,35.7092,-0.28890000000000526,-0.809,47319.35,267660.8728
000869.SZ,20070606,36.2556,36.2556,34.5725,35.7092,35.8599,-0.1507000000000005,-0.4202,26038.58,145969.1025
000869.SZ,20070605,35.1063,37.6812,32.5126,35.8599,36.1237,-0.26379999999999626,-0.7303,16057.62,90134.2712
000869.SZ,20070604,39.5652,41.4493,36.1174,36.1237,40.1304,-4.006700000000002,-9.9842,13579.45,82898.9911
000869.SZ,20070601,38.8618,41.9517,38.1836,40.1304,38.1836,1.9468000000000032,5.0985,24156.57,156471.4834
000869.SZ,20070531,36.4565,39.1507,34.8739,38.1836,36.4565,1.7271,4.7374,19988.6,118510.9485
000869.SZ,20070530,39.2512,39.5966,36.4565,36.4565,40.5072,-4.050699999999999,-10.0,17157.1,103219.4892
000869.SZ,20070529,39.5652,41.6377,39.2512,40.5072,39.4647,1.0424999999999969,2.6416,18170.56,116765.5875
000869.SZ,20070528,38.686,40.4319,38.686,39.4647,38.6295,0.8352000000000004,2.1621,14736.4,93016.5314
000869.SZ,20070525,37.7377,39.3014,37.4425,38.6295,37.7,0.9294999999999973,2.4655,16146.72,100000.07
000869.SZ,20070524,38.0643,38.8744,37.3232,37.7,38.0957,-0.39569999999999794,-1.0387,12565.66,76219.851
000869.SZ,20070523,36.9903,38.9309,36.4251,38.0957,37.0217,1.073999999999998,2.901,19099.94,115863.3046
000869.SZ,20070522,37.3357,37.6812,36.3623,37.0217,37.3671,-0.34539999999999793,-0.9243,23638.1,138899.3978
000869.SZ,20070521,36.3309,37.8696,35.7217,37.3671,37.5681,-0.2010000000000005,-0.535,14099.84,82970.4187
000869.SZ,20070518,37.6812,38.9372,37.3671,37.5681,37.9952,-0.4270999999999958,-1.1241,22081.68,133490.8698
000869.SZ,20070517,38.058,38.2966,36.6135,37.9952,37.6184,0.3767999999999958,1.0016,25094.36,150321.185
000869.SZ,20070516,35.7971,38.0454,34.8551,37.6184,35.7092,1.9091999999999985,5.3465,35571.13,210165.3119
000869.SZ,20070515,36.7077,38.2464,35.5899,35.7092,36.5444,-0.8352000000000004,-2.2854,30600.17,180960.9254
000869.SZ,20070514,33.9444,36.7705,33.9444,36.5444,33.8816,2.6628000000000043,7.8591,48622.83,275873.8381
000869.SZ,20070511,33.2222,34.1517,33.2222,33.8816,33.1594,0.7222000000000008,2.178,19501.41,104654.3469
000869.SZ,20070510,33.6556,34.2145,32.9082,33.1594,33.6618,-0.5024000000000015,-1.4925,26715.75,142597.1722
000869.SZ,20070509,34.7923,34.8865,33.4734,33.6618,34.7295,-1.067700000000002,-3.0743,18688.47,101170.1787
000869.SZ,20070508,34.9681,35.0058,33.3353,34.7295,34.8425,-0.11299999999999955,-0.3243,30405.54,166540.3535
000869.SZ,20070430,32.9082,35.1502,32.1923,34.8425,33.0338,1.8087000000000018,5.4753,29398.25,157871.3915
000869.SZ,20070427,34.2961,34.5411,33.0213,33.0338,34.2333,-1.1995000000000005,-3.5039,19707.88,104937.4482
000869.SZ,20070426,35.0435,35.0435,33.8063,34.2333,34.786,-0.5527000000000015,-1.5889,30502.27,165928.8965
000869.SZ,20070425,34.5287,35.3396,33.9221,34.7825,34.4235,0.35900000000000176,1.0429,21044.59,118684.2643
000869.SZ,20070424,35.3334,35.5934,34.343,34.4235,35.222,-0.7985000000000042,-2.267,26370.98,147500.3307
000869.SZ,20070423,35.222,35.5315,34.473,35.222,35.0673,0.15469999999999828,0.4412,26423.11,148889.0205
000869.SZ,20070420,33.724,35.352,33.724,35.0673,33.8664,1.2009000000000043,3.546,25385.31,140599.9769
000869.SZ,20070419,36.7696,36.7696,33.4269,33.8664,36.7634,-2.8969999999999985,-7.8801,17035.61,96328.9435
000869.SZ,20070418,36.7696,37.141,35.5934,36.7634,37.141,-0.37760000000000105,-1.0167,15293.51,89499.7644
000869.SZ,20070417,38.4285,38.998,36.2125,37.141,38.379,-1.2379999999999995,-3.2257,21958.97,132000.367
000869.SZ,20070416,39.1033,39.9265,37.989,38.379,37.9271,0.45189999999999486,1.1915,37029.87,231641.6139
000869.SZ,20070413,35.8534,37.9271,35.2839,37.9271,34.4792,3.447900000000004,9.9999,51998.27,309672.1497
000869.SZ,20070411,35.0611,35.0982,34.3245,34.4792,35.0982,-0.6189999999999998,-1.7636,12427.72,69300.902
000869.SZ,20070410,35.4077,35.4387,34.4483,35.0982,35.3644,-0.2662000000000049,-0.7527,9528.96,53600.8085
000869.SZ,20070409,35.7791,36.4972,34.8197,35.3644,35.7791,-0.4146999999999963,-1.1591,12205.26,69737.0309
000869.SZ,20070406,36.3858,36.522,35.4077,35.7791,36.6458,-0.8667000000000016,-2.3651,5992.32,34833.7834
000869.SZ,20070405,36.2125,36.6458,35.4387,36.6458,36.2125,0.4333000000000027,1.1965,8230.71,47804.2471
000869.SZ,20070404,36.0267,36.4477,35.5934,36.2125,35.8968,0.31569999999999965,0.8795,15242.19,88449.1267
000869.SZ,20070403,34.5906,35.9029,34.0583,35.8968,34.962,0.9347999999999956,2.6738,15523.08,88183.2734
000869.SZ,20070402,34.374,34.962,33.3959,34.962,34.9682,-0.006199999999999761,-0.0177,9622.35,52888.9083
000869.SZ,20070330,34.9744,34.9744,34.0149,34.9682,35.1601,-0.19189999999999685,-0.5458,9722.16,53898.4653
000869.SZ,20070329,34.7268,35.1601,34.3554,35.1601,34.6587,0.5013999999999967,1.4467,11794.91,66149.0984
000869.SZ,20070328,33.9221,34.8878,33.4269,34.6587,33.7302,0.9284999999999997,2.7527,13289.42,73406.103
000869.SZ,20070327,33.7302,33.7302,33.0926,33.7302,33.7364,-0.006199999999999761,-0.0184,10104.66,54305.7172
000869.SZ,20070326,33.4393,33.7364,33.2969,33.7364,33.4269,0.3094999999999999,0.9259,5111.07,27619.9176
000869.SZ,20070323,33.6312,33.8602,32.6283,33.4269,33.3526,0.07430000000000092,0.2228,7035.64,37404.0907
000869.SZ,20070322,33.5012,33.8478,33.1297,33.3526,33.4888,-0.1361999999999952,-0.4067,4934.79,26672.2437
000869.SZ,20070321,33.1174,33.6621,32.7955,33.4888,32.7955,0.6933000000000007,2.114,7447.08,39851.6964
000869.SZ,20070320,33.4269,33.9159,32.5603,32.7955,33.2412,-0.4457000000000022,-1.3408,8181.29,43331.5208
000869.SZ,20070319,34.3925,34.3925,31.9289,33.2412,34.5411,-1.299900000000001,-3.7633,18114.9,97492.5087
000869.SZ,20070316,36.2125,36.2125,34.0459,34.5411,35.8968,-1.3556999999999988,-3.7767,5583.95,31292.5552
000869.SZ,20070315,35.253,36.1505,35.253,35.8968,35.9029,-0.006100000000003547,-0.017,10595.96,60916.9672
000869.SZ,20070314,35.2839,35.9029,32.9317,35.9029,35.7791,0.1238000000000028,0.346,13561.4,75356.6217
000869.SZ,20070313,36.0886,36.0886,35.5563,35.7791,36.0886,-0.3094999999999999,-0.8576,11439.0,66157.5602
000869.SZ,20070312,34.9744,36.1877,34.9744,36.0886,34.9744,1.1141999999999967,3.1858,12984.59,75191.6254
000869.SZ,20070309,34.5968,36.5839,34.5968,34.9744,34.0583,0.9161000000000001,2.6898,15731.74,90921.7275
000869.SZ,20070308,34.3554,34.5349,33.7178,34.0583,34.0521,0.006199999999999761,0.0182,3427.75,18892.4157
000869.SZ,20070307,33.1793,35.0611,33.0183,34.0521,32.9936,1.0585000000000022,3.2082,14430.82,80603.0138
000869.SZ,20070306,32.226,33.2288,32.2198,32.9936,32.1888,0.8048000000000002,2.5002,10455.91,55323.3971
000869.SZ,20070305,32.7831,33.1112,31.6936,32.1888,32.8079,-0.619099999999996,-1.887,5063.81,26516.2321
000869.SZ,20070302,32.5974,33.3588,31.2603,32.8079,32.4984,0.3094999999999999,0.9524,13566.58,71028.8346
000869.SZ,20070301,33.6745,33.6745,32.065,32.4984,33.4269,-0.9285000000000068,-2.7777,16788.4,88981.6455
000869.SZ,20070228,32.8079,34.0459,32.3993,33.4269,34.4854,-1.0584999999999951,-3.0694,19910.5,106813.5387
000869.SZ,20070227,38.15,38.15,34.4854,34.4854,38.3171,-3.831700000000005,-10.0,4716.95,26904.2139
000869.SZ,20070226,39.8585,39.8585,38.0695,38.3171,39.8585,-1.5413999999999959,-3.8672,2505.81,15543.2719
000869.SZ,20070216,39.9018,40.1123,38.1685,39.8585,39.8585,0.0,0.0,4476.6,28205.8297
000869.SZ,20070215,39.6108,40.5394,38.998,39.8585,39.617,0.24150000000000205,0.6096,10505.5,67466.7829
000869.SZ,20070214,38.9361,39.7408,37.2833,39.617,38.6266,0.990399999999994,2.564,5965.88,37389.1107
000869.SZ,20070213,37.1719,38.8742,37.1719,38.6266,37.0791,1.5475000000000065,4.1735,5862.28,36401.3317
000869.SZ,20070212,34.9744,37.0791,34.8382,37.0791,34.8382,2.2408999999999963,6.4323,2158.66,12579.9862
000869.SZ,20070209,35.9091,36.2372,34.6649,34.8382,36.2063,-1.3680999999999983,-3.7786,6453.29,36779.5735
000869.SZ,20070208,36.2125,36.8253,35.841,36.2063,36.2125,-0.006199999999999761,-0.0171,7106.01,41793.6146
000869.SZ,20070207,37.1905,37.9457,35.8906,36.2125,37.76,-1.5474999999999994,-4.0983,12032.88,71057.3463
000869.SZ,20070206,38.5028,39.617,36.0886,37.76,39.5428,-1.7828000000000017,-4.5085,10962.34,65024.2096
000869.SZ,20070205,38.9114,39.5428,36.522,39.5428,39.617,-0.0741999999999976,-0.1873,5238.91,32219.809
000869.SZ,20070202,39.2456,39.8646,37.5124,39.617,39.7408,-0.1238000000000028,-0.3115,2888.64,18235.1103
000869.SZ,20070201,38.2243,39.7408,37.2153,39.7408,38.7257,1.0150999999999968,2.6213,10883.23,67518.4506
000869.SZ,20070131,40.5456,40.5456,38.6142,38.7257,41.1584,-2.432699999999997,-5.9106,8906.89,56610.3527
000869.SZ,20070130,40.8551,41.9693,40.1123,41.1584,41.1646,-0.006199999999999761,-0.0151,3241.52,21374.7396
000869.SZ,20070129,41.4741,41.4741,39.6789,41.1646,42.0126,-0.847999999999999,-2.0184,15689.18,103673.8542
000869.SZ,20070126,40.6694,42.2045,38.379,42.0126,40.8551,1.1574999999999989,2.8332,10305.78,67776.9788
000869.SZ,20070125,40.8551,41.4741,39.5428,40.8551,41.3503,-0.495199999999997,-1.1976,22482.4,147805.3548
000869.SZ,20070124,40.8551,42.0931,38.5647,41.3503,41.3193,0.030999999999998806,0.075,11810.43,77914.6251
000869.SZ,20070123,45.1139,45.1882,41.2946,41.3193,45.8815,-4.562200000000004,-9.9434,12202.17,83806.9483
000869.SZ,20070122,44.3154,47.5404,44.1049,45.8815,44.1049,1.776600000000002,4.0281,9668.81,72521.313
000869.SZ,20070119,40.2856,44.1359,40.2856,44.1049,41.5236,2.581299999999999,6.2165,6142.74,42830.9737
000869.SZ,20070118,38.379,42.0931,37.76,41.5236,38.6885,2.835100000000004,7.328,9795.44,64758.8778
000869.SZ,20070117,36.8315,39.8027,35.4696,38.6885,36.2125,2.475999999999999,6.8374,3994.34,24493.0311
000869.SZ,20070116,35.8968,36.522,35.3458,36.2125,35.8968,0.31569999999999965,0.8795,6112.54,35359.1124
000869.SZ,20070115,34.7268,37.141,34.0768,35.8968,34.9311,0.9656999999999982,2.7646,6045.31,35269.3969
000869.SZ,20070112,32.1888,35.5625,31.5698,34.9311,32.4984,2.432700000000004,7.4856,5681.06,30775.2278
000869.SZ,20070111,31.1365,32.7336,30.3318,32.4984,31.2603,1.2380999999999958,3.9606,3637.48,18849.761
000869.SZ,20070110,30.9508,31.3841,30.6413,31.2603,30.9508,0.3094999999999999,1.0,3939.18,19714.9968
000869.SZ,20070109,29.4033,30.9508,29.2485,30.9508,29.6385,1.3123000000000005,4.4277,4276.63,20833.8967
000869.SZ,20070108,29.4033,29.8242,28.6047,29.6385,29.5395,0.0990000000000002,0.3351,14004.19,66494.077
000869.SZ,20070105,29.9975,30.6227,29.2795,29.5395,30.0037,-0.46419999999999817,-1.5471,3219.41,15414.0418
000869.SZ,20070104,30.8889,32.1888,30.0037,30.0037,30.8394,-0.8357000000000028,-2.7098,9948.3,49033.5059
000869.SZ,20061229,30.827,32.6531,30.2389,30.8394,30.6475,0.1919000000000004,0.6262,4041.31,20543.5582
000869.SZ,20061228,30.2389,30.957,30.208,30.6475,30.3194,0.32809999999999917,1.0821,5018.81,24884.0556
000869.SZ,20061227,29.2176,30.7032,28.6666,30.3194,29.0319,1.2875000000000014,4.4348,6990.44,33946.5167
000869.SZ,20061226,29.0938,29.4899,28.5366,29.0319,29.0319,0.0,0.0,4324.76,20216.2216
000869.SZ,20061225,28.1033,29.0938,27.9238,29.0319,28.2395,0.7924000000000007,2.806,8043.7,37378.7836
000869.SZ,20061222,27.8867,28.4871,27.8867,28.2395,28.4252,-0.18570000000000064,-0.6533,7628.92,34921.2746
000869.SZ,20061221,28.4747,28.8462,27.8681,28.4252,28.4128,0.012399999999999523,0.0436,19511.89,89590.7132
000869.SZ,20061220,28.4128,28.5676,27.8557,28.4128,28.4747,-0.061899999999997846,-0.2174,2261.55,10303.8494
000869.SZ,20061219,29.7004,29.7004,27.7257,28.4747,29.3104,-0.8357000000000028,-2.8512,6182.06,28332.1602
000869.SZ,20061218,28.7224,29.8366,28.5305,29.3104,28.5986,0.7118000000000002,2.4889,4947.52,23528.1207
000869.SZ,20061215,27.9114,28.7843,27.4843,28.5986,27.7257,0.8729000000000013,3.1483,12551.46,56388.2506
000869.SZ,20061214,26.4939,27.7319,26.2463,27.7257,26.7415,0.9842000000000013,3.6804,10112.12,43784.3978
000869.SZ,20061213,26.3391,26.9272,26.3391,26.7415,26.3144,0.42709999999999937,1.6231,4710.37,20222.038
000869.SZ,20061212,27.2367,27.8495,25.3797,26.3144,27.1129,-0.7985000000000007,-2.9451,12684.07,54840.1529
000869.SZ,20061211,26.5496,27.2367,26.3701,27.1129,26.7848,0.32809999999999917,1.2249,8782.18,38074.0349
000869.SZ,20061208,27.2243,27.2367,26.6177,26.7848,27.5462,-0.7613999999999983,-2.7641,5186.35,22345.8707
000869.SZ,20061206,27.8495,27.9176,26.6177,27.5462,27.8495,-0.3033000000000001,-1.0891,9191.87,40149.3024
000869.SZ,20061205,27.2367,27.8557,27.1129,27.8495,27.5462,0.3033000000000001,1.1011,2843.18,12689.3394
000869.SZ,20061204,27.2367,27.5462,26.7725,27.5462,27.2243,0.3218999999999994,1.1824,6331.26,27862.1009
000869.SZ,20061201,26.6177,27.6391,26.1225,27.2243,26.8034,0.4208999999999996,1.5703,5004.27,21907.8579
000869.SZ,20061130,26.5806,27.5462,26.1534,26.8034,26.5558,0.2475999999999985,0.9324,7987.59,34427.101
000869.SZ,20061129,24.9464,26.8653,24.1478,26.5558,24.9649,1.5909000000000013,6.3725,8420.19,35854.2592
000869.SZ,20061128,24.6987,25.3797,24.4511,24.9649,24.6368,0.32809999999999917,1.3317,1857.85,7479.5074
000869.SZ,20061127,23.894,24.9959,23.894,24.6368,24.2035,0.4333000000000027,1.7902,7799.3,30996.5889
000869.SZ,20061124,24.1416,24.5502,23.9869,24.2035,24.4511,-0.24760000000000204,-1.0126,18791.31,74103.5512
000869.SZ,20061123,24.7545,24.7545,24.0178,24.4511,24.7606,-0.3094999999999999,-1.25,13593.15,53462.6333
000869.SZ,20061122,24.4078,25.0702,24.1416,24.7606,24.7606,0.0,0.0,17872.5,71265.9331
000869.SZ,20061121,25.5592,25.6892,23.8321,24.7606,25.3301,-0.5695000000000014,-2.2483,10029.28,40251.2021
000869.SZ,20061120,25.1382,26.0606,24.513,25.3301,25.6892,-0.359099999999998,-1.3979,15220.5,62488.1346
000869.SZ,20061117,25.3178,26.3082,24.9525,25.6892,25.6273,0.061899999999997846,0.2415,17292.65,71507.9548
000869.SZ,20061116,23.9559,25.9368,23.7083,25.6273,23.9559,1.671400000000002,6.977,18302.59,74230.1316
000869.SZ,20061115,23.1512,24.0488,22.8417,23.9559,23.1512,0.8047000000000004,3.4758,15605.05,59764.0826
000869.SZ,20061114,22.2784,23.3245,21.9441,23.1512,22.3465,0.8047000000000004,3.601,7290.59,26877.2048
000869.SZ,20061113,21.9132,22.3465,21.3561,22.3465,21.8513,0.49520000000000053,2.2662,6588.0,23120.0604
000869.SZ,20061110,22.4084,22.5941,21.5418,21.8513,22.4084,-0.5571000000000019,-2.4861,5892.99,20769.8263
000869.SZ,20061109,22.2722,22.6993,21.9751,22.4084,22.2846,0.12379999999999924,0.5555,12730.91,45905.5337
000869.SZ,20061108,20.737,22.4703,20.737,22.2846,20.737,1.5476000000000028,7.463,25204.79,89243.1981
000869.SZ,20061107,20.737,21.0404,20.6813,20.737,20.9227,-0.18570000000000064,-0.8876,6805.54,22905.6053
000869.SZ,20061106,20.9227,21.0094,20.8299,20.9227,20.9475,-0.024800000000002598,-0.1184,2131.57,7195.5444
000869.SZ,20061103,21.1704,21.2075,20.8113,20.9475,21.0466,-0.09909999999999997,-0.4709,7367.2,25132.4479
000869.SZ,20061102,21.2199,21.2199,20.7989,21.0466,21.0466,0.0,0.0,5532.29,18712.5333
000869.SZ,20061101,20.9413,21.2942,20.7432,21.0466,20.7432,0.3033999999999999,1.4626,7611.91,25736.2082
000869.SZ,20061031,20.9413,21.0466,20.737,20.7432,21.0466,-0.3033999999999999,-1.4416,3810.58,12813.5478
000869.SZ,20061030,20.768,21.2942,20.768,21.0466,21.0713,-0.024699999999999278,-0.1172,4559.37,15495.2022
000869.SZ,20061027,20.9847,21.2942,20.9351,21.0713,20.9847,0.08660000000000068,0.4127,4202.35,14327.7342
000869.SZ,20061026,21.0466,21.1704,20.7989,20.9847,21.0466,-0.0619000000000014,-0.2941,5044.41,17090.0546
000869.SZ,20061025,20.9227,21.5356,20.9227,21.0466,20.8608,0.1858000000000004,0.8907,10057.7,34344.6957
000869.SZ,20061024,20.6009,20.8918,20.4275,20.8608,20.4461,0.41469999999999985,2.0283,9700.35,32434.4836
000869.SZ,20061023,21.1146,21.1208,20.118,20.4461,21.1085,-0.6623999999999981,-3.1381,5288.31,17680.7786
000869.SZ,20061020,21.0589,21.3313,20.9227,21.1085,21.3499,-0.24140000000000228,-1.1307,7107.34,24172.2612
000869.SZ,20061019,21.3561,21.5108,20.8918,21.3499,21.3561,-0.006199999999999761,-0.029,10857.54,37232.3898
000869.SZ,20061018,21.0404,21.4118,20.8485,21.3561,21.028,0.3281000000000027,1.5603,2960.79,10094.1735
000869.SZ,20061017,20.737,21.5975,20.737,21.028,21.0218,0.006199999999999761,0.0295,2625.27,8902.9895
000869.SZ,20061016,21.5418,21.6532,21.0156,21.0218,21.7275,-0.7057000000000002,-3.248,10945.23,37253.6109
000869.SZ,20061013,21.746,21.9132,21.2942,21.7275,21.746,-0.018499999999999517,-0.0851,2385.34,8277.6816
000869.SZ,20061012,22.2227,22.2227,21.6656,21.746,22.2536,-0.5076,-2.281,2191.29,7708.231
000869.SZ,20061011,22.2846,22.4022,22.037,22.2536,22.4703,-0.216700000000003,-0.9644,1684.1,6037.1797
000869.SZ,20061010,22.5322,22.8974,22.1732,22.4703,22.4703,0.0,0.0,2784.9,10161.1861
000869.SZ,20061009,21.6656,23.5226,21.6656,22.4703,21.9132,0.5571000000000019,2.5423,5484.5,20067.9613
000869.SZ,20060929,22.037,22.0679,21.5418,21.9132,22.0432,-0.129999999999999,-0.5898,3927.24,13915.9773
000869.SZ,20060928,22.1484,22.2722,21.9751,22.0432,22.1608,-0.11759999999999948,-0.5307,3830.88,13673.9376
000869.SZ,20060927,21.9132,22.2846,21.6656,22.1608,21.9132,0.2475999999999985,1.1299,3356.71,11904.9313
000869.SZ,20060926,21.4799,21.9751,21.1085,21.9132,21.7894,0.12379999999999924,0.5682,3007.89,10431.1143
000869.SZ,20060925,22.3774,22.4703,21.6656,21.7894,22.3465,-0.5570999999999984,-2.493,2928.5,10448.6158
000869.SZ,20060922,22.2846,22.4084,22.1484,22.3465,22.2846,0.061899999999997846,0.2778,5318.4,19153.9298
000869.SZ,20060921,22.1546,22.2846,21.8513,22.2846,21.9008,0.3838000000000008,1.7524,9552.38,34024.6665
000869.SZ,20060920,21.418,22.2227,21.1085,21.9008,21.5108,0.39000000000000057,1.813,10192.88,36050.9548
000869.SZ,20060919,21.3561,21.9008,21.0466,21.5108,21.0589,0.4518999999999984,2.1459,5429.67,18872.524
000869.SZ,20060918,21.2508,21.2508,20.7804,21.0589,21.1704,-0.11149999999999949,-0.5267,5058.3,17160.1483
000869.SZ,20060915,21.0094,21.3561,20.9227,21.1704,20.9537,0.21669999999999945,1.0342,8132.77,27712.9568
000869.SZ,20060914,19.9633,20.9723,19.9076,20.9537,20.1675,0.7862000000000009,3.8984,12041.43,40006.3097
000869.SZ,20060913,20.3099,20.4213,19.9199,20.1675,20.3099,-0.14239999999999853,-0.7011,5510.5,18043.981
000869.SZ,20060912,20.149,20.4771,19.9942,20.3099,20.149,0.16089999999999804,0.7986,5703.9,18718.6542
000869.SZ,20060911,20.5761,20.6132,19.8085,20.149,20.5513,-0.4023000000000003,-1.9575,2985.54,9711.639
000869.SZ,20060908,20.4152,20.5761,20.4152,20.5513,20.5513,0.0,0.0,3353.59,11132.954
000869.SZ,20060907,20.5513,20.8423,20.3533,20.5513,20.3533,0.1980000000000004,0.9728,5013.69,16609.1244
000869.SZ,20060906,20.3037,20.4771,20.118,20.3533,20.3223,0.03100000000000236,0.1525,1415.77,4643.0279
000869.SZ,20060905,20.2418,20.4152,19.9942,20.3223,20.2975,0.024799999999999045,0.1222,8820.07,28776.5182
000869.SZ,20060904,20.4275,20.5513,20.2295,20.2975,20.4275,-0.129999999999999,-0.6364,6043.11,19925.5675
000869.SZ,20060901,20.4461,20.6071,20.2171,20.4275,20.4461,-0.018600000000002836,-0.091,7166.9,23652.6116
000869.SZ,20060831,20.2171,20.5513,20.2171,20.4461,20.2171,0.22900000000000276,1.1327,2086.79,6881.2582
000869.SZ,20060830,20.3656,20.409,19.8519,20.2171,20.4709,-0.2538000000000018,-1.2398,2320.58,7572.0155
000869.SZ,20060829,19.8209,20.7123,19.6661,20.4709,19.8704,0.6005000000000003,3.0221,9698.16,31882.9477
000869.SZ,20060828,19.1586,20.1799,18.9419,19.8704,19.1709,0.6995000000000005,3.6488,11722.3,37206.776
000869.SZ,20060825,19.2947,19.2947,18.8738,19.1709,19.2947,-0.12379999999999924,-0.6416,10411.08,32013.3333
000869.SZ,20060824,18.7252,19.3504,18.7252,19.2947,19.0038,0.2909000000000006,1.5307,4476.49,13835.8625
000869.SZ,20060823,19.4681,19.4681,19.0038,19.0038,19.2947,-0.2909000000000006,-1.5077,2641.05,8136.2963
000869.SZ,20060822,19.369,19.5733,18.9914,19.2947,19.0781,0.21659999999999968,1.1353,4641.41,14435.182
000869.SZ,20060821,18.88,19.0843,18.5705,19.0781,19.1152,-0.03710000000000235,-0.1941,3926.81,11957.6486
000869.SZ,20060818,19.1895,19.3443,19.0224,19.1152,19.1895,-0.07429999999999737,-0.3872,4217.74,13035.0688
000869.SZ,20060817,19.1895,19.3752,19.0657,19.1895,19.1895,0.0,0.0,2876.25,8944.8068
000869.SZ,20060816,19.1895,19.2824,19.0347,19.1895,19.1647,0.024799999999999045,0.1294,7040.13,21771.1641
000869.SZ,20060815,18.9481,19.3566,18.9419,19.1647,19.2514,-0.08670000000000044,-0.4504,1836.35,5658.005
000869.SZ,20060814,19.8085,19.8085,19.1895,19.2514,19.8085,-0.5570999999999984,-2.8124,6460.15,20170.7975
000869.SZ,20060811,19.7466,20.0066,19.6228,19.8085,19.8085,0.0,0.0,3636.51,11635.6502
000869.SZ,20060810,19.6042,19.9199,19.6042,19.8085,19.5981,0.21039999999999992,1.0736,2809.73,8996.9039
000869.SZ,20060809,19.988,19.988,19.499,19.5981,19.988,-0.3899000000000008,-1.9507,8523.46,27072.8357
000869.SZ,20060808,19.7466,19.9942,19.5609,19.988,19.5609,0.42709999999999937,2.1834,2102.54,6692.5992
000869.SZ,20060807,19.3133,19.8023,19.2514,19.5609,19.8085,-0.2475999999999985,-1.25,3857.82,12216.6218
000869.SZ,20060804,19.8395,20.2295,18.88,19.8085,20.1799,-0.3714000000000013,-1.8404,2654.93,8379.1275
000869.SZ,20060803,20.4399,20.7432,20.0623,20.1799,20.4337,-0.2538000000000018,-1.2421,2942.9,9674.3374
000869.SZ,20060802,20.6132,20.6318,20.1799,20.4337,20.4275,0.006200000000003314,0.0304,2040.49,6754.5944
000869.SZ,20060801,20.7247,21.0466,19.8085,20.4275,20.8485,-0.4210000000000029,-2.0193,2550.5,8471.7101
000869.SZ,20060731,21.4489,21.4489,20.7432,20.8485,21.4489,-0.6003999999999969,-2.7992,2757.88,9339.9288
000869.SZ,20060728,21.6037,21.6037,21.1704,21.4489,21.6037,-0.1548000000000016,-0.7165,2946.73,10141.0815
000869.SZ,20060727,21.7275,22.1608,21.5418,21.6037,22.0741,-0.4704000000000015,-2.131,2766.5,9752.0778
000869.SZ,20060726,22.2846,22.5631,21.9751,22.0741,22.4641,-0.389999999999997,-1.7361,2947.09,10582.9052
000869.SZ,20060725,22.5322,22.9036,22.2846,22.4641,22.5322,-0.06810000000000116,-0.3022,5917.42,21656.7786
000869.SZ,20060724,21.4799,22.656,21.1704,22.5322,21.418,1.1142000000000003,5.2022,8490.62,30195.361
000869.SZ,20060721,21.4242,21.4799,21.2384,21.418,21.4056,0.012399999999999523,0.0579,4854.56,16785.0958
000869.SZ,20060720,21.3437,21.5603,20.9723,21.4056,21.3499,0.055699999999998084,0.2609,3127.29,10800.1439
000869.SZ,20060719,21.0837,21.6532,20.8608,21.3499,21.0837,0.2662000000000013,1.2626,7959.3,27097.2301
000869.SZ,20060718,21.0527,21.2818,20.8608,21.0837,21.2942,-0.2104999999999997,-0.9885,3122.9,10628.3378
000869.SZ,20060717,21.5418,21.6656,20.7432,21.2942,21.4922,-0.1980000000000004,-0.9213,5670.07,19504.4865
000869.SZ,20060714,21.6656,22.1298,21.0466,21.4922,21.8946,-0.4024000000000001,-1.8379,5302.19,18410.6593
000869.SZ,20060713,21.3561,22.2846,21.0466,21.8946,21.3375,0.5571000000000019,2.6109,15017.79,52730.2988
000869.SZ,20060712,21.9441,21.9441,21.0466,21.3375,21.6656,-0.3281000000000027,-1.5144,5833.61,20101.0128
000869.SZ,20060711,21.9751,22.3465,21.6037,21.6656,21.9751,-0.3094999999999999,-1.4084,2956.57,10408.5447
000869.SZ,20060710,22.2227,22.2227,21.4984,21.9751,22.1917,-0.21659999999999968,-0.976,8061.27,28229.0932
000869.SZ,20060707,23.015,23.015,22.1484,22.1917,23.2131,-1.0213999999999999,-4.4001,6027.71,21848.9872
000869.SZ,20060706,23.0707,23.2131,22.5941,23.2131,23.0769,0.13620000000000232,0.5902,5129.65,18971.7888
000869.SZ,20060705,22.4703,23.2441,21.9751,23.0769,22.5941,0.48279999999999745,2.1368,4125.56,15147.7865
000869.SZ,20060704,22.2846,22.7055,21.5108,22.5941,22.7488,-0.15469999999999828,-0.68,13506.13,47817.8874
000869.SZ,20060703,22.6065,23.306,22.0246,22.7488,23.2812,-0.5323999999999991,-2.2868,15416.18,56494.0619
000869.SZ,20060630,23.9435,24.0055,23.2131,23.2812,24.0178,-0.7366000000000028,-3.0669,7681.69,29122.9732
000869.SZ,20060629,23.6155,24.1354,23.5288,24.0178,23.6526,0.3652000000000015,1.544,5473.27,21078.9253
000869.SZ,20060628,23.8878,24.1416,23.5226,23.6526,24.1231,-0.47050000000000125,-1.9504,4566.92,17664.2195
000869.SZ,20060627,24.5935,24.7606,23.6464,24.1231,24.5811,-0.4579999999999984,-1.8632,10784.86,42157.6231
000869.SZ,20060626,23.1822,25.3116,23.1388,24.5811,23.3307,1.250399999999999,5.3595,8594.62,33657.2064
000869.SZ,20060623,22.9779,23.894,22.5322,23.3307,22.9779,0.35279999999999845,1.5354,9035.25,33735.3853
000869.SZ,20060622,23.0893,23.9559,22.3898,22.9779,23.3122,-0.33429999999999893,-1.434,6287.06,23378.1844
000869.SZ,20060621,23.5226,24.0735,23.2131,23.3122,23.795,-0.482800000000001,-2.029,7290.83,27735.3557
000869.SZ,20060620,23.8136,23.8878,23.405,23.795,23.894,-0.09899999999999665,-0.4143,9819.23,37481.1754
000869.SZ,20060619,23.1264,24.5749,22.6003,23.894,23.1203,0.7736999999999981,3.3464,15837.1,61673.2868
000869.SZ,20060616,21.4799,23.5845,21.4799,23.1203,21.5727,1.5475999999999992,7.1739,15520.89,57558.9078
000869.SZ,20060615,21.6346,22.2846,21.3932,21.5727,21.7213,-0.1485999999999983,-0.6841,10219.32,35826.2545
000869.SZ,20060614,20.4832,22.1236,20.1242,21.7213,20.6751,1.046199999999999,5.0602,12517.45,43643.0419
000869.SZ,20060613,21.4303,21.9627,20.4894,20.6751,21.4489,-0.7737999999999978,-3.6076,14118.13,48080.4827
000869.SZ,20060612,19.5609,21.6037,19.499,21.4489,19.6847,1.7641999999999989,8.9623,23775.5,78713.5171
000869.SZ,20060609,18.1434,20.0747,17.642,19.6847,18.2486,1.4360999999999997,7.8696,24983.73,79443.2365
000869.SZ,20060608,17.2087,18.261,17.0229,18.2486,17.4439,0.8047000000000004,4.6131,8047.46,23002.7731
000869.SZ,20060607,18.0753,18.0753,17.1901,17.4439,18.1124,-0.6685000000000016,-3.6908,13083.11,37160.3656
000869.SZ,20060606,18.5643,18.6138,17.8896,18.1124,18.6138,-0.5014000000000003,-2.6937,8773.36,25795.6273
000869.SZ,20060605,18.3848,18.6633,17.9515,18.6138,18.5395,0.07430000000000092,0.4008,4833.74,14266.6105
000869.SZ,20060602,19.1895,19.1895,18.261,18.5395,19.27,-0.7304999999999993,-3.7909,7162.36,21545.6441
000869.SZ,20060601,18.9295,19.499,17.9577,19.27,19.1214,0.1485999999999983,0.7771,15429.97,46346.8321
000869.SZ,20060531,20.4152,20.4152,18.9419,19.1214,19.8085,-0.6870999999999974,-3.4687,6540.64,20431.2358
000869.SZ,20060530,19.7776,20.9104,19.499,19.8085,19.5733,0.23519999999999897,1.2016,15563.54,51030.5392
000869.SZ,20060529,18.88,19.7466,18.261,19.5733,18.4467,1.1265999999999998,6.1073,18436.36,57595.9602
000869.SZ,20060526,18.261,18.88,18.1372,18.4467,18.1929,0.25379999999999825,1.395,7187.24,21470.6805
000869.SZ,20060525,18.7562,18.7562,17.9577,18.1929,18.6448,-0.4518999999999984,-2.4237,7237.7,21525.8749
000869.SZ,20060524,18.0134,18.88,17.5305,18.6448,18.3043,0.3404999999999987,1.8602,10849.49,32143.3261
000869.SZ,20060523,17.9515,18.9419,16.961,18.3043,18.4962,-0.1919000000000004,-1.0375,18302.27,54057.5684
000869.SZ,20060522,20.5513,20.6628,18.4962,18.4962,20.5513,-2.0550999999999995,-9.9999,19850.84,61393.9904
000869.SZ,20060519,19.9076,20.768,19.9076,20.5513,20.3409,0.21039999999999992,1.0344,8078.88,26534.3983
000869.SZ,20060518,19.8085,20.539,18.8924,20.3409,20.4275,-0.08659999999999712,-0.4239,11761.81,37623.1339
000869.SZ,20060517,20.9847,21.7646,18.979,20.4275,21.0589,-0.6314000000000028,-2.9983,14427.58,46236.758
000869.SZ,20060516,23.5226,23.7021,20.8608,21.0589,23.176,-2.117099999999997,-9.1349,23097.51,82276.4393
000869.SZ,20060515,21.0701,23.1781,21.0326,23.1781,21.0701,2.1080000000000005,10.0047,26970.77,130120.6745
000869.SZ,20060512,18.9199,21.0795,18.5444,21.0701,19.1828,1.8872999999999998,9.8385,12812.62,53818.2318
000869.SZ,20060511,18.3472,19.7087,17.8401,19.1828,18.3002,0.8826,4.8229,11683.34,46753.7224
000869.SZ,20060510,18.5866,18.8026,17.8214,18.3002,18.3519,-0.0517000000000003,-0.2817,6452.11,24952.4186
000869.SZ,20060509,18.4645,18.8167,17.981,18.3519,18.2486,0.10330000000000084,0.5661,6891.59,26982.1523
000869.SZ,20060508,16.9951,18.8401,16.9059,18.2486,17.1312,1.1174,6.5226,7020.08,27509.006
000869.SZ,20060428,16.1078,17.3707,16.1078,17.1312,16.5772,0.5539999999999985,3.3419,13036.6,47161.9363
000869.SZ,20060426,16.7556,17.366,15.9622,16.5772,16.7556,-0.1783999999999999,-1.0647,8609.42,30364.9599
000869.SZ,20060425,17.1312,17.1829,16.7228,16.7556,17.2533,-0.49769999999999825,-2.8847,4377.01,15723.8738
000869.SZ,20060424,17.3707,17.3707,16.4317,17.2533,17.3707,-0.11739999999999995,-0.6759,7221.75,25958.1994
000869.SZ,20060421,16.2017,17.3941,16.1031,17.3707,16.3378,1.032899999999998,6.3221,7678.56,27765.352
000869.SZ,20060420,16.0092,17.3613,16.0092,16.3378,15.9153,0.4225000000000012,2.6547,11202.11,40013.0776
000869.SZ,20060419,14.5538,15.9153,14.3238,15.9153,14.4693,1.4459999999999997,9.9936,11388.52,36866.362
000869.SZ,20060418,14.5538,14.6477,14.3238,14.4693,14.7416,-0.27229999999999954,-1.8472,4599.99,14165.7985
000869.SZ,20060417,14.5538,14.8355,14.3191,14.7416,14.643,0.09859999999999935,0.6734,5712.1,17729.692
000869.SZ,20060414,14.0843,14.6477,14.0843,14.643,14.2533,0.38970000000000127,2.7341,5760.4,17773.6816
000869.SZ,20060413,14.3191,14.9716,14.1407,14.2533,14.4928,-0.23950000000000138,-1.6525,9200.36,28619.7031
000869.SZ,20060412,14.4834,14.5303,13.9529,14.4928,14.5115,-0.01869999999999905,-0.1289,5076.74,15465.2656
000869.SZ,20060411,14.7885,14.8355,14.366,14.5115,14.8824,-0.3709000000000007,-2.4922,10073.77,31264.991
000869.SZ,20060410,15.0233,15.0233,14.5538,14.8824,15.1782,-0.29579999999999984,-1.9488,5157.4,16107.0169
000869.SZ,20060407,15.0233,15.258,14.0843,15.1782,15.1688,0.009400000000001185,0.062,6009.72,18935.779
000869.SZ,20060406,15.1453,15.6758,14.9106,15.1688,15.1453,0.023499999999998522,0.1552,9531.41,31209.1178
000869.SZ,20060405,14.5773,15.2111,14.4036,15.1453,14.6712,0.47409999999999997,3.2315,6959.34,22018.1829
000869.SZ,20060404,14.5069,14.7416,14.4646,14.6712,14.5679,0.10330000000000084,0.7091,2066.95,6459.2049
000869.SZ,20060403,13.7275,14.6477,13.6383,14.5679,13.7275,0.8404000000000007,6.122,7407.62,22696.1264
000869.SZ,20060331,13.5444,13.7557,13.3801,13.7275,13.6148,0.11269999999999847,0.8278,4729.76,13616.8056
000869.SZ,20060330,13.69,13.8449,13.5116,13.6148,13.7181,-0.10329999999999906,-0.753,3043.48,8846.4129
000869.SZ,20060329,13.6383,13.9435,13.5538,13.7181,13.8026,-0.08450000000000024,-0.6122,5227.18,15282.6612
000869.SZ,20060328,13.6101,13.8496,13.413,13.8026,13.6101,0.19250000000000078,1.4144,5438.05,15762.4409
000869.SZ,20060327,12.6759,13.6148,12.6759,13.6101,12.9998,0.6102999999999987,4.6947,6448.18,18287.1794
000869.SZ,20060324,12.4365,13.028,12.4365,12.9998,12.8778,0.12199999999999989,0.9474,3258.07,8970.3807
000869.SZ,20060323,12.6524,13.0468,12.4928,12.8778,12.6524,0.2254000000000005,1.7815,6942.32,18955.1104
000869.SZ,20060322,12.4412,12.6571,12.1829,12.6524,12.5538,0.09859999999999935,0.7854,7814.07,20472.5476
000869.SZ,20060321,13.6101,13.6101,11.9106,12.5538,13.6806,-1.1267999999999994,-8.2365,20833.39,54839.4947
000869.SZ,20060301,10.6346,10.763,10.2679,10.6859,10.5613,0.12460000000000093,1.1798,6980.87,20227.7359
000869.SZ,20060228,10.2679,10.7079,10.0919,10.5613,10.2789,0.2823999999999991,2.7474,8361.11,23912.3792
000869.SZ,20060227,10.5906,10.5906,10.1799,10.2789,10.5063,-0.22739999999999938,-2.1644,10115.34,28445.0471
000869.SZ,20060224,10.1212,10.5979,10.1212,10.5063,10.1139,0.3924000000000003,3.8798,11456.99,32743.5153
000869.SZ,20060223,10.1579,10.2496,9.7545,10.1139,10.1175,-0.0036000000000004917,-0.0356,6315.46,17175.2904
000869.SZ,20060222,9.6628,10.3339,9.6482,10.1175,9.6848,0.43270000000000053,4.4678,4464.28,12164.493
000869.SZ,20060221,9.6078,9.7765,9.6078,9.6848,9.7802,-0.09540000000000148,-0.9754,4333.84,11468.8767
000869.SZ,20060220,10.0112,10.0112,9.2814,9.7802,9.1018,0.6783999999999999,7.4535,23038.72,62075.898
000869.SZ,20060120,8.416,9.1238,8.306,9.1018,8.394,0.7078000000000007,8.4322,10189.71,24269.7647
000869.SZ,20060119,8.141,8.3977,8.141,8.394,8.1813,0.2126999999999999,2.5998,8263.89,18518.792
000869.SZ,20060118,8.1776,8.361,8.1336,8.1813,8.2693,-0.08799999999999919,-1.0642,6822.56,15256.3096
000869.SZ,20060117,8.2106,8.2693,8.1043,8.2693,8.251,0.018299999999999983,0.2218,2446.44,5472.0519
000869.SZ,20060116,8.251,8.4307,8.1813,8.251,8.2437,0.007299999999998974,0.0886,2819.23,6402.2919
000869.SZ,20060113,8.2143,8.317,8.097,8.2437,8.185,0.058699999999999974,0.7172,1818.11,4079.7704
000869.SZ,20060112,8.3243,8.328,8.0676,8.185,8.3243,-0.13929999999999865,-1.6734,7096.33,15778.607
000869.SZ,20060111,8.3757,8.5444,8.2877,8.3243,8.3757,-0.051400000000001,-0.6137,1914.48,4341.6061
000869.SZ,20060110,8.361,8.4233,8.295,8.3757,8.5627,-0.1869999999999994,-2.1839,1353.55,3075.8539
000869.SZ,20060109,8.3867,8.6177,8.2547,8.5627,8.5224,0.040300000000000225,0.4729,2257.65,5170.6544
000869.SZ,20060106,8.4343,8.581,8.251,8.5224,8.4343,0.08809999999999896,1.0445,2921.27,6666.4159
000869.SZ,20060105,8.1886,8.46,8.1483,8.4343,8.2217,0.21260000000000012,2.5858,3485.8,7939.3682
000869.SZ,20060104,8.2143,8.2877,8.141,8.2217,8.2253,-0.0036000000000004917,-0.0438,1410.66,3168.8039
000869.SZ,20051230,8.1336,8.317,8.1043,8.2253,8.1336,0.09170000000000122,1.1274,1931.66,4334.3164
000869.SZ,20051229,7.9209,8.1703,7.9209,8.1336,7.9173,0.2162999999999995,2.732,5086.48,11159.3799
000869.SZ,20051228,8.0126,8.0126,7.9136,7.9173,7.965,-0.047699999999999854,-0.5989,1154.36,2496.032
000869.SZ,20051227,8.0493,8.0493,7.8659,7.965,7.9026,0.06240000000000023,0.7896,2767.4,6011.3506
000869.SZ,20051226,7.7889,7.9393,7.7009,7.9026,7.7266,0.17599999999999927,2.2778,3307.85,7084.9727
000869.SZ,20051223,7.8219,7.8439,7.6349,7.7266,7.8109,-0.08429999999999982,-1.0793,1267.43,2669.8931
000869.SZ,20051222,7.6312,7.8109,7.5909,7.8109,7.6276,0.18330000000000002,2.4031,3684.85,7751.4192
000869.SZ,20051221,7.6569,7.6789,7.6129,7.6276,7.6569,-0.029300000000000104,-0.3827,4342.63,9033.2671
000869.SZ,20051220,7.5909,7.6863,6.9675,7.6569,7.6019,0.055000000000000604,0.7235,3991.54,8145.0734
000869.SZ,20051219,7.5946,7.8769,7.5469,7.6019,7.6129,-0.01100000000000012,-0.1445,266.82,554.4969
000869.SZ,20051216,7.6826,7.7376,7.5799,7.6129,7.6826,-0.0697000000000001,-0.9072,941.6,1957.265
000869.SZ,20051215,7.4809,7.6936,7.3892,7.6826,7.4882,0.1943999999999999,2.5961,10459.48,21731.1121
000869.SZ,20051214,7.3709,7.4992,7.3709,7.4882,7.3929,0.09529999999999994,1.2891,562.24,1143.6546
000869.SZ,20051213,7.4442,7.4442,7.3782,7.3929,7.4442,-0.051300000000000345,-0.6891,587.94,1186.7393
000869.SZ,20051212,7.4442,7.5102,7.4076,7.4442,7.4442,0.0,0.0,5719.66,11656.8014
000869.SZ,20051209,7.4369,7.4442,7.3782,7.4442,7.4406,0.0036000000000004917,0.0484,701.23,1420.3725
000869.SZ,20051208,7.3525,7.4442,7.3525,7.4406,7.4442,-0.0036000000000004917,-0.0484,706.08,1424.9327
000869.SZ,20051207,7.3342,7.4442,7.3342,7.4442,7.3452,0.0990000000000002,1.3478,676.92,1369.8797
000869.SZ,20051206,7.3452,7.4076,7.3342,7.3452,7.3452,0.0,0.0,1270.46,2549.888
000869.SZ,20051205,7.3415,7.4956,7.3342,7.3452,7.5066,-0.16139999999999954,-2.1501,5333.26,10707.5187
000869.SZ,20051202,7.3672,7.5102,7.3672,7.5066,7.4882,0.01839999999999975,0.2457,421.8,857.3471
000869.SZ,20051201,7.5102,7.5102,7.3525,7.4882,7.5176,-0.02939999999999987,-0.3911,1661.89,3361.6082
000869.SZ,20051130,7.5579,7.5872,7.2975,7.5176,7.6166,-0.0990000000000002,-1.2998,8946.98,18208.8412
000869.SZ,20051129,7.6826,7.6826,7.5616,7.6166,7.6092,0.007399999999999629,0.0973,159.72,332.7803
000869.SZ,20051128,7.5579,7.6276,7.5469,7.6092,7.6532,-0.043999999999999595,-0.5749,981.7,2029.9877
000869.SZ,20051125,7.5616,7.6789,7.4992,7.6532,7.6166,0.036599999999999966,0.4805,1068.86,2202.8249
000869.SZ,20051124,7.7009,7.7046,7.5542,7.6166,7.6716,-0.054999999999999716,-0.7169,1452.9,3028.3429
000869.SZ,20051123,7.6643,7.7523,7.6276,7.6716,7.6716,0.0,0.0,274.4,574.6896
000869.SZ,20051122,7.8109,7.8109,7.5176,7.6716,7.8109,-0.13930000000000042,-1.7834,4548.16,9438.524
000869.SZ,20051121,7.7009,7.8109,7.6276,7.8109,7.6789,0.13200000000000056,1.719,487.68,1033.1579
000869.SZ,20051118,7.6643,8.0676,7.5176,7.6789,7.5946,0.08429999999999982,1.11,3126.12,6611.4174
000869.SZ,20051117,7.7193,7.7193,7.5212,7.5946,7.7009,-0.10630000000000006,-1.3804,1505.62,3113.6604
000869.SZ,20051116,7.5946,7.8696,7.5946,7.7009,7.7009,0.0,0.0,2719.0,5705.2226
000869.SZ,20051115,7.6276,7.8293,7.5689,7.7009,7.6936,0.007299999999999862,0.0949,2711.32,5690.2285
000869.SZ,20051114,7.8843,7.954,7.6386,7.6936,7.9209,-0.2272999999999996,-2.8696,825.0,1756.0303
000869.SZ,20051111,7.9283,7.9393,7.8183,7.9209,7.9283,-0.007400000000000517,-0.0933,374.78,806.5927
000869.SZ,20051110,7.8476,7.954,7.8109,7.9283,7.8623,0.06599999999999984,0.8394,669.95,1433.5809
000869.SZ,20051109,7.9393,7.9466,7.8403,7.8623,7.9466,-0.08429999999999982,-1.0608,390.35,840.5002
000869.SZ,20051108,7.7376,7.9576,7.7376,7.9466,7.943,0.0036000000000004917,0.0453,746.8,1614.3058
000869.SZ,20051107,7.9356,7.9613,7.9356,7.943,8.0603,-0.11730000000000018,-1.4553,763.16,1655.3392
000869.SZ,20051104,7.976,8.0676,7.8696,8.0603,7.943,0.11730000000000018,1.4768,499.27,1086.6862
000869.SZ,20051103,8.0676,8.0676,7.8109,7.943,8.031,-0.08800000000000097,-1.0958,1070.66,2319.3036
000869.SZ,20051102,7.9796,8.1776,7.9576,8.031,7.9796,0.051400000000001,0.6441,563.76,1234.9084
000869.SZ,20051101,7.9576,8.064,7.8073,7.9796,7.9283,0.05129999999999946,0.647,1320.46,2855.9314
000869.SZ,20051031,7.6606,7.9503,7.3342,7.9283,7.6863,0.242,3.1485,2208.67,4718.6008
000869.SZ,20051028,8.031,8.031,7.5542,7.6863,7.8806,-0.19430000000000014,-2.4655,3306.95,6885.3341
000869.SZ,20051027,7.8109,8.031,7.7193,7.8806,7.8146,0.06599999999999984,0.8446,1038.67,2224.3776
000869.SZ,20051026,7.8989,7.9833,7.7376,7.8146,7.987,-0.17239999999999966,-2.1585,13430.39,28622.9256
000869.SZ,20051025,8.4343,8.5004,7.8843,7.987,8.4307,-0.44369999999999976,-5.2629,5629.63,12577.5366
000869.SZ,20051024,8.075,8.5444,8.075,8.4307,8.0786,0.3521000000000001,4.3584,16773.58,38600.5568
000869.SZ,20051021,8.361,8.361,8.0676,8.0786,8.0676,0.010999999999999233,0.1363,903.48,1989.99
000869.SZ,20051020,8.086,8.1226,7.998,8.0676,8.075,-0.007399999999998741,-0.0916,1568.54,3437.9162
000869.SZ,20051019,7.965,8.4343,7.965,8.075,7.965,0.10999999999999943,1.381,3333.35,7455.1162
000869.SZ,20051018,8.0676,8.2253,7.7229,7.965,8.097,-0.13199999999999967,-1.6302,3085.64,6669.561
000869.SZ,20051017,7.8549,8.1226,7.8476,8.097,7.8549,0.24209999999999976,3.0822,6023.22,13177.7229
000869.SZ,20051014,7.9026,8.009,7.8293,7.8549,7.8879,-0.03300000000000036,-0.4184,3819.81,8215.6478
000869.SZ,20051013,7.4809,8.0236,7.4809,7.8879,7.5542,0.33370000000000033,4.4174,5441.95,11441.8265
000869.SZ,20051012,7.5469,7.5616,7.4442,7.5542,7.5469,0.007299999999999862,0.0967,426.6,870.921
000869.SZ,20051011,7.4406,7.5469,7.4406,7.5469,7.4406,0.10630000000000006,1.4286,728.3,1480.6252
000869.SZ,20051010,7.3342,7.6459,7.3342,7.4406,7.5542,-0.11359999999999992,-1.5038,326.55,661.9947
000869.SZ,20050930,7.5726,7.6166,7.4809,7.5542,7.6569,-0.10270000000000046,-1.3413,1436.01,2952.375
000869.SZ,20050929,7.6973,7.7376,7.5579,7.6569,7.6936,-0.03669999999999973,-0.477,4933.24,10283.241
000869.SZ,20050928,7.6202,7.7009,7.5469,7.6936,7.6276,0.06599999999999984,0.8653,1056.06,2194.2678
000869.SZ,20050927,7.5176,7.6716,7.4809,7.6276,7.5359,0.09170000000000034,1.2168,2207.29,4549.67
000869.SZ,20050926,7.5506,7.5542,7.4516,7.5359,7.5542,-0.018299999999999983,-0.2422,2355.48,4828.7857
000869.SZ,20050923,7.2242,7.6239,7.2242,7.5542,7.3966,0.15759999999999952,2.1307,2254.99,4583.9719
000869.SZ,20050922,7.3342,7.5542,7.3305,7.3966,7.4112,-0.014599999999999724,-0.197,10181.03,20534.2194
000869.SZ,20050921,7.6716,7.7009,7.4076,7.4112,7.6789,-0.2676999999999996,-3.4862,13319.72,27395.9986
000869.SZ,20050920,7.8476,7.8476,7.5542,7.6789,7.7743,-0.0954000000000006,-1.2271,8522.49,17758.1464
000869.SZ,20050919,7.6166,7.8329,7.5469,7.7743,7.6166,0.15770000000000017,2.0705,7031.01,14809.2304
000869.SZ,20050916,7.5396,7.6276,7.4369,7.6166,7.5359,0.08070000000000022,1.0709,1625.73,3351.4534
000869.SZ,20050915,7.5909,7.6202,7.3342,7.5359,7.6129,-0.07699999999999996,-1.0114,3471.6,7127.6805
000869.SZ,20050914,7.7303,7.7303,7.5542,7.6129,7.6459,-0.03300000000000036,-0.4316,2774.61,5788.3166
000869.SZ,20050913,7.4992,7.6936,7.4076,7.6459,7.5066,0.13930000000000042,1.8557,6961.8,14477.3653
000869.SZ,20050912,7.3342,7.6569,7.2609,7.5066,7.3342,0.17239999999999966,2.3506,3765.21,7681.5129
000869.SZ,20050909,7.3892,7.3892,7.2609,7.3342,7.3892,-0.054999999999999716,-0.7443,2219.29,4423.5454
000869.SZ,20050908,7.0958,7.4626,7.0958,7.3892,7.0958,0.2934000000000001,4.1348,10730.53,21442.0376
000869.SZ,20050907,6.8722,7.1069,6.8722,7.0958,6.8832,0.21259999999999923,3.0887,6303.47,12104.5917
000869.SZ,20050906,6.9235,6.9345,6.7841,6.8832,6.9235,-0.040299999999999336,-0.5821,2261.73,4246.5393
000869.SZ,20050905,6.9345,6.9638,6.8612,6.9235,6.9382,-0.01470000000000038,-0.2119,1441.87,2708.7108
000869.SZ,20050902,6.9125,6.9382,6.8245,6.9382,6.9125,0.0257000000000005,0.3718,4164.61,7825.8918
000869.SZ,20050901,6.7511,6.9748,6.7108,6.9125,6.7475,0.16500000000000004,2.4454,6334.36,11920.7357
000869.SZ,20050831,6.5274,6.8098,6.4944,6.7475,6.5421,0.20540000000000003,3.1397,6238.28,11473.9813
000869.SZ,20050830,6.4248,6.5715,6.4248,6.5421,6.5238,0.018299999999999983,0.2805,942.77,1677.967
000869.SZ,20050829,6.4908,6.5238,6.4541,6.5238,6.4908,0.032999999999999474,0.5084,665.51,1173.4089
000869.SZ,20050826,6.5898,6.5898,6.3808,6.4908,6.4174,0.07340000000000035,1.1438,701.15,1240.3167
000869.SZ,20050825,6.4834,6.6008,6.3808,6.4174,6.4908,-0.07340000000000035,-1.1308,1626.39,2864.4305
000869.SZ,20050824,6.4321,6.5935,6.3184,6.4908,6.3954,0.09539999999999971,1.4917,2055.43,3649.9846
000869.SZ,20050823,6.3918,6.4064,6.3111,6.3954,6.3844,0.01100000000000012,0.1723,3653.22,6344.0852
000869.SZ,20050822,6.4248,6.4908,6.3368,6.3844,6.4321,-0.047699999999999854,-0.7416,2057.29,3575.6472
000869.SZ,20050819,6.2304,6.5458,6.2011,6.4321,6.5861,-0.15399999999999991,-2.3383,5390.22,9428.119
000869.SZ,20050818,6.6741,6.6741,6.4431,6.5861,6.6008,-0.014699999999999491,-0.2227,3184.6,5641.4382
000869.SZ,20050817,6.6521,6.6741,6.5274,6.6008,6.6778,-0.07700000000000085,-1.1531,2904.19,5213.5714
000869.SZ,20050816,6.6521,6.7658,6.5678,6.6778,6.6668,0.01100000000000012,0.165,7073.16,12893.3471
000869.SZ,20050815,6.5568,6.6668,6.5091,6.6668,6.5788,0.08800000000000008,1.3376,2771.82,4989.2181
000869.SZ,20050812,6.6191,6.7731,6.4908,6.5788,6.6008,-0.021999999999999353,-0.3333,8804.08,15957.0608
000869.SZ,20050811,6.4981,6.6668,6.4871,6.6008,6.4908,0.10999999999999943,1.6947,10380.87,18596.221
000869.SZ,20050810,6.5458,6.5458,6.4724,6.4908,6.5274,-0.036599999999999966,-0.5607,1662.64,2949.0964
000869.SZ,20050809,6.6961,6.6961,6.5274,6.5274,6.6375,-0.11010000000000009,-1.6588,1713.1,3066.5571
000869.SZ,20050808,6.4908,6.7438,6.4614,6.6375,6.4798,0.15770000000000017,2.4337,5344.15,9615.8102
000869.SZ,20050805,6.3368,6.4834,6.3368,6.4798,6.3991,0.08070000000000022,1.2611,2654.22,4642.5387
000869.SZ,20050804,6.4651,6.4724,6.3661,6.3991,6.4724,-0.07330000000000059,-1.1325,1546.23,2701.8721
000869.SZ,20050803,6.4431,6.5605,6.3478,6.4724,6.4431,0.029300000000000104,0.4548,1943.08,3448.8716
000869.SZ,20050802,6.3624,6.4431,6.3514,6.4431,6.3844,0.058699999999999974,0.9194,587.82,1028.2713
000869.SZ,20050801,6.3001,6.4284,6.2414,6.3844,6.4101,-0.025699999999999612,-0.4009,873.38,1511.4602
000869.SZ,20050729,6.4908,6.5568,6.3111,6.4101,6.5091,-0.0990000000000002,-1.5209,7271.06,12832.9332
000869.SZ,20050728,6.4358,6.5825,6.4358,6.5091,6.4138,0.09529999999999994,1.4859,4005.95,7133.4898
000869.SZ,20050727,6.4174,6.4908,6.3441,6.4138,6.4174,-0.0035999999999996035,-0.0561,4475.54,7788.1248
000869.SZ,20050726,6.4064,6.5605,6.3478,6.4174,6.3294,0.08800000000000008,1.3903,5625.66,9932.7392
000869.SZ,20050725,6.0507,6.3441,6.0507,6.3294,6.1681,0.16129999999999978,2.6151,2715.43,4668.5912
000869.SZ,20050722,5.9957,6.3441,5.9957,6.1681,6.2341,-0.06599999999999984,-1.0587,1378.91,2337.9919
000869.SZ,20050721,6.2561,6.2561,6.1424,6.2341,6.2341,0.0,0.0,1408.0,2389.1243
000869.SZ,20050720,6.0507,6.2708,5.9774,6.2341,6.1497,0.08439999999999959,1.3724,11134.2,18919.0423
000869.SZ,20050719,6.0544,6.1534,5.904,6.1497,6.0544,0.09529999999999994,1.5741,368.96,610.4868
000869.SZ,20050718,6.1241,6.1644,5.9774,6.0544,6.2377,-0.18330000000000002,-2.9386,5609.71,9297.4501
000869.SZ,20050714,6.3074,6.3881,6.2377,6.2377,6.3844,-0.14670000000000005,-2.2978,2811.0,4823.3198
000869.SZ,20050713,6.5568,6.5568,6.2928,6.3844,6.5201,-0.13569999999999993,-2.0813,3624.16,6301.3566
000869.SZ,20050712,6.3514,6.5384,6.2634,6.5201,6.4174,0.10270000000000046,1.6003,4515.39,7974.8288
000869.SZ,20050711,6.4724,6.6008,6.4174,6.4174,6.4174,0.0,0.0,1468.08,2606.9228
000869.SZ,20050708,6.2708,6.4541,6.2708,6.4174,6.2524,0.16500000000000004,2.639,3411.34,5969.1633
000869.SZ,20050707,6.1681,6.2524,6.1681,6.2524,6.2304,0.021999999999999353,0.3531,738.51,1253.7465
000869.SZ,20050706,6.2377,6.3331,6.1607,6.2304,6.2047,0.0257000000000005,0.4142,642.95,1098.2111
000869.SZ,20050705,6.2854,6.2854,6.1974,6.2047,6.1827,0.02200000000000024,0.3558,251.9,428.952
000869.SZ,20050704,6.1644,6.2891,6.1314,6.1827,6.1644,0.018299999999999983,0.2969,213.56,359.7823
000869.SZ,20050701,6.1827,6.2267,6.1534,6.1644,6.2377,-0.07330000000000059,-1.1751,2513.03,4233.6934
000869.SZ,20050630,6.1607,6.2708,6.1607,6.2377,6.2267,0.01100000000000012,0.1767,880.23,1489.122
000869.SZ,20050629,6.3404,6.4248,6.2231,6.2267,6.3551,-0.12840000000000007,-2.0204,4620.96,7879.681
000869.SZ,20050628,6.4871,6.5898,6.3148,6.3551,6.4908,-0.13569999999999993,-2.0907,2215.48,3854.4225
000869.SZ,20050627,6.4724,6.6008,6.4468,6.4908,6.4541,0.03669999999999973,0.5686,9064.25,16077.2658
000869.SZ,20050624,6.4578,6.4724,6.3441,6.4541,6.5238,-0.06969999999999921,-1.0684,1484.27,2605.5116
000869.SZ,20050623,6.4981,6.5935,6.4541,6.5238,6.5238,0.0,0.0,1829.34,3248.3366
000869.SZ,20050622,6.4541,6.5971,6.4174,6.5238,6.5091,0.014699999999999491,0.2258,5655.0,9959.9827
000869.SZ,20050621,6.7108,6.7841,6.4174,6.5091,6.7108,-0.20169999999999977,-3.0056,5171.51,9213.838
000869.SZ,20050620,6.4211,7.0335,6.4174,6.7108,6.4724,0.2383999999999995,3.6833,4742.74,8729.1946
000869.SZ,20050617,6.3808,6.7291,6.3588,6.4724,6.4211,0.051300000000000345,0.7989,1758.66,3076.3718
000869.SZ,20050616,6.3478,6.5238,6.1827,6.4211,6.3624,0.058699999999999974,0.9226,914.88,1602.63
000869.SZ,20050615,6.5091,6.7768,6.3074,6.3624,6.5311,-0.1687000000000003,-2.583,5625.95,9868.7642
000869.SZ,20050614,6.7475,6.7548,6.5311,6.5311,6.7218,-0.19069999999999965,-2.837,3921.73,7044.4817
000869.SZ,20050613,6.8025,6.8025,6.6375,6.7218,6.8025,-0.08070000000000022,-1.1863,1849.04,3374.866
000869.SZ,20050610,6.9492,6.9492,6.7585,6.8025,6.9675,-0.16500000000000004,-2.3681,3735.72,6952.4798
000869.SZ,20050609,6.9675,7.1875,6.8502,6.9675,7.0188,-0.05129999999999946,-0.7309,9396.86,17945.7397
000869.SZ,20050608,6.5568,7.0958,6.5274,7.0188,6.4651,0.5537000000000001,8.5644,18262.8,34519.8017
000869.SZ,20050607,6.0397,6.7475,6.0397,6.4651,6.2524,0.2126999999999999,3.4019,14941.1,26529.9031
000869.SZ,20050606,5.9957,6.2708,5.8674,6.2524,6.0507,0.20169999999999977,3.3335,6217.34,10178.8421
000869.SZ,20050603,5.9774,6.1607,5.904,6.0507,6.1424,-0.09170000000000034,-1.4929,6927.94,11408.5425
000869.SZ,20050602,6.3111,6.6008,6.0874,6.1424,6.7255,-0.5831,-8.67,7291.87,12387.5453
000869.SZ,20050531,6.6925,6.8135,6.6191,6.7255,6.6558,0.0697000000000001,1.0472,5385.09,9925.9286
000869.SZ,20050530,6.5715,6.7841,6.4541,6.6558,6.6301,0.0257000000000005,0.3876,2816.53,5110.6682
000869.SZ,20050527,6.6008,6.8208,6.5641,6.6301,6.8135,-0.18340000000000067,-2.6917,6121.59,11066.1646
000869.SZ,20050526,6.8685,6.9675,6.5641,6.8135,7.0298,-0.2162999999999995,-3.0769,5665.85,10348.92
000869.SZ,20050525,7.0372,7.0518,6.8208,7.0298,7.1105,-0.08070000000000022,-1.1349,1442.68,2714.97
000869.SZ,20050524,6.7108,7.1509,6.5641,7.1105,6.7841,0.32640000000000047,4.8112,3135.29,5797.701
000869.SZ,20050523,6.6448,6.9308,6.6448,6.7841,6.9675,-0.18340000000000067,-2.6322,1283.4,2368.7458
000869.SZ,20050520,6.9858,6.9858,6.8758,6.9675,6.9345,0.03300000000000036,0.4759,1429.33,2712.2656
000869.SZ,20050519,6.8905,7.0408,6.7841,6.9345,6.9675,-0.03300000000000036,-0.4736,2098.61,3965.4723
000869.SZ,20050518,7.1802,7.1802,6.8282,6.9675,7.1619,-0.1943999999999999,-2.7144,6221.94,11799.2861
000869.SZ,20050517,7.0335,7.2535,6.9748,7.1619,7.0408,0.12110000000000021,1.72,2768.41,5394.7799
000869.SZ,20050516,6.6741,7.2975,6.6081,7.0408,6.7145,0.3262999999999998,4.8596,5626.76,10747.4998
000869.SZ,20050513,6.6558,6.8208,6.6008,6.7145,6.7475,-0.032999999999999474,-0.4891,2239.32,4119.4957
000869.SZ,20050512,6.8758,6.8758,6.5495,6.7475,6.9492,-0.20170000000000066,-2.9025,9023.9,16438.3793
000869.SZ,20050511,6.9675,7.0738,6.8942,6.9492,7.0078,-0.05859999999999932,-0.8362,6408.57,12204.6128
000869.SZ,20050510,7.2609,7.3709,6.9675,7.0078,7.2609,-0.25310000000000077,-3.4858,12737.57,24961.6762
000869.SZ,20050509,7.3672,7.3782,7.1509,7.2609,7.2829,-0.021999999999999353,-0.3021,2264.51,4495.2183
000869.SZ,20050429,7.3415,7.4809,7.0995,7.2829,7.3269,-0.04400000000000048,-0.6005,5899.87,11756.1338
000869.SZ,20050428,7.2972,7.3974,7.1542,7.3258,7.333,-0.007200000000000095,-0.0982,9543.77,19319.6678
000869.SZ,20050427,7.6013,7.6406,7.2615,7.333,7.6013,-0.2683,-3.5297,9695.82,19995.0554
000869.SZ,20050426,6.7964,7.6013,6.7964,7.6013,6.9109,0.6904000000000003,9.99,13318.72,27280.1428
000869.SZ,20050425,6.5818,7.054,6.5532,6.9109,6.7213,0.18959999999999955,2.8209,6382.0,12311.845
000869.SZ,20050422,6.4387,6.7428,6.4387,6.7213,6.682,0.03929999999999989,0.5881,4595.99,8561.2429
000869.SZ,20050421,6.5067,6.7964,6.403,6.682,6.5067,0.1753,2.6941,15069.08,28167.0473
000869.SZ,20050420,6.0095,6.5067,5.9916,6.5067,5.9165,0.5902000000000003,9.9755,34266.43,61603.5784
000869.SZ,20050418,5.9022,5.9737,5.9022,5.9165,5.9773,-0.06079999999999952,-1.0172,1093.75,1808.3402
000869.SZ,20050415,6.0453,6.0453,5.9201,5.9773,6.0596,-0.08230000000000004,-1.3582,1942.46,3253.8725
000869.SZ,20050414,6.081,6.081,6.0095,6.0596,6.0918,-0.03220000000000045,-0.5286,1643.35,2779.4954
000869.SZ,20050413,6.081,6.1526,6.0309,6.0918,6.0095,0.08230000000000004,1.3695,1761.95,2993.597
000869.SZ,20050412,6.0775,6.0989,5.9451,6.0095,6.0989,-0.08940000000000037,-1.4658,1573.9,2648.8746
000869.SZ,20050411,6.2599,6.3636,5.9022,6.0989,6.242,-0.14309999999999956,-2.2925,5957.67,10370.467
000869.SZ,20050408,6.1883,6.2921,6.1883,6.242,6.2134,0.02859999999999996,0.4603,2234.51,3892.8362
000869.SZ,20050407,6.2241,6.4137,6.2098,6.2134,6.2635,-0.05009999999999959,-0.7999,4944.73,8760.3599
000869.SZ,20050406,5.9737,6.2957,5.9737,6.2635,6.0345,0.2289999999999992,3.7948,6131.53,10637.0131
000869.SZ,20050405,6.0453,6.1168,5.9558,6.0345,6.0453,-0.010799999999999699,-0.1787,5994.25,10153.0555
000869.SZ,20050404,5.7949,6.1347,5.7949,6.0453,5.8092,0.23610000000000042,4.0642,7676.08,12914.3801
000869.SZ,20050401,5.5624,5.9451,5.5624,5.8092,5.5874,0.2218,3.9696,6778.4,11054.8485
000869.SZ,20050331,5.616,5.6518,5.5445,5.5874,5.641,-0.053600000000000314,-0.9502,1499.84,2354.1903
000869.SZ,20050330,5.6589,5.7949,5.6196,5.641,5.7913,-0.15029999999999966,-2.5953,4291.26,6828.0156
000869.SZ,20050329,5.616,5.8235,5.548,5.7913,5.616,0.1753,3.1214,3471.63,5541.5345
000869.SZ,20050328,5.5445,5.6518,5.5445,5.616,5.5874,0.02859999999999996,0.5119,1530.71,2402.0255
000869.SZ,20050325,5.5266,5.6446,5.5266,5.5874,5.5123,0.07509999999999994,1.3624,3640.38,5686.4689
000869.SZ,20050324,5.5802,5.5802,5.455,5.5123,5.6017,-0.08940000000000037,-1.5959,5649.65,8673.1704
000869.SZ,20050323,5.8163,5.8163,5.5802,5.6017,5.8199,-0.2181999999999995,-3.7492,5620.76,8876.1644
000869.SZ,20050322,5.7591,5.9129,5.7233,5.8199,5.7591,0.06079999999999952,1.0557,6620.81,10787.2543
000869.SZ,20050321,5.5445,5.7949,5.5087,5.7591,5.6053,0.15380000000000038,2.7438,5459.83,8633.5525
000869.SZ,20050318,5.5945,5.6482,5.4801,5.6053,5.5945,0.010799999999999699,0.193,3050.14,4736.7992
000869.SZ,20050317,5.3656,5.6804,5.3298,5.5945,5.3692,0.22529999999999983,4.1962,7892.27,12184.8803
000869.SZ,20050316,5.3656,5.3835,5.2583,5.3692,5.3656,0.0036000000000004917,0.0671,6022.55,8973.7856
000869.SZ,20050315,5.2583,5.3656,5.1796,5.3656,5.2941,0.07149999999999945,1.3506,3664.18,5440.7096
000869.SZ,20050314,5.083,5.337,5.0079,5.2941,5.083,0.21110000000000007,4.1531,7890.07,11572.055
000869.SZ,20050311,5.0115,5.083,4.9721,5.083,5.0294,0.053600000000000314,1.0657,1875.05,2630.7417
000869.SZ,20050310,5.1081,5.1081,4.9578,5.0294,5.1081,-0.07870000000000044,-1.5407,6089.5,8531.7547
000869.SZ,20050309,5.1438,5.1438,5.058,5.1081,5.1081,0.0,0.0,1596.0,2273.559
000869.SZ,20050308,5.1152,5.1438,5.0079,5.1081,5.0866,0.02150000000000052,0.4227,2979.46,4244.7825
000869.SZ,20050307,4.965,5.1474,4.9578,5.0866,4.9507,0.13589999999999947,2.7451,5163.59,7331.9337
000869.SZ,20050304,4.8934,4.9542,4.8469,4.9507,4.8076,0.14310000000000045,2.9765,3550.71,4874.4455
000869.SZ,20050303,4.7182,4.8291,4.7146,4.8076,4.8255,-0.017900000000000027,-0.3709,392.59,525.9201
000869.SZ,20050302,4.7074,4.8505,4.7074,4.8255,4.8577,-0.03220000000000045,-0.6629,517.57,697.6748
000869.SZ,20050301,4.8541,4.8684,4.7969,4.8577,4.8541,0.0036000000000004917,0.0742,352.3,476.154
000869.SZ,20050228,4.7289,4.872,4.7146,4.8541,4.7933,0.06079999999999952,1.2684,901.48,1216.7168
000869.SZ,20050225,4.7253,4.8791,4.686,4.7933,4.7289,0.06440000000000001,1.3618,1253.38,1682.5684
000869.SZ,20050224,4.6717,4.7575,4.6717,4.7289,4.686,0.04290000000000038,0.9155,613.88,807.8563
000869.SZ,20050223,4.6681,4.7647,4.6681,4.686,4.7861,-0.1001000000000003,-2.0915,888.06,1166.9709
000869.SZ,20050222,4.686,4.7897,4.6502,4.7861,4.6681,0.11800000000000033,2.5278,2664.8,3494.3432
000869.SZ,20050221,4.7217,4.7396,4.6144,4.6681,4.7325,-0.06440000000000001,-1.3608,1925.31,2531.1572
000869.SZ,20050218,4.8112,4.8791,4.7289,4.7325,4.8112,-0.07870000000000044,-1.6358,2305.8,3084.4005
000869.SZ,20050217,4.8648,4.9721,4.7539,4.8112,4.8469,-0.0356999999999994,-0.7366,2825.12,3804.2653
000869.SZ,20050216,4.8291,4.8648,4.7396,4.8469,4.8362,0.010699999999999932,0.2212,2073.44,2797.9395
000869.SZ,20050204,4.6967,4.8648,4.6895,4.8362,4.7003,0.13589999999999947,2.8913,3609.85,4791.8682
000869.SZ,20050203,4.7754,4.7754,4.6538,4.7003,4.7396,-0.03929999999999989,-0.8292,523.72,690.0606
000869.SZ,20050202,4.6788,4.7432,4.6502,4.7396,4.6144,0.12520000000000042,2.7132,1768.95,2324.6518
000869.SZ,20050201,4.5965,4.6609,4.5357,4.6144,4.6037,0.010699999999999932,0.2324,339.08,437.4915
000869.SZ,20050131,4.5,4.6073,4.5,4.6037,4.6466,-0.04290000000000038,-0.9233,462.42,591.0145
000869.SZ,20050128,4.6502,4.6502,4.5965,4.6466,4.6538,-0.007200000000000095,-0.1547,174.98,225.7701
000869.SZ,20050127,4.711,4.7396,4.5894,4.6538,4.711,-0.05719999999999992,-1.2142,546.71,715.6179
000869.SZ,20050126,4.7217,4.7253,4.6323,4.711,4.6931,0.017900000000000027,0.3814,546.62,719.0883
000869.SZ,20050125,4.5787,4.7504,4.4535,4.6931,4.5679,0.12520000000000042,2.7409,2416.57,3149.5306
000869.SZ,20050124,4.5679,4.643,4.5286,4.5679,4.5071,0.06079999999999952,1.349,250.06,318.9178
000869.SZ,20050121,4.4356,4.55,4.3283,4.5071,4.4964,0.010699999999999932,0.238,1586.84,1945.3453
000869.SZ,20050120,4.5071,4.5214,4.4356,4.4964,4.5643,-0.06789999999999985,-1.4876,683.78,859.137
000869.SZ,20050119,4.5071,4.5643,4.5,4.5643,4.5787,-0.01440000000000019,-0.3145,244.24,307.5902
000869.SZ,20050118,4.5,4.5787,4.5,4.5787,4.5107,0.0680000000000005,1.5075,625.87,787.9905
000869.SZ,20050117,4.6967,4.6967,4.5,4.5107,4.6037,-0.09299999999999997,-2.0201,1007.16,1285.4906
000869.SZ,20050114,4.6252,4.6395,4.5965,4.6037,4.6252,-0.02150000000000052,-0.4648,243.36,313.1941
000869.SZ,20050113,4.6502,4.6502,4.5787,4.6252,4.6144,0.010800000000000587,0.234,1095.2,1412.6568
000869.SZ,20050112,4.6108,4.6144,4.5608,4.6144,4.593,0.021399999999999864,0.4659,4307.64,5520.5839
000869.SZ,20050111,4.5787,4.5965,4.5107,4.593,4.5751,0.017900000000000027,0.3912,864.82,1106.7869
000869.SZ,20050110,4.525,4.6073,4.4749,4.5751,4.525,0.05009999999999959,1.1072,1882.68,2398.1
000869.SZ,20050107,4.5071,4.5715,4.4892,4.525,4.5,0.025000000000000355,0.5556,216.0,272.3325
000869.SZ,20050106,4.5178,4.5715,4.4749,4.5,4.5357,-0.03570000000000029,-0.7871,765.88,964.626
000869.SZ,20050105,4.4785,4.5715,4.4713,4.5357,4.5071,0.02859999999999996,0.6346,159.21,199.757
000869.SZ,20050104,4.4713,4.5071,4.4248,4.5071,4.5751,-0.06799999999999962,-1.4863,253.46,316.687
000869.SZ,20041231,4.5429,4.5787,4.4427,4.5751,4.4749,0.10020000000000007,2.2392,773.58,984.9073
000869.SZ,20041230,4.5143,4.5143,4.4713,4.4749,4.4713,0.0035999999999996035,0.0805,261.49,327.1377
000869.SZ,20041229,4.432,4.4785,4.432,4.4713,4.4284,0.04290000000000038,0.9687,1353.06,1686.9552
000869.SZ,20041228,4.5643,4.5965,4.3998,4.4284,4.6073,-0.1789000000000005,-3.883,12110.18,15162.0387
000869.SZ,20041227,4.6144,4.6645,4.5965,4.6073,4.6824,-0.07509999999999994,-1.6039,1201.8,1552.5466
000869.SZ,20041224,4.6752,4.686,4.6466,4.6824,4.6752,0.007200000000000095,0.154,870.73,1135.2517
000869.SZ,20041223,4.7182,4.7217,4.6502,4.6752,4.6752,0.0,0.0,2194.59,2876.0825
000869.SZ,20041222,4.6216,4.7217,4.6216,4.6752,4.6502,0.025000000000000355,0.5376,169.68,221.9317
000869.SZ,20041221,4.6609,4.686,4.6144,4.6502,4.6502,0.0,0.0,2850.4,3704.1006
000869.SZ,20041220,4.618,4.7039,4.618,4.6502,4.6681,-0.017900000000000027,-0.3835,1600.56,2072.3574
000869.SZ,20041217,4.6609,4.686,4.6609,4.6681,4.6895,-0.021399999999999864,-0.4563,134.32,175.5662
000869.SZ,20041216,4.6824,4.7825,4.6144,4.6895,4.7825,-0.09299999999999997,-1.9446,1695.76,2208.2269
000869.SZ,20041215,4.7396,4.7825,4.7217,4.7825,4.6824,0.10009999999999941,2.1378,725.75,963.367
000869.SZ,20041214,4.6788,4.7575,4.6538,4.6824,4.6788,0.0036000000000004917,0.0769,286.98,376.6469
000869.SZ,20041213,4.711,4.7217,4.6502,4.6788,4.6752,0.0035999999999996035,0.077,127.56,167.7486
000869.SZ,20041210,4.7539,4.7539,4.6502,4.6752,4.6538,0.021399999999999864,0.4598,268.84,351.0572
000869.SZ,20041209,4.6502,4.686,4.6144,4.6538,4.6538,0.0,0.0,2362.29,3068.7385
000869.SZ,20041208,4.7575,4.7575,4.6538,4.6538,4.7253,-0.07149999999999945,-1.5131,833.58,1091.4463
000869.SZ,20041207,4.7754,4.7825,4.7217,4.7253,4.7575,-0.03220000000000045,-0.6768,394.44,523.1668
000869.SZ,20041206,4.8004,4.8004,4.7217,4.7575,4.8004,-0.042899999999999494,-0.8937,2380.29,3164.02
000869.SZ,20041203,4.7933,4.804,4.7575,4.8004,4.7933,0.00709999999999944,0.1481,393.38,526.2456
000869.SZ,20041202,4.8291,4.8362,4.7647,4.7933,4.8541,-0.06079999999999952,-1.2525,1560.63,2089.9111
000869.SZ,20041201,4.8219,4.8827,4.804,4.8541,4.8255,0.02859999999999996,0.5927,493.02,669.9185
000869.SZ,20041130,4.7754,4.8469,4.7754,4.8255,4.7754,0.05009999999999959,1.0491,456.86,615.829
000869.SZ,20041129,4.7933,4.8541,4.7575,4.7754,4.8648,-0.08939999999999948,-1.8377,988.04,1316.8262
000869.SZ,20041126,4.8899,4.8934,4.8291,4.8648,4.8934,-0.02859999999999996,-0.5845,922.3,1257.3723
000869.SZ,20041125,4.7825,4.897,4.7754,4.8934,4.7861,0.1072999999999995,2.2419,647.7,873.7384
000869.SZ,20041124,4.779,4.804,4.7575,4.7861,4.8112,-0.025100000000000122,-0.5217,1445.38,1927.4046
000869.SZ,20041123,4.8398,4.8398,4.7575,4.8112,4.8899,-0.07869999999999955,-1.6094,3792.48,5111.6658
000869.SZ,20041122,4.9721,4.9721,4.8398,4.8899,4.9721,-0.08220000000000027,-1.6532,10610.11,14503.9435
000869.SZ,20041119,4.9757,4.9793,4.9364,4.9721,4.9757,-0.0035999999999996035,-0.0724,784.08,1087.0025
000869.SZ,20041118,4.9364,4.99,4.9364,4.9757,4.9542,0.02149999999999963,0.434,2886.22,4015.8798
000869.SZ,20041117,4.9185,4.9578,4.9006,4.9542,4.9364,0.01780000000000026,0.3606,1582.14,2184.9238
000869.SZ,20041116,4.9435,4.9507,4.8469,4.9364,4.9435,-0.007100000000000328,-0.1436,1744.37,2399.4524
000869.SZ,20041115,4.8505,4.9542,4.7933,4.9435,4.8505,0.09299999999999997,1.9173,5647.88,7754.0323
000869.SZ,20041112,4.7217,4.8648,4.7217,4.8505,4.7146,0.13590000000000035,2.8825,13867.93,18705.3305
000869.SZ,20041111,4.7289,4.7468,4.6895,4.7146,4.7182,-0.0036000000000004917,-0.0763,3915.27,5173.0229
000869.SZ,20041110,4.6502,4.7253,4.6502,4.7182,4.643,0.0752000000000006,1.6196,6166.61,8108.1461
000869.SZ,20041109,4.4749,4.6466,4.4749,4.643,4.5286,0.11439999999999984,2.5262,1147.1,1464.5544
000869.SZ,20041108,4.5787,4.5787,4.4892,4.5286,4.5787,-0.05010000000000048,-1.0942,1526.12,1932.7996
000869.SZ,20041105,4.6144,4.6144,4.5608,4.5787,4.6287,-0.04999999999999982,-1.0802,2283.62,2920.6224
000869.SZ,20041104,4.686,4.686,4.5429,4.6287,4.6538,-0.025100000000000122,-0.5393,2534.5,3281.2281
000869.SZ,20041103,4.6681,4.7039,4.6323,4.6538,4.6502,0.0036000000000004917,0.0774,1678.08,2189.5298
000869.SZ,20041102,4.6073,4.6788,4.5787,4.6502,4.5787,0.07149999999999945,1.5616,3759.56,4866.5801
000869.SZ,20041101,4.6502,4.6502,4.5429,4.5787,4.6073,-0.02859999999999996,-0.6208,1062.74,1362.1105
000869.SZ,20041029,4.4713,4.643,4.4356,4.6073,4.5536,0.05370000000000008,1.1793,3590.84,4612.5798
000869.SZ,20041028,4.6144,4.6144,4.525,4.5536,4.6144,-0.06079999999999952,-1.3176,1458.78,1864.51
000869.SZ,20041027,4.5894,4.7039,4.4713,4.6144,4.618,-0.0036000000000004917,-0.078,11705.28,15157.207
000869.SZ,20041026,4.6144,4.6466,4.5393,4.618,4.593,0.025000000000000355,0.5443,3104.53,3987.4407
000869.SZ,20041025,4.643,4.6502,4.5787,4.593,4.6073,-0.014300000000000423,-0.3104,4346.22,5608.713
000869.SZ,20041022,4.525,4.6108,4.4034,4.6073,4.5071,0.10020000000000007,2.2232,3883.78,4940.2926
000869.SZ,20041021,4.4392,4.5429,4.4392,4.5071,4.4606,0.046499999999999986,1.0425,1943.73,2448.13
000869.SZ,20041020,4.525,4.6108,4.4284,4.4606,4.4678,-0.007200000000000095,-0.1612,1234.32,1542.5707
000869.SZ,20041019,4.364,4.5071,4.364,4.4678,4.432,0.035800000000000054,0.8078,3164.5,3961.916
000869.SZ,20041018,4.2317,4.4356,4.2066,4.432,4.2317,0.20030000000000037,4.7333,2888.94,3507.9103
000869.SZ,20041015,4.2925,4.2925,4.1816,4.2317,4.3283,-0.09659999999999958,-2.2318,4564.16,5378.9684
000869.SZ,20041014,4.4499,4.4499,4.2925,4.3283,4.4606,-0.13230000000000075,-2.966,2224.34,2697.8725
000869.SZ,20041013,4.3998,4.4606,4.364,4.4606,4.3998,0.06080000000000041,1.3819,1652.18,2028.4343
000869.SZ,20041012,4.5357,4.5751,4.3855,4.3998,4.5787,-0.1789000000000005,-3.9072,3936.8,4890.2785
000869.SZ,20041011,4.5608,4.6502,4.5143,4.5787,4.6144,-0.0356999999999994,-0.7737,3093.3,3972.1741
000869.SZ,20041008,4.5679,4.6502,4.5429,4.6144,4.5715,0.042899999999999494,0.9384,3094.54,3965.4838
000869.SZ,20040930,4.643,4.643,4.5107,4.5715,4.5858,-0.014299999999999535,-0.3118,2041.81,2598.8327
000869.SZ,20040929,4.4749,4.6717,4.4749,4.5858,4.5608,0.024999999999999467,0.5481,5286.39,6839.3169
000869.SZ,20040928,4.4713,4.5965,4.3998,4.5608,4.457,0.10380000000000056,2.3289,2815.51,3564.8175
000869.SZ,20040927,4.4213,4.5751,4.3855,4.457,4.3426,0.11439999999999984,2.6344,7046.74,8867.3521
000869.SZ,20040924,4.3998,4.5965,4.3354,4.3426,4.3819,-0.03929999999999989,-0.8969,11364.41,14185.5158
000869.SZ,20040923,4.2209,4.3819,4.2209,4.3819,4.2209,0.1609999999999996,3.8144,2210.19,2674.2173
000869.SZ,20040922,4.2996,4.3569,4.2209,4.2209,4.3283,-0.10739999999999927,-2.4813,1599.0,1910.7262
000869.SZ,20040921,4.3962,4.3962,4.2961,4.3283,4.3962,-0.06790000000000074,-1.5445,3162.02,3839.7092
000869.SZ,20040920,4.2746,4.3998,4.246,4.3962,4.246,0.1501999999999999,3.5374,8457.93,10213.1876
000869.SZ,20040917,4.1816,4.2496,4.1423,4.246,4.1816,0.06440000000000001,1.5401,4089.21,4790.635
000869.SZ,20040916,4.2209,4.2209,4.1172,4.1816,4.1387,0.04290000000000038,1.0366,2367.12,2749.9782
000869.SZ,20040915,4.0421,4.1709,4.0421,4.1387,4.0242,0.1144999999999996,2.8453,5375.98,6213.284
000869.SZ,20040914,4.0242,4.06,3.9634,4.0242,3.9706,0.053600000000000314,1.3499,313.06,349.9925
000869.SZ,20040913,4.0636,4.0636,3.9348,3.9706,4.0385,-0.06789999999999985,-1.6813,137.77,153.0111
000869.SZ,20040910,3.9348,4.0636,3.8632,4.0385,3.992,0.046499999999999986,1.1648,440.08,490.7691
000869.SZ,20040909,3.7345,4.0242,3.7345,3.992,4.0171,-0.025100000000000122,-0.6248,601.4,669.1825
000869.SZ,20040908,4.0135,4.0242,3.9741,4.0171,4.0314,-0.014299999999999535,-0.3547,401.56,448.4864
000869.SZ,20040907,4.06,4.0993,4.0027,4.0314,4.06,-0.02859999999999996,-0.7044,161.0,182.3833
000869.SZ,20040906,3.9741,4.0993,3.9706,4.06,4.1065,-0.046499999999999986,-1.1324,133.54,149.8243
000869.SZ,20040903,4.0779,4.1065,3.9777,4.1065,4.0814,0.025099999999999234,0.615,274.14,312.2735
000869.SZ,20040902,3.9491,4.1065,3.899,4.0814,3.9849,0.09650000000000025,2.4216,2542.31,2811.5709
000869.SZ,20040901,4.0242,4.0242,3.9777,3.9849,4.0242,-0.039300000000000335,-0.9766,560.36,627.0583
000869.SZ,20040831,4.0743,4.1136,4.0242,4.0242,4.0385,-0.014299999999999535,-0.3541,988.92,1117.9238
000869.SZ,20040830,4.0707,4.0707,4.0385,4.0385,4.0707,-0.03220000000000045,-0.791,335.0,380.3641
000869.SZ,20040827,4.0206,4.1351,4.0206,4.0707,4.1458,-0.07509999999999994,-1.8115,692.36,789.0148
000869.SZ,20040826,4.1136,4.1458,4.1136,4.1458,4.1136,0.03220000000000045,0.7828,594.49,684.2516
000869.SZ,20040825,4.1172,4.1351,4.1136,4.1136,4.1423,-0.028699999999999726,-0.6929,1209.03,1391.5741
000869.SZ,20040824,4.1136,4.1494,4.1136,4.1423,4.1136,0.028699999999999726,0.6977,475.6,548.8256
000869.SZ,20040823,4.1136,4.1315,4.0779,4.1136,4.1208,-0.007200000000000095,-0.1747,1723.44,1981.1951
000869.SZ,20040820,4.1065,4.1673,4.1065,4.1208,4.0958,0.025000000000000355,0.6104,1990.73,2302.5494
000869.SZ,20040819,4.0707,4.1136,4.0671,4.0958,4.0707,0.025099999999999234,0.6166,746.44,852.9059
000869.SZ,20040818,3.9813,4.1065,3.9706,4.0707,4.0421,0.028600000000000847,0.7076,2655.82,3020.0607
000869.SZ,20040817,4.0063,4.0743,3.9348,4.0421,4.0063,0.035799999999999166,0.8936,1353.01,1504.2673
000869.SZ,20040816,4.0242,4.0779,3.9992,4.0063,4.0636,-0.057299999999999685,-1.4101,2075.26,2333.9882
000869.SZ,20040813,4.0779,4.1315,4.0457,4.0636,4.0958,-0.03219999999999956,-0.7862,453.44,516.7341
000869.SZ,20040812,4.1136,4.1351,3.9562,4.0958,4.1351,-0.03930000000000078,-0.9504,1761.79,2012.6555
000869.SZ,20040811,4.1494,4.1852,4.1315,4.1351,4.1852,-0.05009999999999959,-1.1971,1249.7,1452.1673
000869.SZ,20040810,4.1494,4.1959,4.1315,4.1852,4.1315,0.05370000000000008,1.2998,2369.47,2764.6653
000869.SZ,20040809,4.0457,4.1852,4.0457,4.1315,4.0457,0.08579999999999988,2.1208,4533.74,5246.3273
000869.SZ,20040806,4.0779,4.0779,4.0421,4.0457,4.0743,-0.02859999999999996,-0.702,516.2,584.2695
000869.SZ,20040805,4.1494,4.1494,4.0636,4.0743,4.1315,-0.05719999999999992,-1.3845,586.9,675.7443
000869.SZ,20040804,4.06,4.2531,4.06,4.1315,4.0636,0.06789999999999985,1.6709,1920.24,2224.9703
000869.SZ,20040803,4.178,4.1852,4.0099,4.0636,4.2209,-0.15730000000000022,-3.7267,2986.84,3419.4599
000869.SZ,20040802,4.2818,4.2818,4.1744,4.2209,4.246,-0.025100000000000122,-0.5911,372.12,439.8862
000869.SZ,20040730,4.2603,4.2925,4.246,4.246,4.2746,-0.02859999999999996,-0.6691,1077.34,1282.7987
000869.SZ,20040729,4.2245,4.2961,4.2209,4.2746,4.2031,0.07150000000000034,1.7011,2189.02,2607.799
000869.SZ,20040728,4.2424,4.2639,4.1673,4.2031,4.2424,-0.03929999999999989,-0.9264,2508.95,2963.6577
000869.SZ,20040727,4.2603,4.2925,4.1673,4.2424,4.2603,-0.017900000000000027,-0.4202,1640.84,1943.5821
000869.SZ,20040726,4.2388,4.3068,4.2209,4.2603,4.2353,0.025000000000000355,0.5903,1511.82,1801.7191
000869.SZ,20040723,4.2031,4.2353,4.1351,4.2353,4.2388,-0.0035000000000007248,-0.0826,3291.06,3851.4064
000869.SZ,20040722,4.3247,4.3247,4.2281,4.2388,4.2675,-0.028699999999999726,-0.6725,4175.41,4994.6455
000869.SZ,20040721,4.3533,4.3748,4.2675,4.2675,4.3569,-0.08940000000000037,-2.0519,2289.7,2765.0073
000869.SZ,20040720,4.3104,4.3748,4.2209,4.3569,4.3247,0.03220000000000045,0.7446,4492.53,5440.7616
000869.SZ,20040719,4.0922,4.3283,4.0421,4.3247,4.0922,0.23249999999999993,5.6815,9553.4,11382.1109
000869.SZ,20040716,4.1065,4.1136,4.0564,4.0922,4.0564,0.035800000000000054,0.8826,2934.73,3353.6232
000869.SZ,20040715,3.9348,4.06,3.9348,4.0564,3.9097,0.14670000000000005,3.7522,4989.12,5624.4879
000869.SZ,20040714,3.8632,3.9241,3.8561,3.9097,3.8489,0.060799999999999965,1.5797,966.6,1050.2166
000869.SZ,20040713,3.8346,3.8954,3.8132,3.8489,3.8704,-0.021500000000000075,-0.5555,395.77,424.6781
000869.SZ,20040712,3.992,3.992,3.8454,3.8704,3.899,-0.02859999999999996,-0.7335,3355.02,3626.132
000869.SZ,20040709,3.9169,3.9455,3.899,3.899,3.9205,-0.021500000000000075,-0.5484,4588.89,5035.7386
000869.SZ,20040708,3.8561,3.9205,3.8275,3.9205,3.8382,0.08230000000000004,2.1442,3367.82,3651.1901
000869.SZ,20040707,3.8597,3.8632,3.8275,3.8382,3.8561,-0.017900000000000027,-0.4642,511.14,550.0745
000869.SZ,20040706,3.7845,3.9241,3.7488,3.8561,3.7702,0.08590000000000009,2.2784,6136.29,6658.3035
000869.SZ,20040705,3.7559,3.7917,3.7202,3.7702,3.7524,0.017799999999999816,0.4744,1067.74,1125.3814
000869.SZ,20040702,3.6701,3.781,3.6701,3.7524,3.7559,-0.0034999999999998366,-0.0932,454.17,474.9585
000869.SZ,20040701,3.6915,3.8203,3.6128,3.7559,3.6057,0.1501999999999999,4.1656,989.23,1035.897
000869.SZ,20040630,3.5914,3.6486,3.5914,3.6057,3.6307,-0.02499999999999991,-0.6886,191.5,193.4968
000869.SZ,20040629,3.7166,3.7166,3.5878,3.6307,3.6093,0.021399999999999864,0.5929,500.31,505.5685
000869.SZ,20040628,3.6164,3.6236,3.5377,3.6093,3.6272,-0.017900000000000027,-0.4935,1359.8,1363.7709
000869.SZ,20040625,3.6128,3.7202,3.5771,3.6272,3.6844,-0.05719999999999992,-1.5525,990.4,1013.3017
000869.SZ,20040624,3.7559,3.7917,3.6844,3.6844,3.7559,-0.0714999999999999,-1.9037,988.0,1032.1603
000869.SZ,20040623,3.738,3.7881,3.738,3.7559,3.7595,-0.0036000000000000476,-0.0958,1328.78,1394.7194
000869.SZ,20040622,3.7559,3.7917,3.7202,3.7595,3.7667,-0.007200000000000095,-0.1911,904.13,948.7574
000869.SZ,20040621,3.8704,3.8704,3.7023,3.7667,3.8775,-0.11079999999999979,-2.8575,5566.18,5812.812
000869.SZ,20040618,3.9205,3.9598,3.7738,3.8775,3.9169,-0.0394000000000001,-1.0059,2522.61,2733.6078
000869.SZ,20040617,3.899,3.9706,3.8704,3.9169,3.9205,-0.0036000000000000476,-0.0918,877.47,965.1905
000869.SZ,20040616,3.7559,3.9348,3.7559,3.9205,3.7845,0.13600000000000012,3.5936,3115.86,3393.5281
000869.SZ,20040615,3.7595,3.8132,3.7237,3.7845,3.7595,0.02499999999999991,0.665,1344.29,1410.0621
000869.SZ,20040614,3.7345,3.7667,3.595,3.7595,3.7416,0.017900000000000027,0.4784,2494.38,2599.969
000869.SZ,20040611,3.7595,3.7881,3.7202,3.7416,3.7488,-0.007200000000000095,-0.1921,1203.4,1260.056
000869.SZ,20040610,3.8298,3.8516,3.7315,3.7506,3.8298,-0.07920000000000016,-2.068,5067.37,7020.0934
000869.SZ,20040609,3.868,3.9527,3.797,3.8298,3.9172,-0.0873999999999997,-2.2312,2515.0,3547.464
000869.SZ,20040608,3.909,3.9828,3.9063,3.9172,3.9855,-0.06830000000000025,-1.7137,1111.8,1597.076
000869.SZ,20040607,4.0128,4.021,3.909,3.9855,4.0183,-0.03279999999999994,-0.8163,891.94,1293.5697
000869.SZ,20040604,3.991,4.0429,3.9063,4.0183,4.0374,-0.019099999999999895,-0.4731,1021.35,1485.8688
000869.SZ,20040603,4.0429,4.0702,3.9609,4.0374,4.0702,-0.03279999999999994,-0.8059,1843.28,2713.3984
000869.SZ,20040602,4.0756,4.103,4.0647,4.0702,4.0702,0.0,0.0,1362.06,2029.6616
000869.SZ,20040601,4.0292,4.1112,4.0155,4.0702,4.0101,0.060099999999999376,1.4987,5857.04,8714.1209
000869.SZ,20040531,3.9882,4.0565,3.9882,4.0101,3.991,0.01910000000000034,0.4786,461.6,678.34
000869.SZ,20040528,4.0292,4.0292,3.9363,3.991,4.0292,-0.038200000000000234,-0.9481,1125.4,1641.7126
000869.SZ,20040527,3.9199,4.0319,3.9199,4.0292,3.9199,0.10930000000000017,2.7883,1240.18,1815.1001
000869.SZ,20040526,3.879,3.9227,3.8653,3.9199,3.879,0.04090000000000016,1.0544,1223.22,1745.8624
000869.SZ,20040525,3.8544,3.9309,3.8271,3.879,3.8598,0.019200000000000106,0.4974,2160.0,3082.1232
000869.SZ,20040524,3.8516,3.9035,3.8516,3.8598,3.8653,-0.00550000000000006,-0.1423,425.0,600.6323
000869.SZ,20040520,3.9281,3.9281,3.838,3.8653,3.9035,-0.038200000000000234,-0.9786,824.6,1167.8746
000869.SZ,20040519,3.9063,3.9309,3.8243,3.9035,3.9063,-0.0027999999999996916,-0.0717,1651.9,2349.3556
000869.SZ,20040518,3.8926,3.9336,3.7041,3.9063,3.9117,-0.0054000000000002935,-0.138,3377.18,4690.789
000869.SZ,20040517,4.0101,4.0101,3.9117,3.9117,4.0265,-0.11480000000000024,-2.8511,1491.42,2153.3086
000869.SZ,20040514,4.0647,4.0702,3.9609,4.0265,4.062,-0.035499999999999865,-0.874,2952.49,4326.8481
000869.SZ,20040513,4.0019,4.0838,3.9746,4.062,4.0019,0.060100000000000264,1.5018,2311.43,3412.395
000869.SZ,20040512,4.0155,4.0593,3.9281,4.0019,4.0347,-0.03279999999999994,-0.8129,4507.62,6621.5043
000869.SZ,20040511,4.0702,4.1194,4.0019,4.0347,4.0729,-0.03819999999999979,-0.9379,6015.0,8947.0429
000869.SZ,20040510,4.0702,4.1521,3.9882,4.0729,4.0647,0.008199999999999541,0.2017,5887.6,8840.1898
000869.SZ,20040430,3.9882,4.0838,3.9473,4.0647,3.991,0.0737000000000001,1.8467,2332.58,3425.6584
000869.SZ,20040429,4.0237,4.0702,3.9445,3.991,4.0784,-0.08740000000000014,-2.143,5120.14,7504.8156
000869.SZ,20040428,4.1057,4.1057,4.0046,4.0784,4.092,-0.01359999999999939,-0.3324,3003.05,4449.8191
000869.SZ,20040427,4.0429,4.1112,4.0155,4.092,4.0319,0.060099999999999376,1.4906,12111.67,18118.3271
000869.SZ,20040426,3.9254,4.092,3.9254,4.0319,3.9254,0.10650000000000048,2.7131,6861.93,10055.0069
000869.SZ,20040423,3.8899,3.9473,3.838,3.9254,3.8954,0.029999999999999805,0.7701,3261.95,4660.5424
000869.SZ,20040422,3.8025,3.9336,3.8025,3.8954,3.797,0.09839999999999982,2.5915,5309.99,7469.8288
000869.SZ,20040421,3.7943,3.8216,3.7724,3.797,3.7943,0.0027000000000003688,0.0712,1682.7,2342.0303
000869.SZ,20040420,3.797,3.7997,3.7697,3.7943,3.8189,-0.0246000000000004,-0.6442,2307.0,3201.1036
000869.SZ,20040419,3.756,3.8243,3.756,3.8189,3.7997,0.019200000000000106,0.5053,808.89,1127.8953
000869.SZ,20040416,3.8107,3.8107,3.7205,3.7997,3.7533,0.04640000000000022,1.2362,1035.6,1426.9892
000869.SZ,20040415,3.756,3.7834,3.7424,3.7533,3.767,-0.013700000000000045,-0.3637,1380.26,1899.7219
000869.SZ,20040414,3.7834,3.8981,3.7315,3.767,3.8216,-0.054600000000000204,-1.4287,2378.63,3288.116
000869.SZ,20040413,3.9609,4.0101,3.7888,3.8216,3.879,-0.057399999999999896,-1.4798,3340.0,4762.4566
000869.SZ,20040412,3.797,3.9063,3.7697,3.879,3.8271,0.051899999999999835,1.3561,2268.62,3184.7532
000869.SZ,20040409,3.9473,3.9473,3.8052,3.8271,3.9473,-0.12019999999999964,-3.0451,2212.98,3126.367
000869.SZ,20040408,3.9855,3.9855,3.9117,3.9473,3.9855,-0.038200000000000234,-0.9585,2873.61,4171.2112
000869.SZ,20040407,3.9336,3.9882,3.8981,3.9855,3.8954,0.09010000000000007,2.313,4745.6,6880.3874
000869.SZ,20040406,3.9199,3.9227,3.879,3.8954,3.8899,0.00550000000000006,0.1414,1613.9,2304.2987
000869.SZ,20040405,3.8872,3.9336,3.879,3.8899,3.8954,-0.00550000000000006,-0.1412,1833.74,2617.9665
000869.SZ,20040402,3.8735,3.9063,3.8462,3.8954,3.8735,0.02190000000000003,0.5654,3342.47,4762.7042
000869.SZ,20040401,3.7151,3.9008,3.7123,3.8735,3.7096,0.16389999999999993,4.4183,6214.63,8712.7976
000869.SZ,20040331,3.756,3.7697,3.7014,3.7096,3.6959,0.013700000000000045,0.3707,1644.09,2249.3246
000869.SZ,20040330,3.6877,3.6959,3.6495,3.6959,3.6905,0.005399999999999849,0.1463,1313.22,1763.2072
000869.SZ,20040329,3.6058,3.7424,3.6058,3.6905,3.7369,-0.046399999999999775,-1.2417,738.4,1004.2366
000869.SZ,20040326,3.7424,3.7834,3.6877,3.7369,3.7424,-0.00550000000000006,-0.147,2654.0,3646.0458
000869.SZ,20040325,3.7151,3.7779,3.7151,3.7424,3.7506,-0.008199999999999985,-0.2186,1815.13,2495.0541
000869.SZ,20040324,3.7096,3.756,3.7096,3.7506,3.7151,0.035499999999999865,0.9556,4208.4,5743.1289
000869.SZ,20040323,3.6877,3.7205,3.6877,3.7151,3.7069,0.008199999999999985,0.2212,1960.7,2655.1347
000869.SZ,20040322,3.6304,3.726,3.6195,3.7069,3.6577,0.04919999999999991,1.3451,5282.47,7119.0249
000869.SZ,20040319,3.5566,3.6877,3.5566,3.6577,3.6167,0.04100000000000037,1.1336,2500.02,3341.1097
000869.SZ,20040318,3.6714,3.685,3.6003,3.6167,3.6604,-0.043700000000000294,-1.1939,2237.32,2968.8398
000869.SZ,20040317,3.5566,3.6686,3.5566,3.6604,3.6304,0.03000000000000025,0.8264,2908.7,3879.1325
000869.SZ,20040316,3.5512,3.6331,3.5157,3.6304,3.5348,0.09559999999999969,2.7045,3519.2,4618.1584
000869.SZ,20040315,3.4938,3.5512,3.4801,3.5348,3.5075,0.027300000000000324,0.7783,1100.53,1420.9325
000869.SZ,20040312,3.4692,3.5129,3.4692,3.5075,3.4801,0.027399999999999647,0.7873,1888.34,2413.7795
000869.SZ,20040311,3.4419,3.4993,3.4392,3.4801,3.4364,0.043700000000000294,1.2717,2024.6,2556.132
000869.SZ,20040310,3.4146,3.461,3.4064,3.4364,3.4364,0.0,0.0,3019.23,3778.7441
000869.SZ,20040309,3.4965,3.532,3.4364,3.4364,3.4965,-0.060100000000000264,-1.7189,1742.0,2227.481
000869.SZ,20040308,3.573,3.573,3.4829,3.4965,3.5594,-0.06289999999999996,-1.7672,1154.71,1478.2164
000869.SZ,20040305,3.6277,3.6277,3.5238,3.5594,3.6277,-0.0682999999999998,-1.8827,682.4,894.2334
000869.SZ,20040304,3.4883,3.6277,3.4883,3.6277,3.5293,0.09839999999999982,2.7881,1413.21,1821.5965
000869.SZ,20040303,3.4965,3.5648,3.4965,3.5293,3.5375,-0.008199999999999985,-0.2318,2145.6,2756.3958
000869.SZ,20040302,3.532,3.5812,3.5238,3.5375,3.5594,-0.02190000000000003,-0.6153,729.41,945.0455
000869.SZ,20040301,3.4965,3.5594,3.461,3.5594,3.4965,0.06289999999999996,1.7989,1176.48,1515.2663
000869.SZ,20040227,3.4692,3.5839,3.4692,3.4965,3.5102,-0.013700000000000045,-0.3903,2455.0,3142.3776
000869.SZ,20040226,3.4965,3.5375,3.4692,3.5102,3.502,0.00820000000000043,0.2342,1781.48,2276.9053
000869.SZ,20040225,3.5839,3.6058,3.4993,3.502,3.5839,-0.08190000000000008,-2.2852,2796.3,3626.0423
000869.SZ,20040224,3.5785,3.5949,3.5512,3.5839,3.5976,-0.013700000000000045,-0.3808,3729.76,4882.0189
000869.SZ,20040223,3.6468,3.6823,3.5785,3.5976,3.6877,-0.09010000000000007,-2.4433,3147.39,4151.3518
000869.SZ,20040220,3.7014,3.7151,3.6468,3.6877,3.7014,-0.013700000000000045,-0.3701,3517.6,4749.115
000869.SZ,20040219,3.6468,3.7287,3.6468,3.7014,3.6659,0.035499999999999865,0.9684,3206.88,4343.0697
000869.SZ,20040218,3.6604,3.6932,3.6604,3.6659,3.6522,0.013700000000000045,0.3751,2469.35,3321.7275
000869.SZ,20040217,3.6877,3.726,3.6358,3.6522,3.6877,-0.035499999999999865,-0.9627,1908.15,2561.62
000869.SZ,20040216,3.532,3.7014,3.4965,3.6877,3.532,0.15569999999999995,4.4083,6630.93,8848.6969
000869.SZ,20040213,3.5075,3.5785,3.4719,3.532,3.5075,0.02450000000000019,0.6985,2111.48,2739.7751
000869.SZ,20040212,3.4638,3.5375,3.4173,3.5075,3.4692,0.0383,1.104,1260.89,1604.683
000869.SZ,20040211,3.4965,3.4965,3.4474,3.4692,3.5047,-0.03550000000000031,-1.0129,2094.89,2659.6714
000869.SZ,20040210,3.5512,3.5785,3.4829,3.5047,3.5512,-0.046499999999999986,-1.3094,2514.3,3241.6446
000869.SZ,20040209,3.5238,3.5676,3.4993,3.5512,3.5238,0.02740000000000009,0.7776,1569.21,2029.8059
000869.SZ,20040206,3.6277,3.6277,3.5102,3.5238,3.5976,-0.07379999999999987,-2.0514,2231.4,2888.9854
000869.SZ,20040205,3.42,3.6277,3.4173,3.5976,3.4419,0.15569999999999995,4.5237,8721.91,11348.1819
000869.SZ,20040204,3.319,3.4556,3.2835,3.4419,3.2999,0.1419999999999999,4.3032,6213.17,7775.0153
000869.SZ,20040203,3.278,3.3272,3.2561,3.2999,3.3299,-0.029999999999999805,-0.9009,932.2,1123.4478
000869.SZ,20040202,3.3326,3.3791,3.2507,3.3299,3.2944,0.035499999999999865,1.0776,2780.58,3363.0457
000869.SZ,20040130,3.3599,3.3818,3.278,3.2944,3.3599,-0.06550000000000011,-1.9495,1434.67,1741.0566
000869.SZ,20040129,3.3791,3.3791,3.3053,3.3599,3.3791,-0.019200000000000106,-0.5682,663.49,811.9213
000869.SZ,20040116,3.3545,3.3818,3.2917,3.3791,3.319,0.060100000000000264,1.8108,1337.49,1636.8596
000869.SZ,20040115,3.3463,3.3463,3.2725,3.319,3.3326,-0.013599999999999834,-0.4081,1321.75,1598.4438
000869.SZ,20040114,3.349,3.3572,3.319,3.3326,3.4009,-0.06830000000000025,-2.0083,607.21,741.2062
000869.SZ,20040113,3.3845,3.4064,3.3217,3.4009,3.3873,0.013599999999999834,0.4015,1541.03,1889.3772
000869.SZ,20040112,3.3436,3.4091,3.2671,3.3873,3.3463,0.04100000000000037,1.2252,3022.95,3642.3431
000869.SZ,20040109,3.4173,3.4282,3.319,3.3463,3.461,-0.11470000000000002,-3.3141,2493.5,3086.1835
000869.SZ,20040108,3.4064,3.5512,3.278,3.461,3.4474,0.013599999999999834,0.3945,13260.7,16757.718
000869.SZ,20040107,3.4938,3.4938,3.3599,3.4474,3.4064,0.040999999999999925,1.2036,7767.6,9708.1061
000869.SZ,20040106,3.2889,3.4146,3.2507,3.4064,3.2889,0.11750000000000016,3.5726,5944.46,7259.0531
000869.SZ,20040105,3.1278,3.319,3.0977,3.2889,3.125,0.16389999999999993,5.2448,6983.06,8112.3699
000869.SZ,20040102,3.0868,3.1332,3.0731,3.125,3.0868,0.03819999999999979,1.2375,3394.64,3862.6747
000869.SZ,20031231,3.1004,3.1387,3.0458,3.0868,3.0977,-0.01089999999999991,-0.3519,3731.99,4228.9964
000869.SZ,20031230,3.0294,3.1032,3.0185,3.0977,3.0294,0.06830000000000025,2.2546,4148.8,4678.2074
000869.SZ,20031229,3.0731,3.0759,3.0185,3.0294,3.0759,-0.046499999999999986,-1.5118,1452.6,1615.295
000869.SZ,20031226,3.0513,3.0868,3.0458,3.0759,3.0595,0.01639999999999997,0.536,1916.69,2149.3542
000869.SZ,20031225,2.983,3.0677,2.983,3.0595,2.9802,0.07929999999999993,2.6609,2460.36,2731.9671
000869.SZ,20031224,2.9611,2.983,2.9174,2.9802,2.9283,0.051899999999999835,1.7724,2245.59,2414.5239
000869.SZ,20031223,2.8956,2.9393,2.8764,2.9283,2.871,0.05730000000000013,1.9958,1617.96,1719.3064
000869.SZ,20031222,2.8546,2.9229,2.7344,2.871,2.9038,-0.03279999999999994,-1.1296,2266.27,2363.062
000869.SZ,20031219,2.9256,2.9502,2.901,2.9038,2.9256,-0.021800000000000264,-0.7451,1612.91,1726.822
000869.SZ,20031218,2.9502,2.9502,2.901,2.9256,2.9529,-0.02729999999999988,-0.9245,1095.0,1170.9008
000869.SZ,20031217,2.9775,2.9857,2.9393,2.9529,2.9775,-0.024599999999999955,-0.8262,1125.6,1222.537
000869.SZ,20031216,2.9775,3.0076,2.9721,2.9775,3.0076,-0.030100000000000016,-1.0008,706.94,770.1129
000869.SZ,20031215,3.0048,3.024,3.0048,3.0076,3.0103,-0.0026999999999999247,-0.0897,210.4,231.9284
000869.SZ,20031212,3.0595,3.0595,3.0048,3.0103,3.0595,-0.04919999999999991,-1.6081,670.69,743.5804
000869.SZ,20031211,3.0212,3.0595,3.0212,3.0595,3.0212,0.0383,1.2677,2078.09,2322.0074
000869.SZ,20031210,2.9775,3.054,2.9775,3.0212,2.9939,0.02729999999999988,0.9119,907.0,997.2544
000869.SZ,20031209,2.9912,3.0185,2.9721,2.9939,2.9912,0.0026999999999999247,0.0903,840.4,921.646
000869.SZ,20031208,3.0895,3.095,2.9857,2.9912,3.0922,-0.10099999999999998,-3.2663,1951.0,2163.2184
000869.SZ,20031205,3.0868,3.1004,3.0458,3.0922,3.0895,0.0026999999999999247,0.0874,554.74,621.7604
000869.SZ,20031204,3.0731,3.1086,3.0485,3.0895,3.0731,0.01639999999999997,0.5337,1922.46,2171.9398
000869.SZ,20031203,3.0731,3.0895,3.0076,3.0731,3.0513,0.021800000000000264,0.7144,2373.32,2667.8254
000869.SZ,20031202,3.0267,3.0677,2.9912,3.0513,3.0294,0.02190000000000003,0.7229,2121.27,2364.246
000869.SZ,20031201,2.9966,3.0431,2.9802,3.0294,2.9966,0.03279999999999994,1.0946,1549.86,1710.9053
000869.SZ,20031128,2.9802,3.0048,2.9721,2.9966,2.9802,0.01639999999999997,0.5503,688.14,754.1747
000869.SZ,20031127,3.0595,3.0759,2.9775,2.9802,3.0567,-0.07650000000000023,-2.5027,1545.1,1704.0028
000869.SZ,20031126,3.0813,3.1004,3.0403,3.0567,3.0813,-0.024599999999999955,-0.7984,1760.29,1978.347
000869.SZ,20031125,2.983,3.1387,2.9502,3.0813,2.9721,0.10919999999999996,3.6742,4629.99,5176.4492
000869.SZ,20031124,2.9502,2.9994,2.9147,2.9721,2.9502,0.02190000000000003,0.7423,1802.68,1947.9566
000869.SZ,20031121,2.9775,2.9939,2.9229,2.9502,2.9693,-0.019099999999999895,-0.6432,1731.2,1866.9218
000869.SZ,20031120,2.9229,2.9994,2.9092,2.9693,2.9229,0.04640000000000022,1.5875,1911.85,2071.6292
000869.SZ,20031119,2.8792,2.9666,2.8792,2.9229,2.9229,0.0,0.0,1533.4,1648.9814
000869.SZ,20031118,2.9529,2.9529,2.9174,2.9229,2.9557,-0.032800000000000384,-1.1097,1357.2,1456.4266
000869.SZ,20031117,2.9447,2.9775,2.9229,2.9557,2.9229,0.032800000000000384,1.1222,598.34,648.4141
000869.SZ,20031114,2.901,2.942,2.8983,2.9229,2.9229,0.0,0.0,987.72,1058.5704
000869.SZ,20031113,2.9147,2.9283,2.8956,2.9229,2.9311,-0.008199999999999985,-0.2798,1913.46,2044.9783
000869.SZ,20031112,2.9912,2.9912,2.9229,2.9311,2.9994,-0.06830000000000025,-2.2771,1901.89,2059.1253
000869.SZ,20031111,2.9666,3.0048,2.9475,2.9994,2.9666,0.03279999999999994,1.1056,1573.22,1719.4669
000869.SZ,20031110,2.9502,2.9666,2.901,2.9666,2.9229,0.043700000000000294,1.4951,2743.32,2940.4257
000869.SZ,20031107,3.0185,3.054,2.9147,2.9229,3.0321,-0.10919999999999996,-3.6015,6405.38,6979.9452
000869.SZ,20031106,2.9365,3.0813,2.9311,3.0321,2.9229,0.10919999999999996,3.736,11716.63,12924.4475
000869.SZ,20031105,2.8956,2.9639,2.8956,2.9229,2.9092,0.013700000000000045,0.4709,6220.67,6662.1767
000869.SZ,20031104,2.8546,2.9693,2.8355,2.9092,2.871,0.03819999999999979,1.3305,5541.29,5892.1634
000869.SZ,20031103,2.8409,2.8819,2.7863,2.871,2.8382,0.03279999999999994,1.1557,4224.34,4391.568
000869.SZ,20031031,2.7399,2.8409,2.7317,2.8382,2.7535,0.08470000000000022,3.0761,3501.64,3584.578
000869.SZ,20031030,2.7098,2.7535,2.7098,2.7535,2.7289,0.024599999999999955,0.9015,2833.94,2842.1502
000869.SZ,20031029,2.6907,2.7371,2.6497,2.7289,2.6524,0.07649999999999979,2.8842,4316.5,4268.734
000869.SZ,20031028,2.5842,2.6661,2.5814,2.6524,2.5869,0.06550000000000011,2.532,1502.2,1448.7396
000869.SZ,20031027,2.6306,2.647,2.5869,2.5869,2.6306,-0.04369999999999985,-1.6612,474.2,452.5264
000869.SZ,20031024,2.6361,2.6634,2.5978,2.6306,2.6306,0.0,0.0,353.8,340.8522
000869.SZ,20031023,2.6688,2.6852,2.6224,2.6306,2.6497,-0.01910000000000034,-0.7208,1019.58,990.7374
000869.SZ,20031022,2.6224,2.6524,2.5596,2.6497,2.565,0.08470000000000022,3.3021,1057.22,1017.453
000869.SZ,20031021,2.5732,2.5732,2.5541,2.565,2.5869,-0.02190000000000003,-0.8466,259.49,243.1521
000869.SZ,20031020,2.5869,2.5951,2.565,2.5869,2.6087,-0.02179999999999982,-0.8357,312.11,294.9129
000869.SZ,20031017,2.5923,2.6087,2.5869,2.6087,2.606,0.0026999999999999247,0.1036,309.2,294.1144
000869.SZ,20031016,2.6279,2.6361,2.5951,2.606,2.6415,-0.03550000000000031,-1.3439,774.21,740.114
000869.SZ,20031015,2.6634,2.677,2.6333,2.6415,2.6388,0.0027000000000003688,0.1023,614.4,595.4714
000869.SZ,20031014,2.6251,2.6552,2.6251,2.6388,2.6388,0.0,0.0,583.95,563.5715
000869.SZ,20031013,2.6224,2.6989,2.6224,2.6388,2.6197,0.019099999999999895,0.7291,822.8,799.297
000869.SZ,20031010,2.5678,2.6443,2.5514,2.6197,2.5459,0.07379999999999987,2.8988,695.25,661.0914
000869.SZ,20031009,2.5678,2.5814,2.5404,2.5459,2.5678,-0.02190000000000003,-0.8529,530.7,494.7132
000869.SZ,20031008,2.5678,2.5678,2.5159,2.5678,2.5842,-0.01639999999999997,-0.6346,468.06,434.8368
000869.SZ,20030930,2.5623,2.5842,2.5268,2.5842,2.5705,0.013700000000000045,0.533,440.2,412.9334
000869.SZ,20030929,2.6224,2.6224,2.5541,2.5705,2.6388,-0.0682999999999998,-2.5883,807.33,763.3429
000869.SZ,20030926,2.6661,2.6661,2.6388,2.6388,2.6661,-0.027300000000000324,-1.024,332.0,321.694
000869.SZ,20030925,2.6634,2.6989,2.6552,2.6661,2.6579,0.008199999999999985,0.3085,475.75,464.6368
000869.SZ,20030923,2.6524,2.6743,2.6361,2.6579,2.6524,0.00550000000000006,0.2074,342.46,333.1598
000869.SZ,20030922,2.6661,2.688,2.6497,2.6524,2.6688,-0.01639999999999997,-0.6145,679.2,663.0022
000869.SZ,20030919,2.7125,2.7153,2.647,2.6688,2.6688,0.0,0.0,976.88,949.4201
000869.SZ,20030918,2.677,2.6798,2.6552,2.6688,2.6852,-0.01639999999999997,-0.6108,608.93,594.3306
000869.SZ,20030917,2.7125,2.7125,2.6743,2.6852,2.7098,-0.024599999999999955,-0.9078,413.56,406.3462
000869.SZ,20030916,2.7016,2.7262,2.7016,2.7098,2.6962,0.013599999999999834,0.5044,470.0,466.0976
000869.SZ,20030915,2.7262,2.7535,2.6907,2.6962,2.7399,-0.04369999999999985,-1.5949,365.8,365.3533
000869.SZ,20030912,2.7481,2.759,2.7317,2.7399,2.7562,-0.016300000000000203,-0.5914,687.7,690.178
000869.SZ,20030911,2.789,2.789,2.7508,2.7562,2.8027,-0.046499999999999986,-1.6591,238.8,242.6072
000869.SZ,20030910,2.7726,2.8027,2.7453,2.8027,2.8,0.0027000000000003688,0.0964,594.9,605.7231
000869.SZ,20030909,2.8327,2.8327,2.7836,2.8,2.8245,-0.02450000000000019,-0.8674,454.3,465.225
000869.SZ,20030908,2.8109,2.8327,2.8,2.8245,2.8191,0.005399999999999849,0.1916,842.6,868.1422
000869.SZ,20030905,2.8191,2.8245,2.789,2.8191,2.8191,0.0,0.0,1126.44,1159.7962
000869.SZ,20030904,2.8273,2.8327,2.8027,2.8191,2.8273,-0.008199999999999985,-0.29,1297.93,1339.0262
000869.SZ,20030903,2.7972,2.8327,2.7972,2.8273,2.7918,0.03550000000000031,1.2716,1557.29,1606.2184
000869.SZ,20030902,2.8136,2.8136,2.7672,2.7918,2.8082,-0.01639999999999997,-0.584,1302.01,1330.7664
000869.SZ,20030901,2.8819,2.8819,2.7672,2.8082,2.7672,0.040999999999999925,1.4816,1585.43,1623.7642
000869.SZ,20030829,2.6798,2.7808,2.6798,2.7672,2.6907,0.07649999999999979,2.8431,3345.99,3379.1599
000869.SZ,20030827,2.6934,2.6989,2.6497,2.6907,2.6934,-0.0026999999999999247,-0.1002,823.7,807.6429
000869.SZ,20030826,2.7399,2.7399,2.6907,2.6934,2.7426,-0.04919999999999991,-1.7939,967.6,958.936
000869.SZ,20030825,2.7726,2.7726,2.7371,2.7426,2.7726,-0.03000000000000025,-1.082,302.1,304.1035
000869.SZ,20030822,2.7863,2.7945,2.7672,2.7726,2.7726,0.0,0.0,681.0,694.5126
000869.SZ,20030821,2.759,2.7945,2.759,2.7726,2.7808,-0.008199999999999985,-0.2949,458.99,467.2735
000869.SZ,20030820,2.8,2.8,2.7562,2.7808,2.8054,-0.024599999999999955,-0.8769,1216.6,1233.2543
000869.SZ,20030819,2.8136,2.8218,2.789,2.8054,2.8136,-0.008199999999999985,-0.2914,820.8,840.528
000869.SZ,20030818,2.7863,2.8163,2.7754,2.8136,2.7781,0.03550000000000031,1.2779,1304.75,1333.2308
000869.SZ,20030815,2.7836,2.8136,2.759,2.7781,2.7836,-0.00550000000000006,-0.1976,508.8,517.2066
000869.SZ,20030814,2.8,2.8136,2.759,2.7836,2.7945,-0.010900000000000354,-0.3901,699.0,713.2004
000869.SZ,20030813,2.8273,2.8655,2.7808,2.7945,2.7945,0.0,0.0,789.8,812.8064
000869.SZ,20030812,2.7863,2.8191,2.759,2.7945,2.7836,0.010900000000000354,0.3916,822.6,842.3119
000869.SZ,20030811,2.7754,2.7863,2.7371,2.7836,2.789,-0.0054000000000002935,-0.1936,894.29,901.4286
000869.SZ,20030808,2.8355,2.8355,2.7754,2.789,2.8163,-0.02729999999999988,-0.9694,723.0,739.1446
000869.SZ,20030807,2.8355,2.8355,2.8136,2.8163,2.8273,-0.01100000000000012,-0.3891,422.6,435.9589
000869.SZ,20030806,2.8082,2.8327,2.8082,2.8273,2.8191,0.008199999999999985,0.2909,565.9,583.3787
000869.SZ,20030805,2.8409,2.8491,2.8136,2.8191,2.8355,-0.01639999999999997,-0.5784,604.4,625.9784
000869.SZ,20030804,2.8109,2.8519,2.789,2.8355,2.7863,0.04919999999999991,1.7658,1258.0,1301.3968
000869.SZ,20030801,2.8273,2.8273,2.759,2.7863,2.8273,-0.040999999999999925,-1.4501,994.09,1010.7775
000869.SZ,20030731,2.7699,2.8273,2.7699,2.8273,2.7781,0.049200000000000355,1.771,1115.56,1141.7818
000869.SZ,20030730,2.7726,2.7972,2.7726,2.7781,2.7863,-0.00820000000000043,-0.2943,685.6,698.4075
000869.SZ,20030729,2.7699,2.7863,2.7644,2.7863,2.7726,0.013700000000000045,0.4941,749.15,761.6326
000869.SZ,20030728,2.8136,2.8136,2.759,2.7726,2.8136,-0.040999999999999925,-1.4572,1195.4,1212.8475
000869.SZ,20030725,2.8874,2.9092,2.8109,2.8136,2.8901,-0.07649999999999979,-2.647,1454.4,1518.1766
000869.SZ,20030724,2.9639,2.9639,2.8792,2.8901,2.9256,-0.03550000000000031,-1.2134,1412.45,1498.2762
000869.SZ,20030723,2.9174,2.9365,2.9092,2.9256,2.9174,0.008199999999999985,0.2811,758.3,809.8881
000869.SZ,20030722,2.9447,2.9994,2.8956,2.9174,2.9147,0.0027000000000003688,0.0926,1760.5,1878.9499
000869.SZ,20030721,2.9775,3.0048,2.8764,2.9147,3.0048,-0.09010000000000007,-2.9985,2158.69,2320.496
000869.SZ,20030718,3.1196,3.1196,2.9966,3.0048,3.1004,-0.09560000000000013,-3.0835,2181.8,2432.5974
000869.SZ,20030717,3.0759,3.1004,3.0677,3.1004,3.0813,0.019099999999999895,0.6199,1891.3,2137.2299
000869.SZ,20030716,3.0813,3.1059,3.0677,3.0813,3.0895,-0.008199999999999985,-0.2654,1139.88,1287.8548
000869.SZ,20030715,3.0567,3.1196,3.0321,3.0895,3.0622,0.027300000000000324,0.8915,2932.21,3320.8535
000869.SZ,20030714,3.0185,3.0731,3.0185,3.0622,3.0376,0.024599999999999955,0.8098,1578.05,1761.7193
000869.SZ,20030711,3.0403,3.0595,3.024,3.0376,3.0513,-0.013700000000000045,-0.449,1736.8,1932.0564
000869.SZ,20030710,2.9912,3.0868,2.9912,3.0513,2.9994,0.051899999999999835,1.7303,7345.27,8121.0661
000869.SZ,20030709,3.0321,3.0485,2.9939,2.9994,3.0321,-0.03269999999999973,-1.0785,1596.2,1757.9347
000869.SZ,20030708,3.0513,3.0595,3.0185,3.0321,3.0431,-0.01100000000000012,-0.3615,4032.15,4484.2686
000869.SZ,20030707,3.0158,3.0431,2.9912,3.0431,3.0048,0.0383,1.2746,5965.34,6566.6537
000869.SZ,20030704,3.0048,3.0458,2.983,3.0048,3.0048,0.0,0.0,4604.6,5054.0433
000869.SZ,20030703,3.0567,3.0595,3.0021,3.0048,3.0567,-0.05190000000000028,-1.6979,4032.4,4458.2298
000869.SZ,20030702,3.136,3.136,3.0376,3.0567,3.1114,-0.05469999999999997,-1.7581,1408.02,1583.9093
000869.SZ,20030701,3.1086,3.1196,3.0895,3.1114,3.1032,0.008199999999999985,0.2642,1284.8,1459.6946
000869.SZ,20030630,3.1687,3.1797,3.0922,3.1032,3.1305,-0.02729999999999988,-0.8721,831.46,950.1074
000869.SZ,20030627,3.1605,3.1605,3.1168,3.1305,3.1605,-0.029999999999999805,-0.9492,1006.33,1154.1126
000869.SZ,20030626,3.1824,3.2042,3.1223,3.1605,3.1824,-0.02190000000000003,-0.6882,1088.9,1258.2485
000869.SZ,20030625,3.166,3.2234,3.166,3.1824,3.1687,0.013700000000000045,0.4324,1221.79,1431.0428
000869.SZ,20030624,3.1551,3.1687,3.1523,3.1687,3.1633,0.005399999999999849,0.1707,910.74,1055.1182
000869.SZ,20030623,3.1851,3.196,3.1578,3.1633,3.1906,-0.02729999999999988,-0.8556,771.68,897.4795
000869.SZ,20030620,3.196,3.2042,3.1851,3.1906,3.207,-0.01639999999999997,-0.5114,608.44,710.9805
000869.SZ,20030619,3.2179,3.2343,3.1851,3.207,3.2179,-0.010900000000000354,-0.3387,1075.8,1261.1941
000869.SZ,20030618,3.2234,3.2398,3.2097,3.2179,3.2234,-0.005499999999999616,-0.1706,652.33,769.1472
000869.SZ,20030617,3.2343,3.2643,3.2152,3.2234,3.2534,-0.03000000000000025,-0.9221,1092.75,1293.128
000869.SZ,20030616,3.278,3.278,3.2316,3.2534,3.2616,-0.008199999999999985,-0.2514,595.53,708.7147
000869.SZ,20030613,3.2452,3.2643,3.2234,3.2616,3.2561,0.00550000000000006,0.1689,899.93,1068.1474
000869.SZ,20030612,3.2835,3.2835,3.2316,3.2561,3.2835,-0.02740000000000009,-0.8345,873.05,1038.9699
000869.SZ,20030611,3.2179,3.2889,3.207,3.2835,3.2097,0.07379999999999987,2.2993,1472.87,1749.4055
000869.SZ,20030610,3.196,3.2452,3.196,3.2097,3.1988,0.010900000000000354,0.3408,579.24,681.6192
000869.SZ,20030609,3.2479,3.2507,3.1824,3.1988,3.2643,-0.06550000000000011,-2.0066,1259.71,1481.8987
000869.SZ,20030606,3.3326,3.3326,3.2507,3.2643,3.3272,-0.06289999999999996,-1.8905,2329.6,2792.0907
000869.SZ,20030605,3.3696,3.3965,3.3157,3.3269,3.3696,-0.04269999999999996,-1.2672,2178.43,3242.0603
000869.SZ,20030604,3.3044,3.392,3.3044,3.3696,3.3314,0.038200000000000234,1.1467,2573.38,3850.2902
000869.SZ,20030603,3.3988,3.3988,3.3246,3.3314,3.3943,-0.06289999999999996,-1.8531,4128.5,6184.6074
000869.SZ,20030602,3.41,3.4235,3.3651,3.3943,3.3741,0.020199999999999996,0.5987,4645.77,7022.4989
000869.SZ,20030530,3.3359,3.4145,3.3157,3.3741,3.3359,0.03819999999999979,1.1451,6820.28,10225.339
000869.SZ,20030529,3.2617,3.3628,3.237,3.3359,3.2662,0.0697000000000001,2.134,4886.18,7206.4666
000869.SZ,20030528,3.2572,3.2909,3.2415,3.2662,3.264,0.002200000000000202,0.0674,3251.28,4729.7767
000869.SZ,20030527,3.2572,3.2752,3.2236,3.264,3.2572,0.006799999999999695,0.2088,1423.9,2055.0597
000869.SZ,20030526,3.2011,3.2797,3.2011,3.2572,3.1988,0.05840000000000023,1.8257,6349.34,9198.3618
000869.SZ,20030523,3.1719,3.228,3.1517,3.1988,3.1764,0.022399999999999753,0.7052,1766.37,2499.5028
000869.SZ,20030522,3.1674,3.1899,3.1449,3.1764,3.1651,0.01130000000000031,0.357,1478.0,2082.3785
000869.SZ,20030520,3.1809,3.2033,3.1651,3.1651,3.1876,-0.02250000000000041,-0.7059,1748.02,2472.1372
000869.SZ,20030519,3.1854,3.1943,3.1539,3.1876,3.1854,0.002200000000000202,0.0691,3225.91,4554.5902
000869.SZ,20030516,3.1449,3.2572,3.1314,3.1854,3.1449,0.0405000000000002,1.2878,3944.61,5611.6845
000869.SZ,20030515,3.1,3.1854,3.0753,3.1449,3.0933,0.051599999999999646,1.6681,5040.83,6993.4695
000869.SZ,20030514,3.0955,3.1225,3.0708,3.0933,3.1,-0.006699999999999928,-0.2161,4155.98,5709.9752
000869.SZ,20030513,3.2168,3.2168,3.1,3.1,3.2168,-0.11680000000000001,-3.6309,2409.0,3366.1594
000869.SZ,20030512,3.2572,3.2595,3.1899,3.2168,3.2528,-0.03600000000000003,-1.1067,750.4,1074.9799
000869.SZ,20030430,3.4145,3.4145,3.1674,3.2528,3.1899,0.06289999999999996,1.9718,2558.8,3780.9528
000869.SZ,20030429,3.2528,3.2595,3.1719,3.1899,3.2505,-0.06059999999999999,-1.8643,958.81,1374.9834
000869.SZ,20030428,3.2123,3.2595,3.1472,3.2505,3.2191,0.031400000000000095,0.9754,2921.85,4153.4769
000869.SZ,20030425,3.1966,3.3696,3.1966,3.2191,3.2146,0.0045000000000001705,0.14,1703.89,2471.7764
000869.SZ,20030424,3.2999,3.3022,3.1472,3.2146,3.2999,-0.08530000000000015,-2.5849,2298.8,3297.9608
000869.SZ,20030423,3.3673,3.3696,3.2999,3.2999,3.3606,-0.060699999999999754,-1.8062,1979.0,2930.6824
000869.SZ,20030422,3.4145,3.4167,3.3471,3.3606,3.4055,-0.04490000000000016,-1.3185,2455.33,3687.63
000869.SZ,20030421,3.2797,3.428,3.2797,3.4055,3.282,0.12349999999999994,3.7629,6830.47,10226.4133
000869.SZ,20030418,3.2932,3.3246,3.2775,3.282,3.2864,-0.0043999999999999595,-0.1339,2272.28,3333.8497
000869.SZ,20030417,3.3359,3.3359,3.2572,3.2864,3.3022,-0.015800000000000036,-0.4785,2025.44,2960.6577
000869.SZ,20030416,3.3651,3.392,3.2954,3.3022,3.3561,-0.05390000000000006,-1.606,4956.0,7386.9507
000869.SZ,20030415,3.3359,3.3606,3.3044,3.3561,3.3246,0.03149999999999986,0.9475,3650.21,5425.0886
000869.SZ,20030414,3.2685,3.3246,3.2617,3.3246,3.2595,0.06510000000000016,1.9972,4117.69,6053.3923
000869.SZ,20030411,3.2123,3.2887,3.1943,3.2595,3.2078,0.05169999999999986,1.6117,4492.06,6513.2641
000869.SZ,20030410,3.1741,3.2123,3.1359,3.2078,3.1741,0.03370000000000006,1.0617,2217.86,3125.7857
000869.SZ,20030409,3.1472,3.1764,3.1202,3.1741,3.1786,-0.0044999999999997264,-0.1416,1814.71,2533.7537
000869.SZ,20030408,3.1584,3.1988,3.1539,3.1786,3.1786,0.0,0.0,1143.64,1611.7957
000869.SZ,20030407,3.2191,3.2303,3.1764,3.1786,3.2123,-0.03370000000000006,-1.0491,1094.47,1557.9237
000869.SZ,20030404,3.1786,3.2325,3.1562,3.2123,3.1741,0.03819999999999979,1.2035,1783.36,2540.1411
000869.SZ,20030403,3.1966,3.2236,3.1719,3.1741,3.2168,-0.04269999999999996,-1.3274,1366.1,1934.5453
000869.SZ,20030402,3.2236,3.2393,3.2011,3.2168,3.2236,-0.006799999999999695,-0.2109,956.0,1365.966
000869.SZ,20030401,3.2393,3.255,3.1943,3.2236,3.2056,0.017999999999999794,0.5615,1519.0,2174.3396
000869.SZ,20030331,3.1629,3.2123,3.1427,3.2056,3.1427,0.06289999999999996,2.0015,3290.78,4636.797
000869.SZ,20030328,3.1854,3.1854,3.1404,3.1427,3.1786,-0.03589999999999982,-1.1294,3944.0,5525.5376
000869.SZ,20030327,3.1337,3.1899,3.1,3.1786,3.1404,0.03819999999999979,1.2164,2977.6,4173.0992
000869.SZ,20030326,3.1562,3.2123,3.1225,3.1404,3.1809,-0.04049999999999976,-1.2732,914.26,1281.127
000869.SZ,20030325,3.2078,3.2348,3.1674,3.1809,3.2303,-0.04940000000000033,-1.5293,792.09,1125.6126
000869.SZ,20030324,3.1831,3.2707,3.1359,3.2303,3.1449,0.08540000000000036,2.7155,1991.05,2832.7995
000869.SZ,20030321,3.1225,3.1674,3.1225,3.1449,3.1404,0.0044999999999997264,0.1433,971.0,1357.2597
000869.SZ,20030320,3.1427,3.1674,3.1135,3.1404,3.1449,-0.0044999999999997264,-0.1431,480.99,669.438
000869.SZ,20030319,3.1292,3.1472,3.1045,3.1449,3.1337,0.011199999999999655,0.3574,948.5,1321.1683
000869.SZ,20030318,3.2101,3.2101,3.1,3.1337,3.1696,-0.03589999999999982,-1.1326,625.45,878.335
000869.SZ,20030317,3.1674,3.1854,3.1337,3.1696,3.1764,-0.006800000000000139,-0.2141,695.0,975.7334
000869.SZ,20030314,3.1764,3.1854,3.1517,3.1764,3.1539,0.022499999999999964,0.7134,331.0,467.3885
000869.SZ,20030313,3.1786,3.1854,3.1472,3.1539,3.1854,-0.03149999999999986,-0.9889,422.0,594.156
000869.SZ,20030312,3.2056,3.2056,3.1449,3.1854,3.1764,0.008999999999999897,0.2833,1385.0,1945.142
000869.SZ,20030311,3.1988,3.2168,3.1719,3.1764,3.1831,-0.006699999999999928,-0.2105,1012.81,1437.5235
000869.SZ,20030310,3.2528,3.2572,3.1674,3.1831,3.2752,-0.09209999999999985,-2.812,1160.88,1657.3842
000869.SZ,20030307,3.2887,3.3022,3.2617,3.2752,3.2954,-0.020199999999999996,-0.613,709.8,1038.4709
000869.SZ,20030306,3.3471,3.3471,3.255,3.2954,3.3471,-0.0517000000000003,-1.5446,1727.2,2527.6858
000869.SZ,20030305,3.3875,3.3875,3.3157,3.3471,3.3875,-0.04039999999999999,-1.1926,1862.09,2765.1011
000869.SZ,20030304,3.3314,3.3965,3.3134,3.3875,3.3291,0.05840000000000023,1.7542,3991.27,5959.1993
000869.SZ,20030303,3.2415,3.3291,3.2415,3.3291,3.2528,0.07629999999999981,2.3457,5515.7,8058.8277
000869.SZ,20030228,3.2662,3.2752,3.2325,3.2528,3.282,-0.029199999999999893,-0.8897,910.25,1316.3535
000869.SZ,20030227,3.2864,3.2909,3.2572,3.282,3.2864,-0.0043999999999999595,-0.1339,1008.06,1471.9248
000869.SZ,20030226,3.2572,3.2909,3.2483,3.2864,3.2707,0.015699999999999825,0.48,1631.0,2374.4459
000869.SZ,20030225,3.2303,3.2707,3.2191,3.2707,3.2123,0.05840000000000023,1.818,1629.86,2354.0353
000869.SZ,20030224,3.2123,3.2325,3.1899,3.2123,3.2123,0.0,0.0,984.8,1405.983
000869.SZ,20030221,3.2797,3.2797,3.2123,3.2123,3.2932,-0.0809000000000002,-2.4566,1008.5,1451.9693
000869.SZ,20030220,3.4302,3.4302,3.282,3.2932,3.2797,0.013500000000000068,0.4116,2861.73,4235.7342
000869.SZ,20030219,3.2752,3.2932,3.2415,3.2797,3.2752,0.0045000000000001705,0.1374,1008.0,1468.8447
000869.SZ,20030218,3.2528,3.2797,3.2393,3.2752,3.255,0.020199999999999996,0.6206,332.0,481.161
000869.SZ,20030217,3.2797,3.2842,3.246,3.255,3.2595,-0.0045000000000001705,-0.1381,1190.0,1728.956
000869.SZ,20030214,3.2572,3.2909,3.2236,3.2595,3.2617,-0.0021999999999997577,-0.0674,1959.35,2833.274
000869.SZ,20030213,3.2303,3.3022,3.2303,3.2617,3.237,0.024699999999999722,0.7631,2118.26,3082.667
000869.SZ,20030212,3.2101,3.2393,3.1899,3.237,3.2101,0.026899999999999924,0.838,674.38,967.7573
000869.SZ,20030211,3.1449,3.2123,3.1449,3.2101,3.1719,0.038200000000000234,1.2043,370.95,527.0956
000869.SZ,20030210,3.2078,3.2191,3.1607,3.1719,3.2078,-0.035900000000000265,-1.1191,678.01,958.9226
000869.SZ,20030129,3.2505,3.2528,3.2033,3.2078,3.2101,-0.0022999999999999687,-0.0716,1430.85,2051.2439
000869.SZ,20030128,3.2146,3.2168,3.1899,3.2101,3.2033,0.006800000000000139,0.2123,1212.18,1725.9446
000869.SZ,20030127,3.1899,3.2146,3.1809,3.2033,3.1696,0.03370000000000006,1.0632,1267.28,1801.5283
000869.SZ,20030124,3.1449,3.1854,3.1382,3.1696,3.1741,-0.0045000000000001705,-0.1418,1201.35,1684.761
000869.SZ,20030123,3.2236,3.2236,3.1674,3.1741,3.2078,-0.03370000000000006,-1.0506,733.45,1039.0608
000869.SZ,20030122,3.1899,3.2101,3.1696,3.2078,3.2101,-0.0022999999999999687,-0.0716,607.45,862.5569
000869.SZ,20030121,3.246,3.3314,3.1607,3.2101,3.2258,-0.015699999999999825,-0.4867,1539.4,2221.5215
000869.SZ,20030120,3.2348,3.2572,3.2123,3.2258,3.2528,-0.027000000000000135,-0.8301,1393.41,1999.7049
000869.SZ,20030117,3.2415,3.273,3.2348,3.2528,3.2415,0.01130000000000031,0.3486,1886.31,2730.9535
000869.SZ,20030116,3.1786,3.2415,3.1472,3.2415,3.1449,0.09660000000000002,3.0716,4415.68,6312.1766
000869.SZ,20030115,3.2123,3.246,3.1449,3.1449,3.1696,-0.024700000000000166,-0.7793,3566.3,5079.6752
000869.SZ,20030114,3.0663,3.2258,3.0663,3.1696,3.0775,0.09209999999999985,2.9927,7196.49,10059.5435
000869.SZ,20030113,3.0888,3.0888,3.0596,3.0775,3.0888,-0.011299999999999866,-0.3658,288.11,394.59
000869.SZ,20030110,3.1067,3.1225,3.082,3.0888,3.1067,-0.017900000000000027,-0.5762,1209.58,1670.0274
000869.SZ,20030109,3.0641,3.1135,3.0326,3.1067,3.0416,0.06510000000000016,2.1403,1180.0,1613.307
000869.SZ,20030108,2.9832,3.0438,2.954,3.0416,2.9967,0.04489999999999972,1.4983,1463.0,1949.337
000869.SZ,20030107,3.0326,3.0438,2.927,2.9967,3.0551,-0.058399999999999785,-1.9116,1895.0,2511.93
000869.SZ,20030106,3.0326,3.0641,2.9383,3.0551,3.0326,0.022499999999999964,0.7419,533.5,714.7445
000869.SZ,20030103,3.1,3.118,3.0214,3.0326,3.1292,-0.09660000000000002,-3.0871,1535.0,2077.566
000869.SZ,20030102,3.2123,3.2123,3.1,3.1292,3.2505,-0.12130000000000019,-3.7317,634.5,889.8096
000869.SZ,20021231,3.3022,3.3246,3.2438,3.2505,3.2662,-0.015699999999999825,-0.4807,662.02,966.6344
000869.SZ,20021230,3.2954,3.3022,3.2393,3.2662,3.3179,-0.05169999999999986,-1.5582,888.0,1290.4425
000869.SZ,20021227,3.246,3.3246,3.1449,3.3179,3.2483,0.06959999999999988,2.1427,2380.0,3476.2519
000869.SZ,20021226,3.2348,3.2572,3.1449,3.2483,3.2528,-0.0045000000000001705,-0.1383,1398.42,2006.6219
000869.SZ,20021225,3.2572,3.2572,3.1988,3.2528,3.2572,-0.0043999999999999595,-0.1351,495.78,710.9274
000869.SZ,20021224,3.2348,3.2572,3.1899,3.2572,3.2393,0.017900000000000027,0.5526,1009.64,1444.5253
000869.SZ,20021223,3.2528,3.2864,3.2011,3.2393,3.237,0.0022999999999999687,0.0711,717.0,1042.684
000869.SZ,20021220,3.1899,3.246,3.1741,3.237,3.2011,0.035900000000000265,1.1215,784.3,1124.9381
000869.SZ,20021219,3.1899,3.2236,3.1449,3.2011,3.1988,0.0022999999999999687,0.0719,562.6,795.0678
000869.SZ,20021218,3.1966,3.2123,3.1854,3.1988,3.1899,0.008899999999999686,0.279,446.9,637.3231
000869.SZ,20021217,3.1517,3.2101,3.1517,3.1899,3.1764,0.013500000000000068,0.425,1873.08,2659.286
000869.SZ,20021216,3.1382,3.1786,3.1382,3.1764,3.1449,0.031500000000000306,1.0016,509.99,717.9506
000869.SZ,20021213,3.2572,3.2572,3.0101,3.1449,3.1607,-0.015800000000000036,-0.4999,803.2,1129.0568
000869.SZ,20021212,3.1674,3.2078,3.1562,3.1607,3.1494,0.011299999999999866,0.3588,391.46,556.189
000869.SZ,20021211,3.1764,3.2011,3.1449,3.1494,3.2123,-0.06289999999999996,-1.9581,594.0,836.06
000869.SZ,20021210,3.2123,3.2572,3.1988,3.2123,3.2348,-0.022499999999999964,-0.6956,226.0,323.41
000869.SZ,20021209,3.2348,3.2797,3.1921,3.2348,3.2752,-0.04039999999999999,-1.2335,295.0,425.768
000869.SZ,20021206,3.3022,3.3134,3.2662,3.2752,3.2572,0.017999999999999794,0.5526,355.5,521.3107
000869.SZ,20021205,3.2797,3.3022,3.255,3.2572,3.2797,-0.022499999999999964,-0.686,166.0,241.969
000869.SZ,20021204,3.3022,3.3291,3.2797,3.2797,3.3022,-0.022499999999999964,-0.6814,528.0,777.173
000869.SZ,20021203,3.2752,3.3134,3.2752,3.3022,3.3224,-0.020199999999999996,-0.608,217.0,318.9116
000869.SZ,20021202,3.3696,3.3741,3.2572,3.3224,3.3651,-0.04269999999999996,-1.2689,714.0,1057.1715
000869.SZ,20021129,3.437,3.437,3.3134,3.3651,3.3022,0.06289999999999996,1.9048,756.21,1134.6731
000869.SZ,20021128,3.2348,3.3201,3.1786,3.3022,3.2505,0.05169999999999986,1.5905,540.66,778.2379
000869.SZ,20021127,3.246,3.2572,3.1449,3.2505,3.2572,-0.006699999999999928,-0.2057,750.25,1065.3473
000869.SZ,20021126,3.3022,3.3493,3.2348,3.2572,3.3291,-0.07189999999999985,-2.1597,266.0,387.701
000869.SZ,20021125,3.2954,3.3449,3.2954,3.3291,3.2954,0.03370000000000006,1.0226,359.0,529.547
000869.SZ,20021122,3.2348,3.3875,3.2348,3.2954,3.2707,0.024699999999999722,0.7552,987.45,1438.4721
000869.SZ,20021121,3.3022,3.3157,3.2707,3.2707,3.3898,-0.11909999999999998,-3.5135,708.5,1036.16
000869.SZ,20021120,3.41,3.4302,3.3763,3.3898,3.4572,-0.06739999999999968,-1.9496,291.0,441.0305
000869.SZ,20021119,3.4729,3.4751,3.41,3.4572,3.4325,0.024699999999999722,0.7196,233.06,356.9755
000869.SZ,20021118,3.5717,3.5717,3.3898,3.4325,3.4751,-0.04259999999999975,-1.2259,348.03,533.8823
000869.SZ,20021115,3.4549,3.4976,3.4549,3.4751,3.4549,0.020199999999999996,0.5847,420.97,651.3806
000869.SZ,20021114,3.4841,3.5403,3.4504,3.4549,3.5268,-0.0719000000000003,-2.0387,388.99,604.6796
000869.SZ,20021113,3.565,3.565,3.4819,3.5268,3.5695,-0.04269999999999996,-1.1962,555.71,874.383
000869.SZ,20021112,3.5987,3.6346,3.5605,3.5695,3.6009,-0.031400000000000095,-0.872,308.42,491.114
000869.SZ,20021111,3.702,3.702,3.5964,3.6009,3.6324,-0.03149999999999986,-0.8672,275.5,444.5555
000869.SZ,20021108,3.7312,3.7514,3.6324,3.6324,3.72,-0.08760000000000012,-2.3548,509.0,835.279
000869.SZ,20021107,3.7178,3.7627,3.6953,3.72,3.6863,0.03370000000000006,0.9142,291.86,483.2351
000869.SZ,20021106,3.711,3.729,3.6841,3.6863,3.7492,-0.06289999999999996,-1.6777,443.0,730.6059
000869.SZ,20021105,3.7245,3.7514,3.6953,3.7492,3.6953,0.05390000000000006,1.4586,829.09,1377.0808
000869.SZ,20021104,3.729,3.729,3.6571,3.6953,3.702,-0.006699999999999928,-0.181,510.13,833.5729
000869.SZ,20021101,3.6346,3.7178,3.6346,3.702,3.5942,0.10780000000000012,2.9993,880.21,1443.2052
000869.SZ,20021031,3.5964,3.6279,3.5942,3.5942,3.5942,0.0,0.0,186.0,298.573
000869.SZ,20021030,3.5987,3.6077,3.5942,3.5942,3.6032,-0.009000000000000341,-0.2498,210.0,336.468
000869.SZ,20021029,3.5717,3.6391,3.5583,3.6032,3.5942,0.009000000000000341,0.2504,211.0,336.027
000869.SZ,20021028,3.6167,3.6301,3.5448,3.5942,3.6189,-0.024700000000000166,-0.6825,422.5,672.793
000869.SZ,20021025,3.6167,3.6459,3.6167,3.6189,3.6167,0.002200000000000202,0.0608,202.38,326.6768
000869.SZ,20021024,3.6279,3.6391,3.5964,3.6167,3.6391,-0.022400000000000198,-0.6155,390.63,628.9874
000869.SZ,20021023,3.6054,3.693,3.6032,3.6391,3.6886,-0.0495000000000001,-1.342,215.0,348.6979
000869.SZ,20021022,3.6279,3.6998,3.5942,3.6886,3.6279,0.0607000000000002,1.6731,485.5,787.4855
000869.SZ,20021021,3.6167,3.6616,3.5852,3.6279,3.6526,-0.024700000000000166,-0.6762,373.1,599.7495
000869.SZ,20021018,3.7065,3.7065,3.5291,3.6526,3.6953,-0.04269999999999996,-1.1555,735.07,1179.6807
000869.SZ,20021017,3.7627,3.7627,3.6391,3.6953,3.7739,-0.07859999999999978,-2.0827,115.87,190.9742
000869.SZ,20021016,3.7739,3.8143,3.7514,3.7739,3.7739,0.0,0.0,160.0,269.111
000869.SZ,20021015,3.7784,3.7784,3.6167,3.7739,3.8076,-0.03370000000000006,-0.8851,447.0,745.1745
000869.SZ,20021014,3.7941,3.8188,3.747,3.8076,3.7941,0.013500000000000068,0.3558,212.0,355.764
000869.SZ,20021011,3.875,3.875,3.7941,3.7941,3.875,-0.0809000000000002,-2.0877,370.88,630.4111
000869.SZ,20021010,3.8256,3.9312,3.8256,3.875,3.8728,0.002200000000000202,0.0568,43.01,74.2409
000869.SZ,20021009,3.8907,3.8975,3.8323,3.8728,3.9064,-0.033600000000000296,-0.8601,464.8,798.1084
000869.SZ,20021008,3.9424,3.9716,3.9042,3.9064,3.9289,-0.022499999999999964,-0.5727,159.0,277.2495
000869.SZ,20020927,3.9918,4.0098,3.8907,3.9289,3.9087,0.020199999999999996,0.5168,542.05,957.0252
000869.SZ,20020926,3.9424,3.9514,3.8907,3.9087,3.9693,-0.06059999999999999,-1.5267,705.0,1230.797
000869.SZ,20020925,3.9267,3.9851,3.9199,3.9693,3.9357,0.03359999999999985,0.8537,632.33,1115.0985
000869.SZ,20020924,3.9693,3.9693,3.9312,3.9357,3.9536,-0.017899999999999583,-0.4528,258.44,453.015
000869.SZ,20020923,3.9334,3.9761,3.9334,3.9536,3.9581,-0.0045000000000001705,-0.1137,99.14,174.4857
000869.SZ,20020920,3.9963,4.0165,3.9536,3.9581,3.9963,-0.038200000000000234,-0.9559,192.0,340.542
000869.SZ,20020919,3.9491,3.9963,3.9491,3.9963,3.9581,0.038200000000000234,0.9651,210.5,372.637
000869.SZ,20020918,3.9312,3.9761,3.9312,3.9581,3.9604,-0.0022999999999999687,-0.0581,151.0,266.1
000869.SZ,20020917,3.9963,3.9963,3.9581,3.9604,3.9536,0.006800000000000139,0.172,165.6,292.2502
000869.SZ,20020916,3.9986,3.9986,3.9312,3.9536,3.9896,-0.03600000000000003,-0.9023,153.0,268.825
000869.SZ,20020913,3.9536,3.9986,3.9491,3.9896,3.9761,0.013499999999999623,0.3395,336.0,595.758
000869.SZ,20020912,3.9536,3.9896,3.9199,3.9761,3.9941,-0.017999999999999794,-0.4507,1197.46,2097.854
000869.SZ,20020911,3.9783,3.9963,3.9334,3.9941,3.9896,0.0045000000000001705,0.1128,303.6,536.4884
000869.SZ,20020910,3.9873,4.021,3.9761,3.9896,3.9873,0.0022999999999999687,0.0577,321.71,571.4741
000869.SZ,20020909,4.048,4.0525,3.9312,3.9873,4.048,-0.0607000000000002,-1.4995,1240.1,2192.5523
000869.SZ,20020906,4.048,4.0614,4.0435,4.048,4.0592,-0.011199999999999655,-0.2759,397.75,717.5675
000869.SZ,20020905,4.0839,4.1199,4.0592,4.0592,4.0907,-0.031500000000000306,-0.77,381.96,692.6256
000869.SZ,20020904,4.0996,4.0996,4.0817,4.0907,4.0907,0.0,0.0,156.53,285.0755
000869.SZ,20020903,4.1109,4.1288,4.0884,4.0907,4.0884,0.0022999999999999687,0.0563,140.0,255.886
000869.SZ,20020902,4.0884,4.0996,4.0794,4.0884,4.1019,-0.013499999999999623,-0.3291,260.4,473.7944
000869.SZ,20020830,4.1288,4.1446,4.0884,4.1019,4.0951,0.006799999999999251,0.1661,249.0,455.6703
000869.SZ,20020829,4.1558,4.1558,4.0907,4.0951,4.1446,-0.04949999999999921,-1.1943,438.0,801.7997
000869.SZ,20020828,4.212,4.2389,4.1333,4.1446,4.2075,-0.06289999999999996,-1.4949,534.5,993.0095
000869.SZ,20020827,4.1333,4.2209,4.1333,4.2075,4.1311,0.07639999999999958,1.8494,2136.31,3991.5158
000869.SZ,20020826,4.0907,4.1333,4.0884,4.1311,4.0862,0.04490000000000016,1.0988,616.02,1127.7246
000869.SZ,20020823,4.1288,4.1288,4.0727,4.0862,4.0996,-0.013399999999999856,-0.3269,212.15,386.135
000869.SZ,20020822,4.0996,4.1446,4.0884,4.0996,4.0749,0.024699999999999278,0.6061,1015.77,1860.6663
000869.SZ,20020821,4.0614,4.0839,3.9986,4.0749,4.057,0.017900000000000027,0.4412,540.28,973.2341
000869.SZ,20020820,4.0435,4.0659,4.0233,4.057,4.021,0.036000000000000476,0.8953,311.97,563.3282
000869.SZ,20020819,4.0008,4.0862,4.0008,4.021,4.0412,-0.020199999999999996,-0.4999,369.0,666.212
000869.SZ,20020816,4.003,4.0435,3.9986,4.0412,4.0457,-0.0045000000000001705,-0.1112,403.26,722.3818
000869.SZ,20020815,4.1446,4.1446,4.0435,4.0457,4.0614,-0.015699999999999825,-0.3866,199.5,359.959
000869.SZ,20020814,4.0435,4.0614,4.0435,4.0614,4.048,0.013399999999999856,0.331,180.9,326.083
000869.SZ,20020813,4.0704,4.0704,4.0435,4.048,4.0704,-0.022400000000000198,-0.5503,158.39,285.8378
000869.SZ,20020812,4.048,4.0884,4.048,4.0704,4.1064,-0.03599999999999959,-0.8767,192.75,349.5455
000869.SZ,20020809,4.021,4.1513,4.021,4.1064,4.0862,0.020199999999999996,0.4943,792.11,1444.7961
000869.SZ,20020808,4.1109,4.1109,4.0704,4.0862,4.0884,-0.002200000000000202,-0.0538,147.67,268.4891
000869.SZ,20020807,4.0996,4.1109,4.057,4.0884,4.0996,-0.011199999999999655,-0.2732,188.0,342.727
000869.SZ,20020806,4.0525,4.1109,4.0525,4.0996,4.0637,0.03589999999999982,0.8834,148.87,271.1343
000869.SZ,20020805,4.057,4.1109,4.0547,4.0637,4.0974,-0.03370000000000051,-0.8225,142.1,257.3265
000869.SZ,20020802,4.0884,4.1109,4.0457,4.0974,4.0659,0.031500000000000306,0.7747,245.85,447.0666
000869.SZ,20020801,4.0772,4.0884,4.0322,4.0659,4.0817,-0.015799999999999592,-0.3871,169.12,305.7841
000869.SZ,20020731,4.0502,4.1064,4.0255,4.0817,4.0996,-0.017900000000000027,-0.4366,654.35,1179.2233
000869.SZ,20020730,4.0974,4.1109,4.0233,4.0996,4.0996,0.0,0.0,786.32,1423.9826
000869.SZ,20020729,4.0794,4.1468,4.0794,4.0996,4.0817,0.017900000000000027,0.4385,147.41,268.8173
000869.SZ,20020726,4.0772,4.1558,4.0547,4.0817,4.0794,0.0022999999999999687,0.0564,446.6,820.1057
000869.SZ,20020725,4.0974,4.1625,4.0704,4.0794,4.0907,-0.01130000000000031,-0.2762,258.99,471.1008
000869.SZ,20020724,4.1109,4.1176,4.0884,4.0907,4.1154,-0.024700000000000166,-0.6002,435.25,794.4131
000869.SZ,20020723,4.1558,4.1558,4.1109,4.1154,4.1536,-0.03819999999999979,-0.9197,313.0,576.0307
000869.SZ,20020722,4.1917,4.2187,4.1536,4.1536,4.1985,-0.04490000000000016,-1.0694,279.04,518.506
000869.SZ,20020719,4.2007,4.2164,4.1693,4.1985,4.1243,0.07420000000000027,1.7991,876.54,1636.9046
000869.SZ,20020718,4.1333,4.1558,4.0951,4.1243,4.1333,-0.009000000000000341,-0.2177,225.5,415.217
000869.SZ,20020717,4.1288,4.1333,4.0907,4.1333,4.1288,0.0045000000000001705,0.109,448.65,818.8265
000869.SZ,20020716,4.1333,4.1558,4.1154,4.1288,4.1356,-0.006800000000000139,-0.1644,334.0,615.427
000869.SZ,20020715,4.1783,4.1783,4.1199,4.1356,4.1805,-0.04490000000000016,-1.074,541.35,995.6763
000869.SZ,20020712,4.167,4.212,4.167,4.1805,4.1872,-0.006699999999999484,-0.16,279.89,520.6144
000869.SZ,20020711,4.2187,4.2187,4.1805,4.1872,4.1872,0.0,0.0,460.54,859.2149
000869.SZ,20020710,4.2704,4.2704,4.1558,4.1872,4.2412,-0.05400000000000027,-1.2732,613.66,1150.598
000869.SZ,20020709,4.2861,4.2861,4.2277,4.2412,4.2861,-0.04490000000000016,-1.0476,576.1,1088.4425
000869.SZ,20020708,4.2209,4.3086,4.1962,4.2861,4.1985,0.08760000000000012,2.0865,1047.78,1969.1608
000869.SZ,20020705,4.1895,4.1985,4.158,4.1985,4.1895,0.009000000000000341,0.2148,280.0,521.4333
000869.SZ,20020704,4.2232,4.2254,4.1738,4.1895,4.2187,-0.029200000000000337,-0.6922,736.66,1375.7174
000869.SZ,20020703,4.2209,4.2681,4.2097,4.2187,4.2187,0.0,0.0,866.89,1628.2444
000869.SZ,20020702,4.2389,4.2457,4.2007,4.2187,4.2501,-0.03139999999999965,-0.7388,951.28,1786.9843
000869.SZ,20020701,4.2928,4.2928,4.2501,4.2501,4.2906,-0.04050000000000065,-0.9439,626.0,1188.6983
000869.SZ,20020628,4.3804,4.4478,4.2479,4.2906,4.2501,0.04050000000000065,0.9529,3155.14,6089.2289
000869.SZ,20020627,4.3086,4.3355,4.2457,4.2501,4.3041,-0.05400000000000027,-1.2546,1357.0,2588.332
000869.SZ,20020626,4.2704,4.3737,4.2389,4.3041,4.313,-0.008899999999999686,-0.2064,3974.81,7600.9535
000869.SZ,20020625,4.4478,4.4478,4.2681,4.313,4.5085,-0.1955,-4.3363,5136.89,9966.9423
000869.SZ,20020624,4.522,4.522,4.2277,4.5085,4.1109,0.39759999999999973,9.6718,13053.5,25612.8639
000869.SZ,20020621,4.0659,4.2007,4.0345,4.1109,4.021,0.08990000000000009,2.2358,2170.62,3993.1187
000869.SZ,20020620,4.0255,4.0322,4.003,4.021,4.021,0.0,0.0,226.0,404.2651
000869.SZ,20020619,4.0278,4.039,3.9716,4.021,4.0278,-0.006800000000000139,-0.1688,277.11,495.2317
000869.SZ,20020618,4.0075,4.0322,3.9806,4.0278,3.9806,0.04720000000000013,1.1858,456.66,815.7348
000869.SZ,20020617,3.9716,3.9986,3.9491,3.9806,3.9446,0.03600000000000003,0.9126,94.0,166.174
000869.SZ,20020614,3.9576,3.9621,3.9178,3.9421,3.9665,-0.024399999999999977,-0.6152,516.41,917.722
000869.SZ,20020613,4.013,4.013,3.9665,3.9665,4.0196,-0.0530999999999997,-1.321,333.23,599.6622
000869.SZ,20020612,4.0063,4.024,3.9621,4.0196,3.9864,0.03319999999999945,0.8328,470.39,848.6525
000869.SZ,20020611,3.9908,4.0063,3.9421,3.9864,3.9864,0.0,0.0,215.32,387.8209
000869.SZ,20020610,4.0727,4.0727,3.9532,3.9864,4.055,-0.06859999999999955,-1.6917,697.52,1258.0297
000869.SZ,20020607,4.0462,4.0816,3.9908,4.055,3.9886,0.06639999999999979,1.6647,1567.46,2852.3062
000869.SZ,20020606,3.8514,4.0705,3.847,3.9886,3.8802,0.10840000000000005,2.7937,950.09,1703.6355
000869.SZ,20020605,3.9089,3.9775,3.8779,3.8802,3.982,-0.10180000000000033,-2.5565,559.5,987.5185
000869.SZ,20020604,4.0041,4.0041,3.8957,3.982,3.9621,0.01990000000000025,0.5023,602.88,1076.6814
000869.SZ,20020603,4.055,4.0904,3.9156,3.9621,4.0484,-0.08630000000000004,-2.1317,1360.59,2436.5298
000869.SZ,20020531,3.9842,4.3118,3.9842,4.0484,3.9421,0.10630000000000006,2.6965,2761.26,5112.7246
000869.SZ,20020530,3.9953,3.9975,3.8735,3.9421,3.9443,-0.002200000000000202,-0.0558,265.11,469.4963
000869.SZ,20020529,4.0063,4.0063,3.8957,3.9443,3.9975,-0.053199999999999914,-1.3308,493.15,874.0752
000869.SZ,20020528,3.9289,4.3096,3.9289,3.9975,3.9399,0.057599999999999874,1.462,813.22,1488.613
000869.SZ,20020527,3.889,3.9399,3.8735,3.9399,3.8846,0.05530000000000035,1.4236,625.7,1098.7861
000869.SZ,20020524,3.9111,3.9156,3.8735,3.8846,3.9399,-0.05530000000000035,-1.4036,323.0,567.17
000869.SZ,20020523,3.9488,3.9798,3.9134,3.9399,3.9488,-0.008899999999999686,-0.2254,244.1,434.8343
000869.SZ,20020522,3.9798,3.9798,3.9045,3.9488,3.9731,-0.02430000000000021,-0.6116,459.0,813.777
000869.SZ,20020521,4.0019,4.0041,3.9089,3.9731,3.951,0.02210000000000001,0.5594,1091.05,1956.6752
000869.SZ,20020517,3.8425,3.9798,3.8425,3.951,3.8957,0.055299999999999905,1.4195,765.0,1355.11
000869.SZ,20020516,4.0063,4.0285,3.8735,3.8957,4.0285,-0.13280000000000003,-3.2965,1166.0,2076.898
000869.SZ,20020515,4.0904,4.0904,4.0285,4.0285,4.0727,-0.04420000000000002,-1.0853,536.0,980.615
000869.SZ,20020514,4.0772,4.0971,4.0617,4.0727,4.0727,0.0,0.0,201.5,371.394
000869.SZ,20020513,4.0949,4.117,4.0617,4.0727,4.1347,-0.06199999999999939,-1.4995,484.0,893.5564
000869.SZ,20020510,4.1281,4.1502,4.0993,4.1347,4.1391,-0.004400000000000404,-0.1063,377.0,702.268
000869.SZ,20020509,4.1502,4.1834,4.1236,4.1391,4.1436,-0.0045000000000001705,-0.1086,655.0,1229.2643
000869.SZ,20020508,4.1568,4.179,4.1214,4.1436,4.179,-0.0354000000000001,-0.8471,496.0,931.255
000869.SZ,20020430,4.1546,4.1834,4.117,4.179,4.1546,0.024399999999999977,0.5873,1781.0,3346.3452
000869.SZ,20020429,3.9886,4.1967,3.9886,4.1546,4.0993,0.055299999999999905,1.349,1364.93,2556.5649
000869.SZ,20020426,4.0727,4.1059,4.0727,4.0993,4.013,0.08630000000000049,2.1505,1568.2,2901.5995
000869.SZ,20020425,4.0063,4.0285,4.0063,4.013,4.0063,0.006699999999999484,0.1672,326.85,592.5762
000869.SZ,20020424,4.0683,4.0705,4.0063,4.0063,4.0395,-0.033199999999999896,-0.8219,323.0,587.9159
000869.SZ,20020423,4.0307,4.0926,4.0307,4.0395,4.0772,-0.03770000000000007,-0.9247,191.01,349.4022
000869.SZ,20020422,4.0285,4.1369,4.0285,4.0772,4.117,-0.03979999999999961,-0.9667,526.0,968.5008
000869.SZ,20020419,4.0617,4.1347,4.0063,4.117,4.0882,0.02880000000000038,0.7045,1192.3,2197.6335
000869.SZ,20020418,4.0904,4.1613,4.0617,4.0882,4.0904,-0.002200000000000202,-0.0538,2130.3,3983.6884
000869.SZ,20020417,4.1524,4.1524,4.0727,4.0904,4.1524,-0.06200000000000028,-1.4931,664.39,1228.1025
000869.SZ,20020416,4.1546,4.1613,4.0949,4.1524,4.117,0.0354000000000001,0.8598,3326.7,6221.362
000869.SZ,20020415,4.0417,4.1258,4.0395,4.117,4.0196,0.09740000000000038,2.4231,5172.53,9546.4532
000869.SZ,20020412,3.9842,4.0417,3.9687,4.0196,3.9864,0.03319999999999945,0.8328,845.5,1532.492
000869.SZ,20020411,4.0484,4.0506,3.9864,3.9864,4.0506,-0.06420000000000003,-1.585,496.5,899.3715
000869.SZ,20020410,4.0506,4.0661,4.0174,4.0506,4.0484,0.002200000000000202,0.0543,1112.83,2031.6003
000869.SZ,20020409,3.9842,4.0572,3.9621,4.0484,3.982,0.06639999999999979,1.6675,2018.91,3649.1826
000869.SZ,20020408,3.9842,4.0174,3.9731,3.982,3.9842,-0.0021999999999997577,-0.0552,344.0,620.359
000869.SZ,20020405,4.024,4.0882,3.9665,3.9842,4.0152,-0.03100000000000014,-0.7721,701.32,1265.7267
000869.SZ,20020404,3.951,4.0174,3.8957,4.0152,3.9576,0.05760000000000032,1.4554,701.32,1258.6798
000869.SZ,20020403,3.9178,3.9798,3.9178,3.9576,3.9532,0.0043999999999999595,0.1113,489.1,873.1615
000869.SZ,20020402,3.9886,3.9886,3.9067,3.9532,3.9886,-0.0354000000000001,-0.8875,811.0,1445.748
000869.SZ,20020401,4.0528,4.0528,3.9621,3.9886,4.0506,-0.06200000000000028,-1.5306,2100.54,3786.3635
000869.SZ,20020329,4.2033,4.2033,4.0285,4.0506,4.1745,-0.1238999999999999,-2.968,1272.0,2346.345
000869.SZ,20020328,4.0484,4.1834,4.0085,4.1745,4.0506,0.1238999999999999,3.0588,1980.11,3678.0126
000869.SZ,20020327,4.0528,4.0572,4.0063,4.0506,4.0528,-0.002200000000000202,-0.0543,2848.79,5183.7314
000869.SZ,20020326,4.0949,4.117,4.0462,4.0528,4.0949,-0.04209999999999958,-1.0281,1501.0,2753.122
000869.SZ,20020325,4.0772,4.0949,4.0462,4.0949,4.0772,0.017699999999999605,0.4341,496.2,913.4624
000869.SZ,20020322,4.1303,4.1391,4.0705,4.0772,4.1236,-0.04639999999999933,-1.1252,802.0,1479.845
000869.SZ,20020321,4.1524,4.1834,4.0949,4.1236,4.1524,-0.02880000000000038,-0.6936,1022.0,1903.986
000869.SZ,20020320,4.1369,4.1967,4.1059,4.1524,4.0949,0.05750000000000011,1.4042,4032.08,7564.1912
000869.SZ,20020319,4.0174,4.117,3.9621,4.0949,3.9864,0.10849999999999982,2.7218,2463.01,4531.381
000869.SZ,20020318,3.9576,4.0904,3.9399,3.9864,3.9421,0.04430000000000023,1.1238,1090.57,1957.2738
000869.SZ,20020315,4.0949,4.0949,3.9399,3.9421,4.0373,-0.09520000000000017,-2.358,1036.0,1889.7122
000869.SZ,20020314,3.9399,4.0395,3.9377,4.0373,3.9355,0.10179999999999989,2.5867,1055.96,1898.7323
000869.SZ,20020313,3.9178,4.0063,3.9178,3.9355,4.0063,-0.0708000000000002,-1.7672,1786.0,3184.8498
000869.SZ,20020312,4.0949,4.0949,4.0041,4.0063,4.0949,-0.08859999999999957,-2.1637,1906.0,3478.707
000869.SZ,20020311,4.1148,4.1148,4.0262,4.0949,4.1148,-0.019899999999999807,-0.4836,2981.46,5477.9087
000869.SZ,20020308,4.0949,4.1192,4.0506,4.1148,4.0949,0.019899999999999807,0.486,2021.78,3737.7306
000869.SZ,20020307,4.0285,4.1037,4.0085,4.0949,4.0041,0.09079999999999977,2.2677,2295.8,4223.8835
000869.SZ,20020306,4.0285,4.0661,3.9886,4.0041,4.013,-0.008899999999999686,-0.2218,2542.2,4642.6188
000869.SZ,20020305,3.9377,4.0373,3.9377,4.013,3.9089,0.10409999999999986,2.6632,1954.8,3536.926
000869.SZ,20020304,3.8182,3.9089,3.8115,3.9089,3.8536,0.055299999999999905,1.435,407.89,712.0208
000869.SZ,20020301,3.9289,3.9289,3.8514,3.8536,3.9289,-0.07529999999999992,-1.9166,715.0,1253.0776
000869.SZ,20020228,4.0019,4.0019,3.9222,3.9289,4.0019,-0.07299999999999995,-1.8241,676.0,1206.982
000869.SZ,20020227,4.0572,4.0572,3.9842,4.0019,4.0572,-0.055299999999999905,-1.363,557.49,1008.9895
000869.SZ,20020226,3.8735,4.0727,3.8735,4.0572,3.9953,0.061900000000000066,1.5493,1063.7,1916.1578
000869.SZ,20020225,3.9842,4.0949,3.9731,3.9953,3.9377,0.057599999999999874,1.4628,1236.4,2235.6475
000869.SZ,20020208,3.8735,3.9842,3.8735,3.9377,3.8735,0.06420000000000003,1.6574,1952.0,3476.2843
000869.SZ,20020207,3.7695,3.951,3.7695,3.8735,3.7983,0.07520000000000016,1.9798,1436.31,2522.1276
000869.SZ,20020206,3.8757,3.9289,3.7938,3.7983,3.8846,-0.08630000000000004,-2.2216,1031.33,1803.7128
000869.SZ,20020205,3.8558,3.9621,3.847,3.8846,3.8779,0.006699999999999928,0.1728,1800.1,3172.5946
000869.SZ,20020204,3.7628,3.9222,3.7407,3.8779,3.7761,0.10179999999999989,2.6959,2778.73,4838.7777
000869.SZ,20020201,3.8071,3.8492,3.7628,3.7761,3.8071,-0.03100000000000014,-0.8143,1569.18,2687.2092
000869.SZ,20020131,3.6477,3.8669,3.6477,3.8071,3.588,0.21910000000000007,6.1065,3518.28,6017.9704
000869.SZ,20020130,3.6411,3.6522,3.5836,3.588,3.588,0.0,0.0,674.0,1099.59
000869.SZ,20020129,3.495,3.6655,3.495,3.588,3.495,0.09299999999999997,2.6609,665.99,1082.8788
000869.SZ,20020128,3.6876,3.7097,3.4707,3.495,3.7186,-0.2235999999999998,-6.013,1839.9,2993.3171
000869.SZ,20020125,3.6964,3.7628,3.6765,3.7186,3.7584,-0.03980000000000006,-1.059,1261.97,2111.7273
000869.SZ,20020124,3.7164,3.8735,3.5459,3.7584,3.7385,0.019899999999999807,0.5323,5102.67,8494.6466
000869.SZ,20020123,3.4751,3.7584,3.464,3.7385,3.4972,0.2413000000000003,6.8998,1479.47,2399.4935
000869.SZ,20020122,3.453,3.5437,3.4087,3.4972,3.4419,0.055299999999999905,1.6067,1958.83,3083.4932
000869.SZ,20020121,3.5105,3.5481,3.4131,3.4419,3.5105,-0.0686,-1.9541,1644.5,2581.7865
000869.SZ,20020118,3.5747,3.5902,3.3644,3.5105,3.5902,-0.07969999999999988,-2.2199,1793.86,2847.9454
000869.SZ,20020117,3.7186,3.7208,3.5858,3.5902,3.7319,-0.14170000000000016,-3.797,962.0,1586.2043
000869.SZ,20020116,3.7296,3.7739,3.6655,3.7319,3.7296,0.0022999999999999687,0.0617,1054.78,1764.7678
000869.SZ,20020115,3.7628,3.796,3.7075,3.7296,3.7628,-0.033199999999999896,-0.8823,1025.4,1737.42
000869.SZ,20020114,3.6632,3.8204,3.6632,3.7628,3.8691,-0.10630000000000006,-2.7474,3136.0,5281.7768
000869.SZ,20020111,3.9842,3.9842,3.8315,3.8691,3.9598,-0.0907,-2.2905,1678.03,2952.3733
000869.SZ,20020110,3.9111,3.9798,3.847,3.9598,3.9134,0.046399999999999775,1.1857,959.13,1685.9503
000869.SZ,20020109,3.9289,3.9643,3.889,3.9134,3.9377,-0.024299999999999766,-0.6171,700.0,1241.321
000869.SZ,20020108,3.9687,4.0285,3.9377,3.9377,3.9709,-0.033199999999999896,-0.8361,575.0,1033.3596
000869.SZ,20020107,3.9908,4.0506,3.9687,3.9709,4.0727,-0.10180000000000033,-2.4996,1136.25,2053.4073
000869.SZ,20020104,4.0838,4.117,4.0262,4.0727,4.0838,-0.011099999999999888,-0.2718,1660.29,3063.6746
000869.SZ,20011231,4.1126,4.1281,4.0639,4.0838,4.0949,-0.011099999999999888,-0.2711,1898.96,3529.1616
000869.SZ,20011228,4.1126,4.1436,4.0285,4.0949,4.117,-0.02210000000000001,-0.5368,1536.24,2838.9672
000869.SZ,20011227,4.0949,4.1281,4.0373,4.117,4.086,0.030999999999999694,0.7587,1906.19,3521.4559
000869.SZ,20011226,3.9842,4.0882,3.9842,4.086,4.013,0.0730000000000004,1.8191,1126.27,2058.2794
000869.SZ,20011225,3.9598,4.024,3.8979,4.013,3.9377,0.07529999999999992,1.9123,1383.28,2464.0702
000869.SZ,20011224,4.0285,4.0506,3.8979,3.9377,4.0262,-0.08850000000000025,-2.1981,2888.36,5181.5222
000869.SZ,20011221,3.9532,4.0373,3.951,4.0262,3.9775,0.04870000000000019,1.2244,2057.02,3725.9125
000869.SZ,20011220,3.92,4.0727,3.8691,3.9775,3.9266,0.050899999999999945,1.2963,5970.12,10669.6092
000869.SZ,20011219,3.9399,3.9886,3.9244,3.9266,3.9421,-0.015499999999999847,-0.3932,590.0,1055.709
000869.SZ,20011218,3.8292,3.9466,3.8292,3.9421,3.8492,0.09289999999999976,2.4135,428.69,754.9823
000869.SZ,20011217,3.8957,3.9134,3.8071,3.8492,3.9178,-0.0686,-1.751,658.4,1148.99
000869.SZ,20011214,3.9266,3.951,3.8957,3.9178,3.9643,-0.046499999999999986,-1.173,770.5,1365.9335
000869.SZ,20011213,4.0506,4.0506,3.9643,3.9643,4.0617,-0.09739999999999993,-2.398,1061.0,1918.728
000869.SZ,20011212,4.0993,4.1126,4.0572,4.0617,4.1303,-0.0686,-1.6609,585.19,1078.3378
000869.SZ,20011211,4.1613,4.1768,4.1281,4.1303,4.1745,-0.04420000000000002,-1.0588,669.0,1253.9436
000869.SZ,20011210,4.1347,4.2055,4.1258,4.1745,4.1347,0.0398000000000005,0.9626,558.51,1048.9587
000869.SZ,20011207,4.0749,4.19,4.0749,4.1347,4.1745,-0.0398000000000005,-0.9534,604.0,1133.383
000869.SZ,20011206,4.1214,4.1834,4.1192,4.1745,4.1502,0.02430000000000021,0.5855,976.56,1831.3839
000869.SZ,20011205,4.1126,4.2387,4.0949,4.1502,4.1104,0.03979999999999961,0.9683,2444.16,4628.497
000869.SZ,20011204,4.1281,4.1281,4.0904,4.1104,4.0904,0.020000000000000462,0.4889,559.5,1037.096
000869.SZ,20011203,4.0904,4.1413,4.0639,4.0904,4.0683,0.02210000000000001,0.5432,1453.4,2695.7185
000869.SZ,20011130,4.0506,4.0683,4.0152,4.0683,4.0351,0.033199999999999896,0.8228,1214.0,2210.9062
000869.SZ,20011129,4.0506,4.0506,4.024,4.0351,4.0417,-0.006599999999999717,-0.1633,842.16,1535.4352
000869.SZ,20011128,4.0506,4.0617,4.0262,4.0417,4.0063,0.03539999999999921,0.8836,1046.0,1911.072
000869.SZ,20011127,4.0174,4.0285,3.9842,4.0063,3.9953,0.011000000000000565,0.2753,463.92,838.1944
000869.SZ,20011126,4.0506,4.0727,3.9908,3.9953,4.0506,-0.05530000000000035,-1.3652,455.39,824.7402
000869.SZ,20011123,3.9842,4.0617,3.9443,4.0506,4.0329,0.017700000000000493,0.4389,1844.1,3360.8242
000869.SZ,20011122,3.9289,4.0329,3.9289,4.0329,3.9731,0.05979999999999963,1.5051,2550.49,4612.9382
000869.SZ,20011121,3.9621,3.9886,3.9178,3.9731,3.9621,0.01100000000000012,0.2776,1643.09,2953.18
000869.SZ,20011120,3.8846,3.9842,3.8558,3.9621,3.8492,0.11289999999999978,2.9331,2239.02,3992.3738
000869.SZ,20011119,3.8071,3.8492,3.785,3.8492,3.8027,0.046499999999999986,1.2228,1073.29,1855.9032
000869.SZ,20011116,3.9953,4.0351,3.785,3.8027,3.6699,0.13280000000000003,3.6186,4282.22,7555.3504
000869.SZ,20011115,3.6964,3.7252,3.6455,3.6699,3.6964,-0.026499999999999968,-0.7169,709.5,1174.847
000869.SZ,20011114,3.6964,3.7186,3.6522,3.6964,3.6964,0.0,0.0,552.0,919.021
000869.SZ,20011113,3.7186,3.7584,3.692,3.6964,3.7584,-0.06199999999999983,-1.6496,471.0,791.531
000869.SZ,20011112,3.8292,3.8625,3.7584,3.7584,3.7894,-0.03100000000000014,-0.8181,294.0,506.374
000869.SZ,20011109,3.723,3.8292,3.7186,3.7894,3.7296,0.059800000000000075,1.6034,699.08,1187.9438
000869.SZ,20011108,3.588,3.7407,3.5747,3.7296,3.7274,0.002200000000000202,0.059,941.0,1565.0686
000869.SZ,20011107,3.9399,3.9399,3.7186,3.7274,3.9399,-0.21250000000000036,-5.3935,1076.2,1839.6416
000869.SZ,20011106,3.9399,3.9842,3.9222,3.9399,3.9576,-0.017699999999999605,-0.4472,302.5,539.242
000869.SZ,20011105,4.0373,4.0373,3.9443,3.9576,4.0063,-0.04870000000000063,-1.2156,444.45,795.3662
000869.SZ,20011102,4.0528,4.0528,3.993,4.0063,4.0506,-0.044299999999999784,-1.0937,396.0,718.292
000869.SZ,20011101,4.0727,4.0949,4.0174,4.0506,4.0174,0.033199999999999896,0.8264,466.4,852.0832
000869.SZ,20011031,3.9665,4.0727,3.9598,4.0174,4.0772,-0.059800000000000075,-1.4667,760.5,1370.375
000869.SZ,20011030,4.1081,4.1834,4.0727,4.0772,4.1081,-0.030899999999999928,-0.7522,267.7,496.5612
000869.SZ,20011029,4.1059,4.1281,4.0727,4.1081,4.0971,0.01100000000000012,0.2685,385.18,714.0544
000869.SZ,20011026,3.9598,4.1258,3.9598,4.0971,3.993,0.1041000000000003,2.6071,2108.26,3846.564
000869.SZ,20011025,4.1391,4.1391,3.9842,3.993,4.1591,-0.1660999999999997,-3.9937,2275.0,4165.5328
000869.SZ,20011024,4.1613,4.2609,4.0063,4.1591,3.9399,0.2191999999999994,5.5636,6371.95,11916.5797
000869.SZ,20011023,3.9355,3.9399,3.7363,3.9399,3.5813,0.35860000000000003,10.0131,4880.53,8659.1391
000869.SZ,20011019,3.7385,3.754,3.5548,3.5813,3.754,-0.17269999999999985,-4.6004,1965.0,3220.7235
000869.SZ,20011018,3.7584,3.8005,3.7407,3.754,3.7806,-0.02660000000000018,-0.7036,834.0,1417.2415
000869.SZ,20011017,3.8093,3.8735,3.7628,3.7806,3.9067,-0.12609999999999966,-3.2278,819.0,1411.203
000869.SZ,20011016,3.9842,4.0218,3.8957,3.9067,3.9421,-0.0354000000000001,-0.898,483.0,859.1844
000869.SZ,20011015,4.0285,4.0285,3.8957,3.9421,4.0417,-0.09959999999999969,-2.4643,643.9,1154.069
000869.SZ,20011012,3.9111,4.1126,3.7208,4.0417,3.9399,0.10179999999999945,2.5838,3000.7,5263.6537
000869.SZ,20011011,4.0727,4.117,3.8735,3.9399,4.055,-0.11509999999999954,-2.8385,1844.5,3301.051
000869.SZ,20011010,4.3693,4.3693,4.0285,4.055,4.3273,-0.27230000000000043,-6.2926,1536.0,2915.289
000869.SZ,20011009,4.3051,4.3715,4.2719,4.3273,4.3162,0.011099999999999888,0.2572,523.0,1021.295
000869.SZ,20011008,4.449,4.449,4.2719,4.3162,4.4446,-0.12840000000000007,-2.8889,751.0,1474.4625
000869.SZ,20010928,4.4623,4.4866,4.4313,4.4446,4.4601,-0.015499999999999403,-0.3475,599.5,1205.073
000869.SZ,20010927,4.449,4.4977,4.4424,4.4601,4.4756,-0.015500000000000291,-0.3463,483.39,976.5554
000869.SZ,20010926,4.4822,4.5353,4.4379,4.4756,4.4534,0.022199999999999775,0.4985,793.91,1605.5002
000869.SZ,20010925,4.449,4.4911,4.449,4.4534,4.449,0.004400000000000404,0.0989,261.5,526.759
000869.SZ,20010924,4.4291,4.4579,4.4291,4.449,4.4579,-0.008900000000000574,-0.1996,470.7,944.6595
000869.SZ,20010921,4.4933,4.4933,4.4424,4.4579,4.48,-0.02210000000000001,-0.4933,1335.4,2688.1136
000869.SZ,20010920,4.5331,4.5575,4.4711,4.48,4.5309,-0.0508999999999995,-1.1234,695.0,1417.788
000869.SZ,20010919,4.4933,4.5331,4.4933,4.5309,4.4933,0.0376000000000003,0.8368,411.1,837.629
000869.SZ,20010918,4.5154,4.5375,4.4711,4.4933,4.4623,0.030999999999999694,0.6947,393.2,797.136
000869.SZ,20010917,4.4933,4.4933,4.449,4.4623,4.4822,-0.019899999999999807,-0.444,1222.8,2468.7177
000869.SZ,20010914,4.5597,4.5708,4.4645,4.4822,4.5575,-0.07530000000000037,-1.6522,1736.0,3530.755
000869.SZ,20010913,4.584,4.5995,4.5375,4.5575,4.5774,-0.019899999999999807,-0.4347,867.2,1792.8405
000869.SZ,20010912,4.5375,4.6482,4.2564,4.5774,4.6681,-0.0907,-1.943,1820.73,3752.8444
000869.SZ,20010911,4.6526,4.7146,4.6261,4.6681,4.6504,0.017699999999999605,0.3806,2649.5,5594.6007
000869.SZ,20010910,4.4468,4.6659,4.4468,4.6504,4.5265,0.1238999999999999,2.7372,1709.59,3544.028
000869.SZ,20010907,4.6659,4.6659,4.5198,4.5265,4.6217,-0.09519999999999929,-2.0598,631.71,1300.2067
000869.SZ,20010906,4.6593,4.6836,4.6128,4.6217,4.6526,-0.030899999999999928,-0.6641,345.0,722.853
000869.SZ,20010905,4.6482,4.7368,4.6482,4.6526,4.6349,0.017699999999999605,0.3819,1041.5,2200.9076
000869.SZ,20010904,4.6017,4.6438,4.5375,4.6349,4.5353,0.09959999999999969,2.1961,507.3,1050.3414
000869.SZ,20010903,4.5375,4.604,4.5265,4.5353,4.5619,-0.02659999999999929,-0.5831,425.2,871.597
000869.SZ,20010831,4.5265,4.5685,4.5265,4.5619,4.5265,0.03539999999999921,0.7821,256.98,528.5542
000869.SZ,20010830,4.542,4.5553,4.5043,4.5265,4.5575,-0.030999999999999694,-0.6802,454.78,931.3901
000869.SZ,20010829,4.5818,4.604,4.5154,4.5575,4.5597,-0.002200000000000202,-0.0482,1050.0,2159.3635
000869.SZ,20010828,4.5154,4.5597,4.4579,4.5597,4.5154,0.04430000000000067,0.9811,1211.3,2465.4684
000869.SZ,20010827,4.6593,4.6593,4.5043,4.5154,4.6704,-0.15500000000000025,-3.3188,1587.06,3267.5741
000869.SZ,20010824,4.6858,4.781,4.6526,4.6704,4.6836,-0.013200000000000323,-0.2818,604.5,1280.07
000869.SZ,20010823,4.6482,4.6925,4.615,4.6836,4.6792,0.004400000000000404,0.094,884.0,1860.1255
000869.SZ,20010822,4.7855,4.7855,4.6593,4.6792,4.77,-0.09079999999999977,-1.9036,1146.0,2431.5855
000869.SZ,20010821,4.7545,4.8032,4.7545,4.77,4.7368,0.033199999999999896,0.7009,617.56,1330.6412
000869.SZ,20010820,4.7589,4.7589,4.7058,4.7368,4.7058,0.030999999999999694,0.6588,430.89,919.8779
000869.SZ,20010817,4.6482,4.7368,4.6239,4.7058,4.7146,-0.008799999999999919,-0.1867,607.99,1292.2285
000869.SZ,20010816,4.7766,4.7766,4.6969,4.7146,4.7722,-0.057599999999999874,-1.207,592.0,1262.937
000869.SZ,20010815,4.7146,4.7722,4.6482,4.7722,4.7058,0.06639999999999979,1.411,1270.83,2694.8356
000869.SZ,20010814,4.8209,4.8209,4.6903,4.7058,4.8054,-0.09959999999999969,-2.0727,1703.0,3653.351
000869.SZ,20010813,4.8696,4.9138,4.7987,4.8054,4.7323,0.07309999999999928,1.5447,2053.0,4482.6042
000869.SZ,20010810,4.7191,4.7589,4.6814,4.7323,4.7036,0.028700000000000614,0.6102,1404.42,3004.055
000869.SZ,20010809,4.5774,4.7589,4.5774,4.7036,4.5265,0.17709999999999937,3.9125,2010.13,4266.822
000869.SZ,20010808,4.5597,4.5774,4.4756,4.5265,4.4689,0.05760000000000076,1.2889,839.0,1709.0166
000869.SZ,20010807,4.4534,4.5287,4.4269,4.4689,4.4579,0.010999999999999233,0.2468,2112.56,4256.5553
000869.SZ,20010806,4.5818,4.5818,4.449,4.4579,4.5929,-0.1349999999999998,-2.9393,1975.43,4008.8216
000869.SZ,20010803,4.6239,4.6261,4.5597,4.5929,4.6239,-0.030999999999999694,-0.6704,815.0,1693.393
000869.SZ,20010802,4.6814,4.6925,4.5043,4.6239,4.677,-0.0530999999999997,-1.1353,1306.0,2701.89
000869.SZ,20010801,4.5375,4.7036,4.5375,4.677,4.5021,0.17489999999999917,3.8849,3242.82,6771.217
000869.SZ,20010731,4.6194,4.6925,4.4269,4.5021,4.6239,-0.12179999999999946,-2.6341,6302.1,12916.0784
000869.SZ,20010730,4.9138,4.9138,4.6217,4.6239,4.9249,-0.30100000000000016,-6.1118,2495.0,5309.5847
000869.SZ,20010727,4.9028,5.0599,4.9028,4.9249,4.9205,0.004400000000000404,0.0894,1596.5,3555.144
000869.SZ,20010726,5.0798,5.0798,4.573,4.9205,5.0798,-0.1593,-3.136,2555.5,5597.5669
000869.SZ,20010725,5.1064,5.1573,5.0688,5.0798,5.1197,-0.03990000000000027,-0.7793,904.0,2083.5598
000869.SZ,20010724,5.113,5.1684,5.0821,5.1197,5.1529,-0.033199999999999896,-0.6443,919.51,2123.1591
000869.SZ,20010723,5.175,5.2016,5.0909,5.1529,5.1839,-0.031000000000000583,-0.598,1248.0,2899.9798
000869.SZ,20010720,5.4296,5.4296,4.9714,5.1839,4.9869,0.19700000000000006,3.9503,8370.89,19815.155
000869.SZ,20010719,5.0157,5.0157,4.9492,4.9869,4.947,0.03990000000000027,0.8065,344.0,773.169
000869.SZ,20010718,4.9116,4.978,4.9116,4.947,4.9094,0.0376000000000003,0.7659,703.51,1567.9817
000869.SZ,20010717,4.9072,4.9581,4.8762,4.9094,4.9581,-0.04870000000000019,-0.9822,1641.0,3627.6786
000869.SZ,20010716,5.0466,5.133,4.9581,4.9581,5.0466,-0.0884999999999998,-1.7537,1486.78,3359.1806
000869.SZ,20010713,5.071,5.113,5.0422,5.0466,5.071,-0.024399999999999977,-0.4812,1052.5,2410.0525
000869.SZ,20010712,5.0931,5.0953,5.0356,5.071,5.1175,-0.046499999999999986,-0.9086,988.85,2258.6677
000869.SZ,20010711,5.1972,5.2436,5.113,5.1175,5.1308,-0.01330000000000009,-0.2592,726.5,1684.579
000869.SZ,20010710,5.1794,5.1905,5.0953,5.1308,5.1507,-0.019899999999999807,-0.3864,680.0,1574.82
000869.SZ,20010709,5.0666,5.3123,5.0311,5.1507,5.0798,0.07089999999999996,1.3957,671.67,1557.7196
000869.SZ,20010706,5.0909,5.1108,5.0356,5.0798,5.1153,-0.03550000000000075,-0.694,1713.5,3925.8043
000869.SZ,20010705,5.2126,5.2126,5.0909,5.1153,5.2259,-0.11059999999999981,-2.1164,2673.02,6205.7846
000869.SZ,20010704,5.2458,5.3123,5.2016,5.2259,5.2458,-0.019899999999999807,-0.3794,950.0,2252.827
000869.SZ,20010703,5.2481,5.268,5.2237,5.2458,5.2458,0.0,0.0,1181.49,2796.3148
000869.SZ,20010702,5.268,5.2791,5.2348,5.2458,5.2636,-0.01780000000000026,-0.3382,1127.5,2674.1505
000869.SZ,20010629,5.3123,5.3233,5.2547,5.2636,5.2945,-0.030899999999999928,-0.5836,1565.19,3730.0445
000869.SZ,20010628,5.3012,5.3056,5.2901,5.2945,5.299,-0.0045000000000001705,-0.0849,1661.77,3975.5771
000869.SZ,20010627,5.3499,5.3565,5.2768,5.299,5.3499,-0.0508999999999995,-0.9514,2317.74,5553.051
000869.SZ,20010626,5.3565,5.4119,5.3012,5.3499,5.3455,0.004399999999999515,0.0823,4861.05,11752.3287
000869.SZ,20010625,5.2791,5.3632,5.2436,5.3455,5.2193,0.12620000000000076,2.4179,3277.93,7894.7149
000869.SZ,20010622,5.1823,5.2591,5.1779,5.2218,5.1669,0.05489999999999995,1.0625,1517.5,3608.323
000869.SZ,20010621,5.1559,5.1713,5.1383,5.1669,5.1493,0.017599999999999838,0.3418,1953.83,4587.6877
000869.SZ,20010620,5.1888,5.1888,5.1383,5.1493,5.1845,-0.035199999999999676,-0.6789,1207.29,2837.6929
000869.SZ,20010619,5.1559,5.1998,5.1471,5.1845,5.1691,0.015399999999999636,0.2979,1904.5,4492.097
000869.SZ,20010618,5.2877,5.3491,5.1383,5.1691,5.2877,-0.11859999999999982,-2.2429,4937.0,11814.453
000869.SZ,20010615,5.235,5.2921,5.1823,5.2877,5.2481,0.03960000000000008,0.7546,3328.57,7933.7234
000869.SZ,20010614,5.3799,5.3887,5.2437,5.2481,5.3755,-0.12739999999999974,-2.37,5803.32,14063.1544
000869.SZ,20010613,5.2635,5.3799,5.2459,5.3755,5.2415,0.13399999999999945,2.5565,10390.32,25097.7149
000869.SZ,20010612,5.1493,5.2723,5.1493,5.2415,5.1559,0.08560000000000034,1.6602,8190.82,19533.6034
000869.SZ,20010611,5.1757,5.1779,5.1142,5.1559,5.1757,-0.01980000000000004,-0.3826,1780.01,4175.3534
000869.SZ,20010608,5.1164,5.1845,5.1164,5.1757,5.1823,-0.006599999999999717,-0.1274,1822.94,4283.2778
000869.SZ,20010607,5.1603,5.2591,5.0176,5.1823,5.1823,0.0,0.0,4131.71,9801.476
000869.SZ,20010606,5.2152,5.2481,5.1625,5.1823,5.2152,-0.032900000000000595,-0.6308,2267.3,5364.4618
000869.SZ,20010605,5.1932,5.2415,5.1383,5.2152,5.1625,0.052700000000000635,1.0208,3566.82,8448.8675
000869.SZ,20010604,5.0505,5.2481,5.0176,5.1625,5.0373,0.12519999999999953,2.4855,6036.04,14228.4443
000869.SZ,20010601,5.022,5.0725,4.9846,5.0373,5.022,0.01529999999999987,0.3047,1301.0,2984.9243
000869.SZ,20010531,5.0725,5.0944,5.0176,5.022,5.0505,-0.028500000000000192,-0.5643,1849.0,4251.501
000869.SZ,20010530,4.9868,5.0615,4.9868,5.0505,4.9868,0.06370000000000076,1.2774,1428.27,3275.7993
000869.SZ,20010529,5.0505,5.0725,4.9846,4.9868,5.0593,-0.07250000000000068,-1.433,2452.3,5618.348
000869.SZ,20010528,5.1274,5.1383,5.0461,5.0593,5.1274,-0.06809999999999938,-1.3282,2014.8,4646.904
000869.SZ,20010525,5.0725,5.1537,5.0198,5.1274,5.1098,0.017599999999999838,0.3444,1148.35,2669.042
000869.SZ,20010523,5.2701,5.2701,5.0681,5.1098,5.2481,-0.1383000000000001,-2.6352,2878.0,6761.7025
000869.SZ,20010522,5.314,5.314,5.1603,5.2481,5.2262,0.021899999999999586,0.419,3651.68,8726.6903
000869.SZ,20010521,5.1581,5.2437,5.1581,5.2262,5.1361,0.09010000000000051,1.7542,4479.85,10649.7942
000869.SZ,20010518,5.0527,5.1427,5.0527,5.1361,5.0725,0.0636000000000001,1.2538,3244.8,7553.4413
000869.SZ,20010517,5.1208,5.1383,5.0505,5.0725,5.1186,-0.04610000000000003,-0.9006,2432.5,5626.2381
000869.SZ,20010516,5.0505,5.1691,5.0505,5.1186,5.0505,0.06809999999999938,1.3484,4341.04,10102.4691
000869.SZ,20010515,5.0966,5.1054,5.0395,5.0505,5.0922,-0.041699999999999626,-0.8189,2820.45,6512.0572
000869.SZ,20010514,5.0176,5.1054,5.0132,5.0922,5.011,0.08119999999999994,1.6204,4952.78,11454.7871
000869.SZ,20010511,5.0198,5.0285,5.0,5.011,5.0176,-0.006599999999999717,-0.1315,1484.0,3387.464
000869.SZ,20010510,4.9736,5.0285,4.9517,5.0176,5.0066,0.01100000000000012,0.2197,971.0,2207.0
000869.SZ,20010509,5.0527,5.0527,4.9978,5.0066,5.0461,-0.03950000000000031,-0.7828,1641.1,3756.7077
000869.SZ,20010508,4.9627,5.0725,4.9627,5.0461,4.9583,0.08779999999999966,1.7708,2348.33,5386.1007
000869.SZ,20010430,4.9407,4.9736,4.9319,4.9583,4.9429,0.015400000000000524,0.3116,1333.0,3012.0
000869.SZ,20010427,4.9297,4.9517,4.9188,4.9429,4.9297,0.013199999999999434,0.2678,1385.05,3114.6458
000869.SZ,20010426,4.9188,4.9802,4.9188,4.9297,4.9627,-0.032999999999999474,-0.665,2202.55,4955.9304
000869.SZ,20010425,5.0285,5.0505,4.9517,4.9627,5.0242,-0.061500000000000554,-1.2241,2555.2,5801.5792
000869.SZ,20010424,5.0769,5.112,4.9846,5.0242,5.0725,-0.04829999999999934,-0.9522,3240.0,7460.0
000869.SZ,20010423,4.9736,5.0747,4.9736,5.0725,4.9671,0.1053999999999995,2.122,4339.15,9923.9018
000869.SZ,20010420,4.8704,5.0242,4.8573,4.9671,4.8748,0.09230000000000071,1.8934,3705.39,8403.7734
000869.SZ,20010419,4.9188,4.9188,4.8529,4.8748,4.9209,-0.04610000000000003,-0.9368,2471.2,5482.2034
000869.SZ,20010418,4.9956,4.9956,4.9188,4.9209,4.9802,-0.05930000000000035,-1.1907,2137.8,4814.977
000869.SZ,20010417,5.011,5.011,4.9451,4.9802,4.989,-0.008799999999999919,-0.1764,2406.01,5464.6848
000869.SZ,20010416,4.9188,5.0307,4.9056,4.989,4.9012,0.08779999999999966,1.7914,3413.2,7729.7361
000869.SZ,20010413,4.8792,4.9122,4.8617,4.9012,4.877,0.024200000000000443,0.4962,1306.94,2905.7032
000869.SZ,20010412,4.8639,4.9078,4.8573,4.877,4.8682,0.008799999999999919,0.1808,1774.4,3940.9074
000869.SZ,20010411,4.9144,4.9144,4.8331,4.8682,4.91,-0.04180000000000028,-0.8513,2134.12,4722.4386
000869.SZ,20010410,4.9078,4.9407,4.9078,4.91,4.9078,0.002200000000000202,0.0448,867.5,1944.4932
000869.SZ,20010409,4.9385,4.9385,4.8309,4.9078,4.9451,-0.03730000000000011,-0.7543,1330.71,2963.1918
000869.SZ,20010406,4.9846,5.0242,4.9407,4.9451,4.9758,-0.030699999999999505,-0.617,1503.0,3408.3005
000869.SZ,20010405,4.8814,4.9846,4.8704,4.9758,4.9275,0.04829999999999934,0.9802,2028.78,4539.6641
000869.SZ,20010404,5.0725,5.1164,4.9078,4.9275,5.0769,-0.14939999999999998,-2.9427,3283.8,7477.9708
000869.SZ,20010403,5.1098,5.1164,5.0307,5.0769,5.0395,0.03739999999999988,0.7421,5610.0,12930.2182
000869.SZ,20010402,4.8639,5.0725,4.8529,5.0395,4.8551,0.18440000000000012,3.7981,6756.78,15358.5736
000869.SZ,20010330,4.8309,4.9144,4.8309,4.8551,4.798,0.05710000000000015,1.1901,2753.23,6102.4658
000869.SZ,20010329,4.8595,4.8595,4.787,4.798,4.8595,-0.061499999999999666,-1.2656,2927.7,6417.3474
000869.SZ,20010328,4.8858,4.8968,4.8287,4.8595,4.8814,-0.021900000000000475,-0.4486,2654.85,5889.4066
000869.SZ,20010327,4.8507,4.8968,4.8199,4.8814,4.8573,0.024099999999999788,0.4962,3037.75,6749.3763
000869.SZ,20010326,4.787,4.8968,4.7453,4.8573,4.8024,0.05490000000000084,1.1432,2621.18,5787.2631
000869.SZ,20010323,4.8309,4.9078,4.798,4.8024,4.8155,-0.013100000000000556,-0.272,6257.42,13804.8877
000869.SZ,20010322,4.765,4.8507,4.765,4.8155,4.776,0.03950000000000031,0.8271,3688.84,8102.8374
000869.SZ,20010321,4.7365,4.7804,4.7233,4.776,4.7365,0.039499999999999424,0.8339,2505.9,5417.9162
000869.SZ,20010320,4.6552,4.7409,4.6377,4.7365,4.6377,0.09880000000000067,2.1304,3133.7,6708.4557
000869.SZ,20010319,4.6311,4.6552,4.5674,4.6377,4.6311,0.006599999999999717,0.1425,1726.5,3620.1315
000869.SZ,20010316,4.6377,4.6443,4.5894,4.6311,4.6399,-0.008799999999999919,-0.1897,1513.6,3184.166
000869.SZ,20010315,4.5894,4.6552,4.5696,4.6399,4.5564,0.08349999999999991,1.8326,2133.96,4495.3386
000869.SZ,20010314,4.5367,4.5652,4.5037,4.5564,4.5367,0.019700000000000273,0.4342,820.0,1698.771
000869.SZ,20010313,4.5608,4.5894,4.5125,4.5367,4.5586,-0.021900000000000475,-0.4804,1300.35,2695.5981
000869.SZ,20010312,4.5784,4.6091,4.5477,4.5586,4.5784,-0.01980000000000004,-0.4325,1193.0,2487.0465
000869.SZ,20010309,4.5718,4.6333,4.5257,4.5784,4.5784,0.0,0.0,2153.4,4475.268
000869.SZ,20010308,4.5059,4.5806,4.5059,4.5784,4.4928,0.08560000000000034,1.9053,1491.5,3100.799
000869.SZ,20010307,4.4686,4.5564,4.4686,4.4928,4.4686,0.024199999999999555,0.5416,1583.86,3258.8914
000869.SZ,20010306,4.5564,4.5564,4.4532,4.4686,4.5586,-0.08999999999999986,-1.9743,2533.85,5162.3282
000869.SZ,20010305,4.6794,4.6882,4.5235,4.5586,4.6618,-0.10320000000000018,-2.2137,2356.28,4902.7315
000869.SZ,20010302,4.7079,4.7079,4.6552,4.6618,4.6684,-0.006599999999999717,-0.1414,1501.34,3194.2565
000869.SZ,20010301,4.6113,4.6948,4.5916,4.6684,4.6201,0.04830000000000023,1.0454,2223.04,4680.2045
000869.SZ,20010228,4.7694,4.809,4.5894,4.6201,4.7211,-0.10099999999999998,-2.1393,4880.0,10428.5796
000869.SZ,20010227,4.4796,4.7211,4.4576,4.7211,4.4686,0.2524999999999995,5.6505,5807.94,12159.1164
000869.SZ,20010226,4.5015,4.5015,4.3917,4.4686,4.4554,0.013200000000000323,0.2963,3224.44,6526.1504
000869.SZ,20010223,4.3368,4.4576,4.3368,4.4554,4.3478,0.1075999999999997,2.4748,3885.75,7757.4734
000869.SZ,20010222,4.1744,4.3808,4.17,4.3478,4.383,-0.035199999999999676,-0.8031,6159.88,12051.9735
000869.SZ,20010221,4.7211,4.7321,4.3764,4.383,4.8617,-0.4786999999999999,-9.8464,13646.66,27879.7996
000869.SZ,20010220,4.9144,5.0395,4.8309,4.8617,4.8968,-0.03509999999999991,-0.7168,4596.8,10341.5151
000869.SZ,20010219,4.7387,4.9078,4.7387,4.8968,4.7387,0.15810000000000013,3.3364,1221.27,2701.0198
000869.SZ,20010216,4.8068,4.809,4.6311,4.7387,4.8112,-0.07250000000000068,-1.5069,1805.6,3888.0837
000869.SZ,20010215,4.888,4.888,4.8046,4.8112,4.888,-0.07679999999999954,-1.5712,1721.51,3786.0369
000869.SZ,20010214,4.9297,4.9363,4.8748,4.888,4.9517,-0.06369999999999987,-1.2864,820.42,1831.1001
000869.SZ,20010213,4.9407,4.9627,4.8968,4.9517,4.9341,0.017599999999999838,0.3567,1239.1,2785.4702
000869.SZ,20010212,4.8507,4.9407,4.809,4.9341,4.8529,0.08119999999999994,1.6732,1811.89,4000.2914
000869.SZ,20010209,4.7892,4.9363,4.7892,4.8529,4.809,0.04389999999999983,0.9129,2078.27,4579.1018
000869.SZ,20010208,4.9868,5.0483,4.765,4.809,4.9868,-0.17779999999999951,-3.5654,2189.0,4930.1979
000869.SZ,20010207,5.0505,5.0615,4.9736,4.9868,5.0439,-0.05710000000000015,-1.1321,1611.0,3667.7654
000869.SZ,20010206,5.1691,5.1691,4.9407,5.0439,5.2064,-0.16250000000000053,-3.1212,3091.93,7089.5776
000869.SZ,20010205,5.3909,5.4238,5.1603,5.2064,5.4018,-0.19539999999999935,-3.6173,2604.0,6271.7776
000869.SZ,20010119,5.3689,5.4414,5.3689,5.4018,5.3645,0.03730000000000011,0.6953,1382.21,3404.6814
000869.SZ,20010118,5.336,5.3909,5.336,5.3645,5.3272,0.03729999999999922,0.7002,1202.8,2934.6372
000869.SZ,20010117,5.3623,5.3953,5.3272,5.3272,5.3601,-0.03289999999999971,-0.6138,1648.7,4012.4147
000869.SZ,20010116,5.303,5.4194,5.303,5.3601,5.3206,0.03950000000000031,0.7424,2205.94,5362.104
000869.SZ,20010115,5.5226,5.5226,5.314,5.3206,5.527,-0.20640000000000036,-3.7344,3159.3,7776.5457
000869.SZ,20010112,5.4567,5.5665,5.4567,5.527,5.4633,0.06369999999999987,1.166,3306.2,8290.8485
000869.SZ,20010111,5.4919,5.5007,5.4502,5.4633,5.4897,-0.026399999999999757,-0.4809,4431.28,11017.0788
000869.SZ,20010110,5.5007,5.5336,5.4809,5.4897,5.4919,-0.002200000000000202,-0.0401,2808.0,7039.4418
000869.SZ,20010109,5.4458,5.5248,5.4458,5.4919,5.4655,0.026400000000000645,0.483,2368.39,5917.2682
000869.SZ,20010108,5.5578,5.5841,5.4502,5.4655,5.5512,-0.08570000000000011,-1.5438,3285.84,8216.2093
000869.SZ,20010105,5.527,5.5973,5.527,5.5512,5.527,0.024199999999999555,0.4379,2487.33,6284.8052
000869.SZ,20010104,5.5775,5.5951,5.5029,5.527,5.5599,-0.03289999999999971,-0.5917,3321.15,8391.3492
000869.SZ,20010103,5.4128,5.5731,5.4128,5.5599,5.4062,0.15369999999999973,2.843,8613.2,21711.2003
000869.SZ,20010102,5.4567,5.4567,5.3799,5.4062,5.4326,-0.026399999999999757,-0.486,5119.59,12599.8015
000869.SZ,20001229,5.3799,5.4348,5.3579,5.4326,5.3623,0.07029999999999959,1.311,1987.15,4878.3917
000869.SZ,20001228,5.3469,5.4128,5.3316,5.3623,5.3777,-0.015399999999999636,-0.2864,2216.9,5416.1415
000869.SZ,20001227,5.3799,5.3909,5.336,5.3777,5.3535,0.024199999999999555,0.452,2984.79,7273.2556
000869.SZ,20001226,5.3448,5.3799,5.3272,5.3535,5.3469,0.006600000000000605,0.1234,3341.26,8134.7627
000869.SZ,20001225,5.3887,5.4458,5.3316,5.3469,5.4084,-0.061500000000000554,-1.1371,3383.38,8273.1604
000869.SZ,20001222,5.4699,5.4897,5.4018,5.4084,5.4677,-0.059299999999999464,-1.0846,2169.0,5382.1301
000869.SZ,20001221,5.4458,5.5007,5.4414,5.4677,5.4414,0.02629999999999999,0.4833,3652.15,9098.9842
000869.SZ,20001220,5.4018,5.4633,5.3777,5.4414,5.4194,0.021999999999999353,0.4059,2040.5,5049.5875
000869.SZ,20001219,5.4414,5.4897,5.415,5.4194,5.4414,-0.021999999999999353,-0.4043,2071.5,5129.8939
000869.SZ,20001218,5.3799,5.4655,5.3755,5.4414,5.3733,0.06809999999999938,1.2674,2150.8,5303.5516
000869.SZ,20001215,5.3623,5.4172,5.3272,5.3733,5.3645,0.008800000000000807,0.164,2412.97,5876.2012
000869.SZ,20001214,5.4304,5.4633,5.3579,5.3645,5.4326,-0.06810000000000027,-1.2535,1741.8,4287.5823
000869.SZ,20001213,5.4831,5.4831,5.4238,5.4326,5.4809,-0.04830000000000023,-0.8812,1842.33,4566.328
000869.SZ,20001212,5.4458,5.4831,5.4018,5.4809,5.4458,0.03509999999999991,0.6445,1665.47,4131.2069
000869.SZ,20001211,5.4304,5.5314,5.3909,5.4458,5.4128,0.03300000000000036,0.6097,3370.95,8384.9134
000869.SZ,20001208,5.336,5.4326,5.325,5.4128,5.336,0.07679999999999954,1.4393,3399.07,8325.9524
000869.SZ,20001207,5.4018,5.4282,5.325,5.336,5.404,-0.06799999999999962,-1.2583,6250.0,15264.3821
000869.SZ,20001206,5.4831,5.4831,5.3975,5.404,5.4853,-0.0812999999999997,-1.4821,5865.0,14510.4428
000869.SZ,20001205,5.415,5.5556,5.415,5.4853,5.415,0.07029999999999959,1.2982,6777.27,16902.0878
000869.SZ,20001204,5.4809,5.516,5.4084,5.415,5.4787,-0.06369999999999987,-1.1627,9801.0,24311.7026
000869.SZ,20001201,5.4567,5.4787,5.4458,5.4787,5.4611,0.017599999999999838,0.3223,7265.3,18074.9542
000869.SZ,20001130,5.5051,5.527,5.437,5.4611,5.5051,-0.043999999999999595,-0.7993,7544.87,18795.2654
000869.SZ,20001129,5.6126,5.639,5.5007,5.5051,5.5995,-0.09440000000000026,-1.6859,9268.83,23330.2649
000869.SZ,20001128,5.5446,5.617,5.5446,5.5995,5.5468,0.05269999999999975,0.9501,3595.28,9156.4493
000869.SZ,20001127,5.6302,5.6653,5.5138,5.5468,5.6675,-0.12070000000000025,-2.1297,12086.42,30773.1452
000869.SZ,20001124,5.863,5.863,5.6544,5.6675,5.7576,-0.09009999999999962,-1.5649,9925.93,25917.8734
000869.SZ,20001123,5.7971,5.863,5.7488,5.7576,5.83,-0.07240000000000002,-1.2419,7269.97,19147.7107
000869.SZ,20001122,5.7532,5.8871,5.7093,5.83,5.8081,0.021900000000000475,0.3771,7374.26,19591.9189
000869.SZ,20001121,5.8674,5.8674,5.7971,5.8081,5.8674,-0.05930000000000035,-1.0107,5631.29,14954.0459
000869.SZ,20001120,5.83,5.9113,5.7137,5.8674,5.8322,0.035199999999999676,0.6035,8881.4,23348.3258
000869.SZ,20001117,5.8191,5.9223,5.8191,5.8322,5.8827,-0.050499999999999545,-0.8584,8588.0,22983.3224
000869.SZ,20001116,5.7532,5.9069,5.7422,5.8827,5.7598,0.12289999999999957,2.1338,13723.0,36578.8331
000869.SZ,20001115,5.7554,5.8081,5.7532,5.7598,5.7751,-0.01529999999999987,-0.2649,7839.0,20599.8827
000869.SZ,20001114,5.7861,5.8344,5.7181,5.7751,5.7861,-0.01100000000000012,-0.1901,5893.0,15475.1076
000869.SZ,20001113,5.6829,5.8849,5.6544,5.7861,5.6895,0.09660000000000046,1.6979,11734.0,30891.4827
000869.SZ,20001110,5.7839,5.7839,5.6763,5.6895,5.74,-0.05050000000000043,-0.8798,10219.0,26544.0822
000869.SZ,20001109,5.7883,5.7971,5.7093,5.74,5.7817,-0.041699999999999626,-0.7212,7710.0,20117.1284
000869.SZ,20001108,5.7049,5.8169,5.6653,5.7817,5.6829,0.09879999999999978,1.7385,7777.0,20441.2132
000869.SZ,20001107,5.7093,5.7268,5.6434,5.6829,5.7093,-0.026399999999999757,-0.4624,4361.0,11266.2143
000869.SZ,20001106,5.6653,5.7378,5.5907,5.7093,5.6675,0.04179999999999939,0.7375,8056.0,20724.3356
000869.SZ,20001103,5.7751,5.7751,5.661,5.6675,5.7246,-0.05709999999999926,-0.9974,9738.0,25211.4588
000869.SZ,20001102,5.8213,5.8388,5.6983,5.7246,5.7729,-0.04830000000000023,-0.8367,16692.0,43486.4364
000869.SZ,20001101,5.7093,5.7861,5.6653,5.7729,5.7268,0.04610000000000003,0.805,8760.0,22868.9019
000869.SZ,20001031,5.7751,5.9267,5.6434,5.7268,5.7729,-0.04610000000000003,-0.7986,17631.0,46617.7147
000869.SZ,20001030,5.841,5.9047,5.7115,5.7729,5.8454,-0.07249999999999979,-1.2403,25575.0,67350.8395
000869.SZ,20001027,6.0277,6.0826,5.8147,5.8454,6.177,-0.3315999999999999,-5.3683,54537.0,147205.5893
000869.SZ,20001026,5.4897,6.5854,5.2921,6.177,4.3917,1.7852999999999994,40.6517,170349.0,458693.7678
